0.84541971195722
1.5848388279700885
2.7573576236027293
1.7773508708633017
2.4339118106872775
2.018045442091534
1.7544318825821392
1.9308625793782994
1.6872150531416992
1.498043412080733
1.9651687291625421
2.498579964565579
2.918869901681319
3.4218865267466754
3.585007484187372
4.213753106072545
3.3490093086729757
3.785476807039231
4.266281695425278
3.4951471131353173
3.7501621731207706
3.323570913547883
4.142317544203252
3.981814719925751
3.738407978322357
4.551811125158565
4.081937004142674
4.15290512786305
3.575507471599849
3.668368954778998
4.328801524708979
4.164191796997329
4.0284210494864965
3.5530673486791784
3.612942667910829
4.138574083626736
3.569848995684879
4.20756029090262
3.2217915900837397
4.1074806359101785
4.517191325430758
4.531883934585494
3.763561677740654
3.9407484020048287
4.752931249633548
4.618286980170524
3.6099371604359476
4.013024648142164
4.120716762874508
3.2727539572370006
3.7678383520251373
4.460452964529395
3.884439868517802
4.088059456975316
4.6010233574634185
3.4689851118600927
3.697150450454501
4.111304018231749
4.050288312602788
3.775982927720179
4.072584435300087
4.181463917106157
3.6990939095412614
3.2554712149867555
3.6980230838962598
3.589833887468558
4.484897800037288
3.636249780320213
3.226855680535664
4.083423800271703
3.7026509463612456
3.4176256497739814
4.592600353746093
3.6458872794610215
4.268174776458181
4.4407089572632685
4.047145384756732
3.8965413118712604
4.099855907363235
3.7798693840013584
3.885415076103527
4.362198563918355
3.8891424708708655
3.976849401151412
4.209931933452026
4.115616106195375
4.0236905893543735
3.88721480195818
3.9672154815343674
4.286824037451879
4.089313236705493
3.722254936466925
3.6218441719393013
4.086990939627867
3.942116504156729
4.039463355962653
4.274710417041206
4.190572975814575
3.6800062663751305
4.530474769155262
3.7433872055262327
4.671501017524861
4.199314386554761
3.9171409411355853
4.370532255503349
4.28292545225122
3.96928048186237
3.973385509016225
4.582006157099386
3.3755979172274237
3.235452852299204
3.623611148810596
3.946958901899052
3.7039816754258936
3.682043712862651
3.4684104416373884
3.277491958317114
3.1683986057905713
3.8140723587421235
3.383205959748011
3.3789685796946287
4.0861318005481735
3.5226557398273144
3.7901665779354516
3.353400574880652
2.9931858167692553
3.3490568757697474
2.9564508726471104
2.9882658091082703
3.576701820100425
3.2092018847179133
3.5056364949559793
3.493788593041245
3.691421603260096
3.2290747681399807
3.1220918482285924
3.305024604429491
2.7684923413326032
2.7594037476810627
2.7423731921007857
2.024307515588589
1.190575370856095
1.2437891737790778
1.4845036680344492
0.9568423688178882
1.3434126829961315
1.7379715689457953
1.738944202370476
1.6634071700100321
2.275961735926103
2.388812159682857
2.413954357005423
3.134814746445045
2.9439617006573826
3.031456621014513
2.4221946882316843
3.01844790315954
2.6665841068024747
2.8714441682677716
2.3001813731971197
2.2317444718792103
1.939824492612388
1.7615078908856958
1.6680100720841438
1.3897729367017746
1.3483010465279222
1.3870775332325138
1.4747358048334718
1.58860001899302
1.7926631673472002
1.4167460183380172
1.6967269373708405
1.4193839491344988
1.3064518504252192
1.4064358728355728
1.5422246271627955
1.7132058965507895
1.6135608127806336
1.3844319085474126
1.2998731532716192
1.8219165765331127
1.6210267761489376
1.3271762210060842
1.4608306756126694
1.6882170034805313
1.5922246610862203
1.6708107660524547
1.5318456439417787
1.4605693569756113
1.3668714126106352
1.44537293742178
1.3963122130953707
1.4354839242296293
1.4112155734328553
1.237736247945577
1.5948749596718699
1.7395252180867828
1.4213633134495467
1.9507375554530881
1.7507763887406327
1.3127665831707418
1.7821926904725842
1.6080284311319701
1.3363837283104658
1.2985971274902113
1.3628890292020515
1.6041368333389983
1.529749569890555
1.565674855664838
1.8579035295406356
1.7733927671215497
2.002419411612209
1.373374193906784
1.7572678646538407
1.4735101301921532
1.859140980988741
1.8389690180774778
1.9762925731483847
1.648077615071088
1.677001258241944
1.6431205967674032
1.43163033912424
1.9333204558934085
1.7700899200281128
1.4621089379361365
1.8348435848602094
1.7868455898133107
1.5282370479835663
1.8091535784187727
1.3714828815718647
1.6684989689383656
1.5542770682368428
1.5775715163908899
1.4834068444906734
1.587464998010546
1.588837438262999
1.1870434620068409
1.4628051501931623
1.4616818873910233
1.627066779677989
1.5250874837802257
1.6751589350751601
1.6044977464189287
1.3480696349288337
1.5993745845626108
1.1302175507007632
1.6380285786581226
1.7135340754175559
1.3589930265152361
1.4920198603358585
1.350005608284846
1.2115906963008456
1.286498478235444
1.3220396863180213
1.5196024171891622
1.4729401772201527
1.463987619645195
1.060344641620759
1.560957831214182
1.2448359483387321
1.7512381608248688
1.18632108651218
1.4757546267064754
1.055776155058993
1.3811899158463348
1.415604995272588
1.3041191239026375
1.366912906174548
1.811073068587575
1.5127378785982728
1.149746571056312
1.0910928838711698
1.3686116469616536
1.3655947442748584
1.390437835972989
1.2104355017072521
1.4355150506307837
1.6453974058385938
1.2568261172273196
1.0527880793088116
1.1845170240849257
1.4531855515670031
1.091980013618013
1.0480508806649595
1.434545598051045
1.0570016626239291
1.324869990026153
1.018521106383932
1.1943873830550298
