0.009206605429881165
0.0011615253390573343
0.008514398640471654
0.011565702249413334
0.01212305889396248
0.022534571427854644
0.030126756374215802
0.03677591139660308
0.03892386208508469
0.04731697787781286
0.054295784089845256
0.08121607767157002
0.08758848209299686
0.11237643509548434
0.10742145194035402
0.1123347905090668
0.13070192406530623
0.17686272600712982
0.21283732017764123
0.19451866383542438
0.19611058254849922
0.2410310323793965
0.2543511827761904
0.22158038166980987
0.3282182401162572
0.3205368278509013
0.2796893021886717
0.31142547549825395
0.33299006521610863
0.3859058670632294
0.4198903935357521
0.3394807791337371
0.4639448613716013
0.5866191266331953
0.5761584808060434
0.6418104371023219
0.5298349284967117
0.5603070836305051
0.4564423478432218
0.6690772265528722
0.5678067333456056
0.8317058388583973
0.6618316190906626
0.8256662995590887
0.6319440687893803
0.7375505745494593
0.8148848603341321
0.7626958876680874
0.6683721707613586
0.9846712519793073
0.9125667837524816
0.720008251733816
0.8885173062608374
1.029358190986386
0.9229820954569732
1.0701298558960843
0.8515467713659746
0.9422072162287805
1.1195902975632634
1.0224000259768218
0.9001689006545348
1.1018512780556193
1.0005361006915336
1.30875038443628
1.3497339986206498
0.9403892505197291
1.0396614445162413
1.0480089947268425
1.1782003240659833
1.1869604088642518
1.3393732933836873
1.1372415867008385
1.2644294978417747
1.2543633645836962
1.0604286461239099
1.576934527445701
1.4157412871863926
1.1581058756128186
1.356105551290966
1.2230905603209976
1.355808965054166
1.4202754545258358
1.185269524306932
1.1900579067914805
1.2714607436646475
1.3168966801531496
1.6845720576384338
1.5679400842273026
1.3661486171840806
1.2627869645875762
1.5108446660015034
1.6035205836451496
1.399017203708354
1.475957874165033
1.5265780386689585
1.5692542423057603
1.5672096041671466
1.5557867430034094
1.3524149358418072
1.3000145910555148
1.5586073012891575
1.3418308393956977
0.9267018361933879
1.502048713635304
1.4086600719456328
1.5331067552469904
1.4412735020305263
1.5362047488597455
1.498344081286632
1.4592940936490777
1.2769035029996303
1.5132214130353532
1.3505041394964792
1.8569927702628775
1.4429165477922652
1.444091641333216
1.5403586624597665
1.5716445420621312
1.6523663591142395
1.5082444255967857
1.6473277553741354
1.804805363790365
1.7981288628507173
1.2170360118725512
1.7720022173889447
1.507365666271653
1.3761695805587806
1.6275633389159339
1.7986144885362592
1.765526060742559
1.6276876867195824
1.4243928667492582
1.6143805094470736
1.3815793556859717
1.2964616533135995
1.6436622937617358
1.6687174965045415
2.125375191884814
1.6449745498539414
1.707769891640055
1.5580078488128493
1.6321198007790372
1.7711847212776775
1.4082528141734656
1.4641801715333713
2.187681191979209
1.2675427713838872
1.7161434336740058
1.4071902694413438
1.3407209712459007
1.831046326435171
1.9842854249000084
1.2965771730087
1.7596888233383652
1.471852905699052
1.6024973400053568
1.529260667040944
1.180413141482859
1.5064657631737646
1.4324278635031078
1.4714707481034566
1.6936936371203046
1.5428864556306507
1.4050277491624001
1.5538442233810201
2.1307064886786975
1.2161398661555722
1.79415199617506
1.6657206529198447
1.773104296211386
1.7420762191759422
1.682516155851772
1.5162895318935625
1.8429736928083003
1.919298132910626
1.27291916689137
1.7971754505706485
1.6697553484118544
1.3964864540030248
1.323185686080251
1.5626451633288525
1.2946866825514007
1.2101034995284863
1.6306564601545688
2.1177961444773246
1.5132156428298913
1.7495311496313661
1.5093191316991579
1.3311809826118406
1.362387366447365
1.2305231972713955
1.477488111675484
1.2498395799630089
1.252772776701022
1.220365798275452
1.2256156966031995
1.2950710809673183
0.9356366462598089
1.1131259962567128
1.4603738270234317
1.556632306193933
1.1443700883246493
1.1188126329216175
1.006900614243932
1.1027563661918975
1.426216253254097
1.1065640099986922
1.2167502300872002
1.180219123401912
1.2355754720047116
1.3407483261835296
1.2808838837372605
1.1269821984751616
1.0474182738689706
0.8383196778013371
1.1099944439483806
1.238326231657993
0.9415883820329327
0.9771535042382311
1.0791827158536762
0.8506385905784555
1.0126630098966416
1.2176385768398177
0.9661826196825132
0.7242505976173561
0.937932652013842
0.8795227429945953
0.8105541140539572
0.8557983055070508
0.8512923312664498
1.0057858125073835
0.8568239301675931
0.6702379570197081
0.6257584467239212
0.5542726322601084
0.8735853372490965
0.7053896070865449
0.797097954316996
0.8484719303669408
0.6688931825920008
0.7708674566529226
0.8529843930737115
0.673966649454087
0.7969300547556486
0.8146643398504239
0.8151438663480803
0.76784719034913
0.8123937996570021
0.9247342564631253
0.5879110758542083
0.6536355047137477
0.8550537049013656
0.7881188782630488
1.0337315379583742
0.8491678455029614
0.6598616344272159
0.7277477675816044
0.8461801005760208
0.889357983978698
0.8963037963258103
0.6907881868828554
0.8406024454743601
0.9225376342074014
0.8705654274381232
0.8766797222197056
0.7317472844733857
0.834936055878643
0.7404704978616219
0.9701550402275221
0.675990566640623
0.7684818536453829
0.772052935933269
0.6527632234662067
0.7553249816666907
0.6671401153751245
0.9768160825639259
0.9915005236453428
0.6271141357133239
0.9009299878705674
1.0187875443673509
0.9735382895652703
0.7610194506196994
0.4724254193385755
0.977918411069733
0.650377821910569
0.632523323783255
0.9909245000169502
0.6296432499341139
0.6654725217619749
0.43153898382750083
0.6420620702441753
0.7175016866952885
