7.3707914
9.632445
11.06591
11.104294
14.190735
18.266678
21.814766
25.281332
28.386467
31.13386
32.44619
33.921898
35.2358
36.19899
37.28704
39.153004
41.325157
43.234524
45.255745
47.114025
49.418907
50.31775
51.952084
54.02341
55.44755
56.88129
58.388973
59.80848
62.323936
63.1305
64.57417
65.1497
66.468765
67.299255
68.59697
70.221634
70.97704
71.51138
71.859116
73.3407
74.57006
75.87408
76.030975
76.843666
77.288315
77.93782
77.97496
79.542175
80.118416
79.176476
79.399765
80.09307
80.7074
80.39742
81.20074
80.77217
80.520065
78.80201
78.70479
78.70183
79.62155
79.668976
78.38952
77.811966
78.225914
77.175354
77.908775
77.92972
77.01535
77.53041
77.1609
77.53142
76.156555
76.20606
76.04365
75.63182
75.739365
75.11337
75.540054
75.68034
74.763885
74.6487
74.681046
74.47047
73.21552
73.66759
74.407715
71.51224
71.219345
69.65282
72.1431
71.654
69.51393
69.75455
70.25966
69.02523
69.669975
68.11637
69.089264
70.288925
68.362
67.177605
68.72471
66.44182
65.66385
66.29495
66.37623
65.02333
64.362564
66.44917
63.79587
62.5797
62.490723
64.227745
63.45114
63.47049
62.982277
60.97265
62.690353
61.850952
62.567368
62.052895
62.087112
60.481483
61.015285
60.894073
59.144623
57.58251
59.65518
60.331047
58.067955
58.380646
57.43988
59.12245
55.44697
58.56758
57.307167
58.304688
56.847702
57.723442
56.345703
55.5149
54.704475
56.404198
53.28623
53.83181
54.490715
52.816303
53.08636
52.24701
52.978745
53.47692
53.582466
51.899586
50.624214
52.139496
52.608482
51.43548
48.961494
49.92502
49.896233
49.553688
48.22105
49.48078
48.203735
50.79591
48.021244
50.517944
47.435757
47.76004
46.329395
46.4497
48.120502
48.588963
44.222572
47.38231
45.504456
44.33706
46.770374
46.84677
45.282707
46.912674
45.69381
44.784225
42.548836
44.501144
44.01719
43.782898
44.62428
44.61215
43.32312
42.71673
43.480568
42.445503
42.405678
43.22747
42.0584
40.278954
42.59765
42.1736
42.754936
39.164696
42.870995
40.6826
41.159298
39.31986
41.39995
40.945953
40.34005
40.885998
40.0139
38.689438
37.501625
40.832047
39.69146
41.483456
40.286194
38.61917
39.66045
37.832188
36.83371
38.00347
38.47895
38.33577
40.840435
37.769775
37.78641
38.827423
37.055946
38.320763
36.655144
36.430946
35.907425
37.5542
37.25429
35.612843
37.529457
35.08911
36.46554
37.865913
36.87895
35.087875
36.097702
35.48063
34.627754
34.6539
35.560295
36.269928
35.61738
33.993988
35.535496
34.63806
36.490208
34.547863
36.369503
35.205826
33.861732
35.25218
35.08365
34.63766
33.740524
35.105625
36.61224
32.32423
34.443027
32.546577
36.031322
34.21363
36.423847
34.87312
32.7412
32.940384
33.506138
32.69156
32.920982
33.17306
32.507072
33.17746
31.318047
33.704277
32.01217
33.503292
32.298546
33.065975
32.530502
34.804535
33.00421
34.539078
33.59474
30.772066
35.08728
33.767418
33.542915
34.39048
32.340668
33.82689
33.0267
32.2268
33.672638
32.486458
33.321217
31.899635
32.31063
33.645252
34.090065
31.20091
31.61195
31.945444
31.25603
31.824512
30.362469
31.48398
32.813416
30.662174
31.48374
30.33355
31.134186
30.016148
31.436682
29.782234
29.980001
29.59881
28.418362
30.58945
30.183397
29.47452
31.12078
30.310432
28.851133
28.678726
30.860762
29.712284
28.200214
31.145473
29.5906
30.479057
27.640156
29.06485
27.171108
27.824032
27.629395
27.801697
26.643679
28.583199
29.536165
27.570843
26.472376
28.211323
27.928806
25.928858
26.890312
27.033941
29.053864
27.152786
27.704096
26.735176
27.798225
25.081703
26.251175
27.489529
24.873508
27.05727
25.433252
26.266611
26.37592
24.082582
25.004444
26.025356
25.244286
25.438776
26.397533
25.128294
25.81708
25.950623
25.528454
24.695677
25.816734
25.19928
24.196262
26.03628
24.243162
24.737648
25.37599
25.693432
25.373226
24.888054
24.413618
24.396439
24.729008
23.895832
24.004408
26.332
24.884302
25.394264
23.12014
22.753145
24.835602
22.741245
22.102661
23.82534
24.21661
23.794365
24.339434
24.817976
23.770962
21.397064
23.94762
23.587433
23.969212
23.988407
22.705173
21.658049
24.441555
24.207043
23.337711
22.781658
22.270145
24.428278
24.308739
23.628233
24.022045
22.874084
23.856533
22.785393
22.218912
25.150997
22.489513
23.870811
22.934984
22.38325
22.422558
22.537092
23.016148
22.585348
22.435614
21.523737
22.217274
23.002655
23.277472
22.828545
22.782219
23.399235
23.369162
22.571682
22.201584
22.955164
22.933641
22.441496
23.300512
22.112976
21.837118
21.890594
23.448729
21.892859
21.904858
22.608822
21.498562
22.492666
22.16594
21.386715
22.845966
21.51616
20.817465
21.067888
21.890778
21.725584
21.632246
22.127552
21.377766
22.99123
21.836454
22.147356
22.840443
21.801994
22.958721
22.562153
21.274338
21.532906
21.89205
21.067883
21.325481
21.166729
20.37344
21.57129
21.059963
20.71944
20.213577
20.71829
21.05364
23.274437
21.619877
21.959
21.067371
21.238247
20.87784
20.059633
20.918434
22.254204
20.999128
21.75836
21.87223
20.973412
21.17147
20.857279
21.28713
19.518711
21.751581
21.48454
21.053804
20.710415
21.280966
21.04398
20.987919
19.80442
21.11162
22.27046
21.740173
19.162342
19.209755
20.41112
20.4393
20.944347
20.2201
19.365253
20.335724
