0.47867777751525864
0.44326604722300544
0.32821502911974676
0.4444695336278528
0.3970516678527929
0.40238769009010866
0.36654681293293834
0.3726902728085406
0.36380495328921825
0.41919618303654715
0.4533287024241872
0.4078542575298343
0.4284318275167607
0.42757334269117564
0.37948871502885595
0.37124641466652974
0.3709673440316692
0.37676637462573126
0.41178555286023766
0.3833866221830249
0.4016444684821181
0.3747248817817308
0.39856651006266475
0.34868627932155505
0.3776220448780805
0.35296344838570803
0.3273156026843935
0.34957534045679495
0.32676408806582913
0.32076322997454554
0.34924210683675483
0.37635184335522354
0.3707416389952414
0.39409825881011784
0.3639943828457035
0.3647917042253539
0.36921257921494544
0.38334536127513275
0.3412907626479864
0.33886184176662937
0.39032135042361915
0.35677248932188377
0.31290578888729215
0.3461207530926913
0.36431112803984433
0.3385755702620372
0.31544058601139113
0.3674574827309698
0.3162102742935531
0.3555917826015502
0.34662302397191525
0.30997020850190893
0.3381270602112636
0.3688292763545178
0.36394439171999693
0.3473174037062563
0.35960944602265954
0.29021615121746436
0.2955818376503885
0.2949377638287842
0.3588317302055657
0.3282580958912149
0.31843493232736364
0.3098723794100806
0.31465583154931664
0.3286299674073234
0.30886171892052516
0.3369794087484479
0.3011738988570869
0.32719651685329154
0.2812692860607058
0.3466111489688046
0.33142315194709226
0.3129454181762412
0.29842982825357467
0.29116873641032726
0.283532683737576
0.305228803306818
0.31537828681757674
0.29901229206006974
0.3095065865200013
0.3087878283695318
0.29339056072058156
0.290593407524284
0.3081175434635952
0.31944474746705964
0.31659533153288066
0.29839232604717836
0.27676661079749465
0.2965861895936541
0.333355633483734
0.3317445003776811
0.3044182233279571
0.3088185141677968
0.28797750803641975
0.3149431751226075
0.2935099261812866
0.2892183720250614
0.28750238224165514
0.28882530878763646
0.2849732007016428
0.28701088519301265
0.2682921539526433
0.2886289513553493
0.2850933009176515
0.2725210650241934
0.27301974821602926
0.310275083174929
0.32051170809427276
0.2884609315660782
0.29616494139190763
0.2740157359512523
0.26284533069701865
0.26242440490750596
0.2833910085610114
0.2507179955719039
0.27259017032338306
0.27459869568701833
0.28390787774696946
0.30323174252407625
0.27732595487032086
0.2996804852155037
0.2988120480440557
0.2683214202406816
0.27178534562699497
0.2976286796038039
0.2687297738157213
0.2432572100078687
0.2732959747663699
0.2924690532963723
0.2726899172994308
0.2796793390298262
0.2780671008513309
0.2609948582248762
0.2553028261172585
0.2572568916948512
0.2795337038114667
0.26373246690491214
0.24918983899988234
0.24568099627504125
0.2545816882047802
0.26515306916553527
0.24391631013713777
0.2470535192405805
0.24370090482989326
0.2689254170982167
0.25958647922379896
0.2553873462602496
0.24721641780342907
0.24924268724862486
0.28591372387018055
0.2504134839400649
0.2429265592363663
0.2414126463700086
0.2673644842579961
0.24032503581838682
0.21427758125355467
0.23252217523986474
0.2618012046441436
0.2595853445236571
0.22649576497497037
0.22961786959785968
0.24581580382073298
0.24398803536314517
0.23782715800916776
0.26051447790814564
0.26367551065050066
0.20963095282786526
0.24505423323716968
0.23452218144666404
0.20346204232191667
0.23736963199917227
0.23597246664576232
0.26041562942555174
0.23060340317897499
0.23200923850527033
0.2360466085956432
0.25414632027968764
0.22110601438907906
0.2788605524110608
0.23315424751490355
0.2566781472414732
0.23295025393599644
0.22580676339566708
0.23284253885503858
0.24273648404050618
0.21893716685008258
0.21761739626526833
0.2357652570353821
0.21886984747834504
0.24117883818689734
0.20792571577476338
0.2078205969883129
0.20667860607500188
0.20599829067941755
0.23634759191190824
0.2231065314845182
0.2520198375568725
0.22979284537723288
0.20857023826101795
0.2158824947255198
0.2200101730413735
0.2343789557053242
0.20812869461951777
0.21832040429580957
0.19284226931631565
0.20494842866901308
0.2140739795868285
0.18937691039172933
0.22226545138983056
0.21673842816380784
0.2198646747856401
0.22184945503249764
0.2073757058242336
0.2139638995868154
0.21538155805319548
0.2163226888224017
0.22714037710102275
0.20852287448360585
0.196999913896434
0.20225051351008005
0.22303484202711843
0.21382517722668126
0.2370108169852756
0.2161748890648596
0.20589935983298346
0.19335526871145703
0.20941861905157566
0.20515423253527842
0.2256920983782038
0.19582218368304893
0.21180982212536037
0.20390626232256182
0.2072686318133492
0.21873553527984768
0.19829163805115968
0.21282910276204348
0.2218911729287356
0.20176990021718666
0.20619001280283555
0.203890296863392
0.1945470505161211
0.21983505581738427
0.19860260124551132
0.20603349356679246
0.2131435700575821
0.1989815093402285
0.18867468752432615
0.19149169739102945
0.21715559845324606
0.19898074981756508
0.18130346239195205
0.19951324764406309
0.19967513176379725
0.1827088147692848
0.18332812315202318
0.17740671249339357
0.17616077605634928
0.18820684601087123
0.19126817194046453
0.19717081385897473
0.18601361196488142
0.18585543060908094
0.1971934799803421
0.18948212533723563
0.18711023643845692
0.18097237328765914
0.19217440183274448
0.20024646137608215
0.18366157604032196
0.17953572410624474
0.19656018761452287
0.18595397792523727
0.1847728469001595
0.20215822866884992
0.18132287688786164
0.18044679332524538
0.19104793260339648
0.18970293676829897
0.2088602862204425
0.18825729051604867
0.19095582090085372
0.180394975701347
0.18418340894277208
0.16702578705735505
0.18529829260660335
0.1882961597875692
0.17224240026553161
0.19776498776627705
0.17533331544836983
0.2270308741426561
0.17885005436255597
0.1770914465014357
0.1901903451362159
0.19102183351060376
0.1987221536692232
0.18838202371262014
0.19544994409079663
0.22948374532279558
0.16820723679848015
0.19381181319477037
0.18741251103347167
0.19516745893633924
0.18255204835440964
0.17722290390520357
0.18170514091616496
0.1966477635432966
0.20470285415649414
0.1878962772898376
0.19439403197611682
0.1796768522763159
0.18360377184581012
0.18866146114305593
0.18638510402524844
0.19806508743204176
0.20257220335770398
0.18141013337299228
0.20450871880166233
0.16014104351052083
0.1857434212579392
0.18971332075307146
0.18948397107305937
0.1796305223251693
0.17330010153818876
0.19298094836995006
0.18552058492787182
0.19064625824103132
0.17243854576372541
0.1627292995690368
0.17474810450221412
0.1814338612020947
0.1609807260974776
0.18647085659904405
0.17849959421437234
0.16587733116466552
0.17362396215321496
0.18295087292790413
0.16324110017740168
0.18643794377567247
0.17548938922118396
0.18699356605065987
0.21283431712072343
0.19027670822106302
0.16456781080341898
0.19679405371425673
0.17110011764452793
0.1802498516626656
0.21037541489931755
0.16593610210111365
0.17521694229799323
0.16720187693135813
0.18729983802768402
0.17488912277622148
0.17228863679338247
0.1770880951662548
0.18843737765564583
0.17862118780612946
0.18718308565439656
0.18116669639130123
0.18899168833740987
0.19112764962483197
0.2015793557802681
0.15939029410947114
0.17728544134297408
0.19099726670538075
0.18891595452441834
0.1729747113713529
0.1780339935212396
0.1821264352183789
0.16516584178316407
0.1931809805391822
0.200893868051935
0.18273867064272054
0.17870032097562216
0.1689253207296133
0.17073403258109465
0.16909958331962116
0.16896593375713564
0.161350072856294
0.20139202545396984
0.17633754160488024
0.16816831403411925
0.18891973191057332
0.16480705418507569
0.17703084027743898
0.18269973652786575
0.15978252585045993
0.16414390731370077
0.16176657692994922
0.16575843808823265
0.17255522837513126
0.16051653149770573
0.1609480243641883
0.16838867793558165
0.16693802995723672
0.17236959768342786
0.16282544704154134
0.1751313883869443
0.1779718124307692
0.15424323116894811
0.16521671382361092
0.17551671629189514
0.18015692685730755
0.19302340515423566
0.1798199174227193
0.16778270358918235
0.16800384130328894
0.1818267912021838
0.19957323448034003
0.18039118073647842
0.17169319369713776
0.1726418754842598
0.16811823949683458
0.17837456453708
0.16597168799489737
0.16408345496165566
0.17397838001488708
0.18958881267462857
0.17642608468304388
0.16907940059900284
0.18147508343099616
0.16674470895668492
0.17863428144482896
0.17263153806561604
0.1755548128276132
0.17234255553921685
0.18303253868361935
0.17751380751724355
0.17695358497439884
0.17021342893713154
0.17962838674429804
0.17938371867057867
0.17605759827711154
0.17341212718747556
0.1762264862190932
0.1759919612959493
0.19383083347929642
0.1627953468123451
0.1823879023140762
0.17555832493235357
0.18557734455680475
0.16897127940319479
0.19366694238851778
0.1625713143730536
0.18176549609052017
0.18510920269181952
0.18402303307084367
0.1969593916728627
0.17956031661015004
0.16641251841792837
0.15917806926881894
0.18585684499703348
0.1760606539901346
0.1663253263104707
0.17317014691070653
0.18613156949868426
0.1647468595765531
0.16041805513668805
0.17891662716283463
0.16396568529307842
0.17996509210206568
0.1864585592993535
0.18126773118274286
0.16745713958516717
0.16824293095851317
0.17555099391029216
0.17854444283875637
0.1648607470560819
0.16544970258837566
0.18691572154057212
0.1885517529444769
0.16294620904955082
0.18992513269768097
0.17900551474303938
0.15620494689210318
0.16299455219996162
0.16443173569859937
0.17030173784587532
0.1850983172771521
0.16604585043387488
0.16502496553584933
0.1763012018345762
0.17246345654712059
0.1587019650323782
0.1692521362856496
0.1637999750673771
0.17076401397935115
0.17797134121065028
0.1952887121005915
0.17713214937248267
0.17080300574889407
0.17103198688710108
0.1722218790964689
0.16441970953019336
0.1716960717458278
0.16497702180640772
0.15882929763756692
0.19908813788788393
0.15834079279738944
0.16801701215445064
0.17871966064558364
0.17026241848361678
0.1739964670559857
0.16301668851519935
0.1720172456407454
0.1776618164149113
0.1922811294789426
0.1776274718286004
0.1637639009859413
0.17790198314469308
0.1675259539624676
0.15994693731772713
0.18512852778076194
0.1710363241727464
0.1717611611529719
0.15725939194089733
0.17363232147181407
0.16936737665673718
0.18347715947311372
0.16817217381321825
0.15942882985109463
0.17265420506009832
0.1500788923294749
0.17518962669419125
0.1534817081701476
0.15465696845785715
0.17227531498065218
0.1618475080758799
0.14997820573626086
0.1536697685951367
0.1567370516131632
0.15378213836811483
0.17164057062473148
0.1585603178536985
0.16198009075014852
0.14928171326755546
0.16722735774237663
0.17447662408812903
0.1534088043263182
0.15045023188577034
0.16707782945013605
0.15394573667435907
0.17122527313767932
0.1581805576424813
0.17349222177290358
0.16999905134434812
0.1456951099971775
0.16877117994590662
0.1706188852840569
0.14133978509926237
0.1631583179696463
0.14787493244512007
0.13545065521611832
0.1465897242014762
0.16561084461864084
0.18827627078280784
0.14157927958876826
0.1731800296693109
0.17643569014035165
0.14934492102474906
0.15362697061209474
0.1567075344210025
0.1895447002025321
0.1474173322203569
0.14642205854761414
0.15643887728219852
0.1522722412191797
0.15245862535084598
0.15917974017793313
0.1523426277562976
0.1413866446528118
0.15425652731209993
0.15085869014728814
0.15216752697597258
0.1562696593173314
0.1545280776626896
0.17819771080394275
0.1612586452101823
0.15617432945873588
0.15963915330939926
0.15838031048770063
0.16667992461589165
0.16335705990786664
0.1483118628966622
0.15911405379301868
0.1616409297566861
0.18392697148374282
0.16879796821740456
0.15431536725373007
0.15908511757152155
0.15711228275904432
0.13786282518412918
0.18028003405197524
0.15302809147397056
0.14385183734702878
0.1499673110083677
0.15960876579629257
0.16275201723328792
0.14940684603061527
0.15011471723846626
0.14943331960239448
0.14998356089927256
0.1605074079707265
0.15012542757904157
0.15432502792100422
0.14727189025143161
0.1566302111314144
0.14207314906525426
0.1392002426146064
0.16700992416008376
0.14331201804452576
0.16091109203989618
0.14314580522477627
0.15534789965022355
0.15008697878511157
0.1329365699493792
0.15592680676491
0.15125483469455503
0.16049943582038395
0.14263287201174535
0.16230581267154776
0.15193451367667876
0.15394673412083648
0.15385024109855294
0.17235696749412455
0.1557568916468881
0.14340605805045925
0.16521034378092736
0.15751401806483045
0.14833359693875536
0.14130000164732337
0.15196649698191322
0.14956298423931003
0.12959699696511962
0.14354925829684362
0.14665992665686645
0.13292486395221204
0.1566117466718424
0.14873595215613022
0.14681789158203173
0.14503704666276462
0.14590203092666343
0.15162677723856177
0.143490166097763
0.1572521434572991
0.14071384334238246
0.1627787979086861
0.1724105014873203
0.1535009596409509
0.1575964525109157
0.14596200830419548
0.14586918230634183
0.14011843653861433
0.15794944288791157
0.1605316929781111
0.15392986178630963
0.14124341754359193
0.15478435449767858
0.15018781651451718
0.16800137885729782
0.16256215491739567
0.14228428920614533
0.18085629606503062
0.14577185557573102
0.14912209624890238
0.14570572765660472
0.14211812820576597
0.15858721794211306
0.1682259015215095
0.15160922110953834
0.14944034439395182
0.15479992286418565
0.16599822483840398
0.1618356435210444
0.1567085773567669
0.15358679287601262
0.14067969779716805
0.15914926072582603
0.1587396640679799
0.15105416410369799
0.15398950477538165
0.157392281194916
0.15890144565491937
0.17540079960599542
0.15706254038377665
0.14339283556910232
0.1564250395167619
0.14647690785932355
0.14467203873209655
0.16095953743206337
0.15700207379995845
0.1544376105593983
0.15032459501526318
0.15675448789261281
0.1557373622781597
0.16400336340302601
0.14417862292611971
0.14889721071813256
0.14759696947294287
0.1493042693764437
0.16791714710416272
0.14944287698017433
0.1689943924138788
0.15264243948331568
0.13438520433555823
0.1467051448271377
0.16089085926068947
0.15185539910453372
0.1779946275637485
0.13920974501525052
0.1447240668348968
0.15341221992275678
0.14802814266295172
0.13510786922415718
0.14622279442846775
0.14115747525647748
0.15269425754377153
0.1596591663255822
0.1452451018121792
0.13568576356919948
0.14009895238268655
0.1567373491707258
0.1484188801405253
0.1629714060400147
0.15708255098434165
0.15557803462434094
0.1496619924728293
0.15370659857580904
0.15181638303329237
0.14319797628559172
0.16079890920082107
0.14522962298360653
0.1506692656839732
0.16423249748186208
0.1572350530186668
0.16149057012808044
0.12566618956043385
0.16352381475735456
0.18808653598534875
0.15551691051223315
0.15084537453367375
0.1401994934421964
0.15175013238331303
0.159573502081912
0.15887396223843098
0.1625871823343914
0.1618227567523718
0.14553935010917485
0.14555031529744156
0.16347584588220343
0.15754059351456817
0.1634417719033081
0.15817093489749823
0.17427565410616808
0.17216253203514498
0.152406705688918
0.1588553884794237
0.16154221360920928
0.14885958726517856
0.16749933260143735
0.16797867557033896
0.1645631918509025
0.15922263328684494
0.16356083704158664
0.1457418536010664
0.169878865708597
0.16859419099637307
0.16537847876315936
0.17609287280356511
0.18098637695948128
0.14601865869190078
0.16590843413723633
0.16090250892739277
0.1588522552337963
0.16733741565258242
0.17408040224108845
0.1710717878304422
0.17132008081534877
0.1749761386308819
0.17322019155835733
0.1782451860490255
0.16117688844678923
0.16268917373963632
0.1587327920133248
0.17647113527345937
0.17860642986488529
0.15893493115436286
0.16238266226719134
0.16471066500525922
0.16001923789735883
0.15818309302267153
0.14691620208031964
0.17070071451598778
0.17534310507471673
0.1660304625693243
0.14451816871587653
0.16923606369527988
0.14795670297462493
0.16299048278597184
0.15681926022807602
0.16529822841403075
0.16154932745848782
0.16421888006152585
0.1631849163386505
0.14023457001894712
0.15732588157698046
0.1626708906260319
0.1549090566841187
0.15941112957079895
0.15847638668492436
0.16791841978556477
0.15386244823457673
0.1494177989952732
0.1552194426622009
0.14825858161202632
0.16304165017209016
0.13631537597393617
0.160175546494429
0.15821608871920034
0.16344437407678925
0.16021623827691656
0.1646489572885912
0.16558740970504005
0.1611597521841759
0.1356777355686063
0.17029698261467274
0.17013645263796207
0.14913043212436605
0.15121296793222427
0.16163495049113408
0.15270584801328368
0.1617458136897767
0.16298384193214588
0.1501018621493131
0.1763090631866362
0.15221561543876305
0.16738061895011924
0.17744206864153966
0.15713824747945182
0.18407080019824207
0.17089776261127554
0.16271099852747284
0.1525504399323836
0.16712593112606555
0.15484628979174886
0.16864803590578958
0.1537521189166
0.1549362052755896
0.16709958913270384
0.1459053002326982
0.16515237955900375
0.16143577088951133
0.18020146623894107
0.16316795477177948
0.15445508115226403
0.16100896678108256
0.16389330785023049
0.1722347060276661
0.1757016073097475
0.17657917107862886
0.1765012190589914
0.16356833277677651
0.1827237502729986
0.18289305159123614
0.1644939612597227
0.15944812913949136
0.17631896445527673
0.1575019125302788
0.16868394988705404
0.17762255894194823
0.16704186945571564
0.1744427738012746
0.18720056366873905
0.16471491756965406
0.1815825782250613
0.17761854521813802
0.16701116028707474
0.17052887636236846
0.17052654872532003
0.15250223953626119
0.18085076106945053
0.1411530123295961
0.18264845713565592
0.16352803751942702
0.15861497940204572
0.1937970106373541
0.151408282094053
0.17375603471009526
0.16539913701126352
0.13752989350177813
0.17621344290091656
0.15717890587984584
0.1535099519242067
0.16943797474959865
0.16782053912174888
0.16281672683544457
0.1679257885698462
0.16194082381844055
0.18254876066930592
0.17075440369080752
0.17282547216746025
0.16816253738943487
0.15314435248728842
0.17556871243868954
0.16339936101576313
0.15636513619392645
0.1678451492334716
0.17832563511910848
0.19541637030488346
0.17951664159772918
0.16530986601719633
0.15687426587101072
0.16334666254988406
0.17817084284615703
0.15195387712446973
0.15977775907958858
0.16564247281348798
0.15840071366983466
0.17683049892366398
0.1772149040189106
0.15512197674252093
0.1531307523691794
0.16021729189378675
0.1588131099997554
0.15794037250452675
0.15390507085248828
0.19354443263728172
0.16976826450263616
0.1430944974272279
0.17011342545447405
0.16482885644654743
0.15867060021264479
0.15715225631720386
0.1640274888923159
0.1544484836194897
0.17472919121792074
0.17262574554479215
0.16477701216354035
0.16646045772358775
0.15007892918947618
0.15501819206110667
0.18380595967755653
0.16638165678887162
0.18903986779332627
0.1705832817533519
0.15580685730674304
0.1761980095761828
0.16773408600420225
0.1507814469950972
0.17873257157043554
0.15495755782467313
0.16355383617337793
0.16169758213800378
0.16632798948558047
0.16721900099946652
0.16856992966495454
0.17644767246383708
0.164123187030782
0.15936179063282907
0.16681616971618496
0.15981719554110896
0.1700086667551659
0.15634068247163668
0.17237065425433684
0.16717522498220205
0.1847224520315649
0.1530382882046979
0.16971917646878865
0.15433505437977146
0.15995288820704445
0.17123902318417095
0.1501536151045002
0.18754620432446245
0.16944413878081832
0.1519498129200656
0.14238400544854812
0.16512708170921542
0.17480399349005893
0.15380940023169387
0.1544640957727097
0.19236534873198252
0.17541676058317535
0.17058208849630319
0.15368367555493023
0.1769240203720983
0.19068284759123344
0.17047254325007088
0.17629745141312014
0.15433402579219546
0.16684998555865604
0.1685638791677775
0.16456799460866023
0.15941779161221348
0.17377253409358673
0.17635413382959086
0.14103257638635114
0.16105426584545057
0.15764963676338084
0.16592187638161704
0.1726088153955061
0.16836259643605445
0.1778597624215763
0.17226446350105107
0.1623673552821856
0.16721651563420892
0.15573021971795242
0.15408834208210465
0.16484079613292124
0.1709134360717144
0.17374906118493527
0.16005648828286212
0.15830518775328528
0.16628970016608946
0.17362379193946254
0.17194777536496986
0.17926653586619068
0.18452629997045733
0.1536438831972191
0.17878877677139826
0.1771918834274402
0.18418620637385175
0.15935989175341092
0.18078428323497064
0.1721669307735283
0.1848933380388189
0.16005778311227914
0.17077351386251394
0.17638913395057898
0.18077375115535688
0.17072572029428557
0.16934795836277772
0.1916077721689362
0.17832587150041945
0.17121834136196412
0.15642370577552356
0.167558362139971
0.18160977943625767
0.16563901022891514
0.18948493589414284
0.16083781135967
0.19032973959110677
0.1927603165822802
0.17941303325642366
0.15910006807825994
0.15937439435219858
0.17358724478981458
0.1601806391699938
0.1641587856283877
0.16244516642473172
0.16692062364018057
0.1660770541348029
0.161689346874482
0.15724061087530572
0.16864336526487023
0.17822933825664222
0.16366378898965195
0.17966757962130941
0.16773269964323845
0.1817550393025158
0.17594710108824074
0.184939462604234
0.17870952712837607
0.16539711035147775
0.14928600427811034
0.16774507566879038
0.17059946779045276
0.15340144591755234
0.16688553395215422
0.18590983742615208
0.16080368710390758
0.16879757978313137
0.1462221593974391
0.1628338741720654
0.17067654331913218
0.17381114246381912
0.1573028620914556
0.16239940759260207
0.1674026005784981
0.17143121776462067
0.18053307075751945
0.1834030385070946
0.16485528647899628
0.17536062696308363
0.16630528135283384
0.16988673152809497
0.16186285429284908
0.1588066060503479
0.17321846357663162
0.1768506502121454
0.17109810159308836
0.1756580497021787
0.16032330945017748
0.17118647997267544
0.16892473043117207
0.16962917824275792
0.18066963550518267
0.16813840928080026
0.1798405747686047
0.16938838157511782
0.16449859082058538
0.16395384138741065
0.16110717499395832
0.19055527541786432
0.15793328528525308
0.15612675128795672
0.17979256583203096
0.16766858115443029
0.16642046193010174
0.16595639429579023
0.1821133242920041
0.16318673510977533
0.17340181989129633
0.1617107798665529
0.1658326006727293
0.17876756338228006
0.1795726576820016
0.1640977401402779
0.18025966380082536
0.16799006299697794
0.1739294636354316
0.16515157838875894
0.16708134701184463
0.1566852925607236
0.17115302516322117
0.18401998722401913
0.17300935814273544
0.16481466285767965
0.17262283444870263
0.1727724477677839
0.1719821854494512
0.15611697094573174
0.15909317686600843
0.16534504271112382
0.1782797970372485
0.15913672538590617
0.17125311198469717
0.17778457060921937
0.17888002753898036
0.17518026164907496
0.17738918885879684
0.18491639041167218
0.17799538200779352
0.1916277015407104
0.1903238073864486
0.17788353021023795
0.16170008019253146
0.16717414620507043
0.18558793238480575
0.17511397863563616
0.1913299827283481
0.15810211676580366
0.1727225673967041
0.16911610802344512
0.1551488783879904
0.16874727365211584
0.1657222888461547
0.1864297715947032
0.17812508314091247
0.18841158961004112
0.1621258873201441
0.1770316984911915
0.1824688550841529
0.1778767169744242
0.17714044044259936
0.188548939418979
0.1836606198339723
0.1722191602748353
0.16654622550413478
0.17090304000885226
0.16928401806217153
0.14967747378977947
0.16262391692725942
0.16864889644784853
0.18040040213963948
0.15504050778690726
0.16358113633759785
0.15503508690744638
0.16463054390624166
0.18083919226774015
0.17826989087916445
0.16777614390593953
0.173945164468023
0.17241205245954916
0.1551842612971086
0.18344703936600126
0.16828630777308717
0.1860384096216876
0.18068833876168355
0.17941434506792575
0.19804912936524488
0.17991997180797625
0.1744049405970145
0.15210663019388448
0.17165725931408815
0.18156097492012452
0.17168018375853383
0.16890824301622984
0.18149260098598605
0.1747646870047558
0.16625894484381507
0.15881090083225505
0.15515968246077458
0.16719730127984145
0.1973101390364367
0.18642479653550884
0.16008422941732126
0.17108483439472716
0.16842184429914933
0.167090707201892
0.17852930815553103
0.165097394679475
0.1502125350919765
0.1903594998041476
0.17956467502288462
0.193948289423477
0.1816950510512656
0.16399272504871285
0.17918464754099453
0.18059677275733685
0.170183637377432
0.181800633947563
0.1664483034323285
0.17293041727439626
0.18406281118669848
0.1782780048092754
0.18304708212848722
0.16520555597531983
0.16964738970021093
0.18163783007895384
0.17455956675698908
0.16644544158805544
0.17117144501819384
0.15681453057982792
0.16307514228337394
0.17296222375896503
0.1720026703624744
0.1762985751971485
0.17263700254261494
0.19775512670790116
0.17221553978605533
0.18567638833985084
0.17641211111890517
0.16927545135620775
0.1813781498454687
0.1658159449080548
0.17675211917110314
