0.4868855241802521
0.4605588733102195
0.4456995454384014
0.497078959539067
0.43458672071574256
0.4949522407259792
0.4587837317958474
0.5003291115281172
0.4893580144853331
0.42545235526631586
0.45174555882113054
0.4047193813021295
0.4580618597683497
0.43799202790251
0.40524113312130794
0.3943528574309312
0.4518741114297882
0.4299775242106989
0.4045058256597258
0.38171024044277146
0.4057664558640681
0.3701248693978414
0.3526436676620506
0.3143250423599966
0.33832328545395285
0.3368988229194656
0.34160118747968227
0.300494481343776
0.3147701049456373
0.3305301603395492
0.29653338744537905
0.33168718992965296
0.2851240667514503
0.31033583934186026
0.2689714771695435
0.27408945985371247
0.2961761622573249
0.27257518836995587
0.3091425474267453
0.32209833175875247
0.28958549827802926
0.29454050050117075
0.26916159898974
0.3126599914394319
0.3012398322462104
0.30920544953551143
0.3082148327957839
0.3360683713108301
0.34978434327058494
0.3277112082578242
0.3124298081966117
0.3383290215861052
0.345832675579004
0.30091520061250776
0.32077493268297985
0.32493117783451453
0.2938959955936298
0.3495404260465875
0.33594467327930033
0.3332039210945368
0.332193119218573
0.31132779485778883
0.3177100697066635
0.3087684200727381
0.31978044408606365
0.2995444152620621
0.29800938721746206
0.3059686293127015
0.33195206546224654
0.32529048883588985
0.3303884937777184
0.32079324568621814
0.3068134527420625
0.338990121090319
0.3057394958450459
0.31803002482047305
0.30356905685039237
0.32684132078429684
0.34676106012193486
0.31803611328359693
0.32760347618022934
0.2953084885375574
0.31795905268518254
0.30928052990930155
0.3318673546309583
0.31349020008929074
0.31345259124645963
0.32995448453584686
0.31821960071101785
0.3455705939559266
0.32214053272036836
0.3140547855873592
0.3063942613080144
0.28483381954720244
0.2963788624620065
0.29364923073444515
0.3043935840250924
0.29984580184100196
0.31541338335955516
0.3102380831842311
0.29775330517441034
0.28920066653518006
0.28939506312599406
0.30292022990761325
0.28485047817230225
0.3030342456768267
0.27348228060873225
0.26405149820493534
0.3111106679425575
0.3135423908242956
0.29205025534611195
0.282249063544441
0.296558884147089
0.2707743286737241
0.280013341398444
0.28842956316657364
0.27432562521426007
0.3063281219219789
0.2854579569539055
0.27785371599020436
0.28199631348252296
0.3002258996129967
0.33971010701498017
0.28968352312222123
0.2618017481872812
0.28188340686028823
0.2894236336578615
0.285943690512795
0.25744053936796263
0.29504824726609513
0.28486379625974223
0.3024883206235245
0.31071283243363723
0.31132150714984164
0.3145521371625364
0.31043498299550265
0.30961192096583545
0.29481307306559756
0.3008832363411784
0.3257271904149093
0.33727276290301234
0.2988178411615081
0.29446374863618985
0.28305195609573275
0.32512655202299356
0.3059887361014262
0.28905348328407854
0.32713925588177517
0.29368107358459383
0.3133374941535294
0.35939537279773504
0.3058617109199986
0.3153775504324585
0.3027682725805789
0.30426406010519713
0.2995158950216137
0.29086151003139094
0.3079852271475829
0.29607915034284815
0.2800997422891669
0.31221049779560417
0.31949885794892907
0.308428842399735
0.313954072073102
0.27924461651127785
0.29811652039643377
0.2980489051551558
0.28670347324805334
0.2737682412844151
0.2887457486940548
0.2915450695436448
0.27747571968939155
0.2945199847454205
0.30346334917703643
0.2981294756755233
0.3254989192355424
0.300785654282663
0.2908679157262668
0.30025079351617023
0.3405207765754312
0.3531312965787947
0.39260228886269033
0.33657856233185157
0.31757045426638797
0.3592762948246673
0.3311402329709381
0.34582098410464823
0.31554838351439685
0.3282291315263137
0.3036770601174794
0.3238219194463454
0.29689395998138934
0.33107934053987265
0.3450510944239795
0.325890785723459
0.338039540394675
0.3329935959773138
0.33031042135553434
0.308337654103525
0.29967830021632835
0.3247676189057529
0.3238959588925354
0.32601026544580236
0.29629976605065167
0.3290480552241206
0.3100079986616038
0.3128419113927521
0.32680564327165484
0.2951654516509734
0.2952277441509068
0.30998785770498216
0.290014868369326
0.31486270180903375
0.29775270842947066
0.30407317128265277
0.3121499751578085
0.33149536553537473
0.32519308099290356
0.30313293886138126
0.2941500128945336
0.31935738562606275
0.30761435168096796
0.30860144132748246
0.3010246479534544
0.34056212194263935
0.2951303011504933
0.28805169922998175
0.28026646049693227
0.3423922005458735
0.2926254133344628
0.31776896567316726
0.30728865321725607
0.30479973572073504
0.2952057857182808
0.2856817472493276
0.3217624649987556
0.30465926323086023
0.3247977871214971
0.30966134660411626
0.314392966858577
0.32963310956256464
0.33862055180361494
0.2993925952468999
0.32006192579865456
0.3225104003213346
0.3157387579558417
0.31316122465068474
0.33446703699883074
0.32372482446953654
0.3080751491943374
0.30047445523086935
0.3226020978181623
0.3249706233618781
0.2959825936704874
0.32631212106207386
0.3292231336236
0.2981505688512698
0.31442848063306883
0.3038423175457865
0.31687170517398044
0.3270229396293871
0.2707894005579874
0.3069001032272354
0.3471274478943087
0.3177412479999475
0.32103280164301395
0.3030751575133763
0.3081450504832901
0.3043370266677812
0.33819964970462024
0.32533262262586504
0.3064429824007675
0.3064700372633524
0.3154821987845935
0.3428276845952496
0.332620516885072
0.327292381960433
0.3174442543531768
0.3266573255532421
0.312768341274932
0.3170459273387678
0.3009264834690839
0.3183802106650546
0.3110504698706791
0.34372884122421965
0.3454174181097187
0.31227197009138763
0.3339829778415151
0.2998036500066519
0.32486028654966503
0.3142846871051006
0.31022491946350783
0.3211575146415271
0.2891899103997275
0.30323045316617936
0.3164042576099746
0.3071117344079539
0.32888397184433416
0.3014129381044768
0.293810797855258
0.29599923896603286
0.2773033541161567
0.2859209459857084
0.3287678560009226
0.30162555899005383
0.3152448167675175
0.31967556837480515
0.29415942647028714
0.33879138191696256
0.29406548861879855
0.3458570293150842
0.3181869866675697
0.28468914702534676
0.3164068242767826
0.2930922925588675
0.31847277050837874
0.29468589200405404
0.301149241742678
0.3140874476521276
0.32525997067568824
0.3015299374819733
0.290075647062622
0.3102707374491729
0.3022767173824832
0.31117187190102413
0.29904447635635734
0.2917181321536191
0.300826019665692
0.2920887646614574
0.3023225099314004
0.3016740477178246
0.30515841266606003
0.30018840183038265
0.33183718961663544
0.31077027233550325
0.3303925337968394
0.2961201333673671
0.30232070793863386
0.3053903691470623
0.3111504644039087
0.3317987802438438
0.29899862682214007
0.31165083328960463
0.28952038066927344
0.31489698111545295
0.2963641125825234
0.29922415025066584
0.2938355521764606
0.31298967148177326
0.3194299076567404
0.32988773070974275
0.34232756472192705
0.2960611422313377
0.3195578832528554
0.28745517175411806
0.2790271488483995
0.3188377898186445
0.3228387991548516
0.2981053681578487
0.31534339615609497
0.3078663042979315
0.29745656758314
0.27256740909069777
0.3023906935704872
0.30843066493980587
0.2937761352513917
0.2944709390285425
0.3055190396262333
0.3138747868943028
0.30069456656929106
0.27801389765227214
0.3285214587813243
0.2777262934250757
0.2903491807519458
0.3119826604379341
0.3054037905531004
0.2872241731383838
0.30516279384028167
0.29999531287467107
0.30965843657031655
0.28903556684963405
0.30699860386084765
0.30596978263929486
0.3220034547848627
0.2686286575626582
0.308120726083871
0.3104455955908634
0.2778445631847717
0.28677411045646295
0.2922193374251947
0.3066831058822572
0.3174093766720034
0.29669338517123833
0.2919856021180749
0.28942362155066803
0.31036493089050055
0.3533602823736146
0.2858864552108571
0.2931339782080613
0.2855833826470189
0.29996987764025107
0.30583084997488186
0.3048975757556036
0.306601285119541
0.29937357146991417
0.32240471185650676
0.3173290930571966
0.2956938403076492
0.30363065656274557
0.3311399411759339
0.32400000118650496
0.32576008106116205
0.29438193450914696
0.3017726223333739
0.30662219010991976
0.31078015390085056
0.3131512781837955
0.28236721974099055
0.29976545268436894
0.31884997664019465
0.2991764914477244
0.28992929961532354
0.31017234083265066
0.2973526840796694
0.2995864793774672
0.316267539805267
0.31398248183541
0.30818671628367156
0.31250417669070885
0.3155178372981027
0.30310562811791897
0.3021882012253627
0.3496948315296322
0.30820674600545317
0.33364640857325867
0.29944157012505457
0.32513380388263613
0.2937192014651373
0.30629660666454583
0.3190996549092233
0.2962229144759476
0.2968618244631216
0.3221487421542406
0.2962729661958292
0.2960718934191391
0.31456273957155645
0.3187155278865248
0.2955872835009359
0.3213985724141821
0.29870943597052246
0.31046640494605526
0.3048487304477021
0.2939661093405448
0.33891353342914954
0.31296382297296077
0.3073912180843763
0.29938966257032007
0.2929115940351039
0.3061613193131052
0.29086299787741154
0.29593588632997125
0.3027608912670985
0.29652601189445704
0.30181268783053383
0.29840802313992754
0.30556382524082437
0.31838000018615276
0.31006634747609496
0.30980284622637555
0.30395370884798467
0.3154486146522686
0.3067719078389928
0.29344700346700847
0.3231404590769671
0.2803896779078059
0.31574294687015936
0.30126644775737077
0.28760727908229455
0.32038050843402743
0.29865203925874084
0.29612680396530777
0.27785214653704315
0.3279949681018479
0.2949888741131872
0.2854846265981905
0.32072827022057027
0.2953347889124416
0.33043435314903036
0.31379173655295745
0.29992524173576385
0.31328419741475955
0.32113512518117204
0.29838992573786527
0.2915462169912644
0.32733127498067915
0.3093651806120761
0.32777693308889866
0.3129956728662364
0.31061531708110124
0.29056064767064527
0.29877148364903405
0.29505174042424187
0.27844418003223836
0.2930242862785235
0.2810358232818544
0.2936625484144315
0.2987793057109229
0.3037146737333387
0.29448245489038527
0.3254003641195595
0.34057340706931427
0.30858090228866786
0.2896082598599605
0.30177281121723354
0.3147655248758383
0.3106628194800578
0.3093696240684949
0.3096029283478856
0.28565215633716434
0.29298951546661556
0.29994315607473254
0.30742522672517225
0.29917286086129025
0.2991922795190476
0.31921130648697726
0.3127806314150803
0.29992192558711395
0.30596041085664183
0.29999484989093617
0.3033537123410497
0.3093535076477565
0.3058395964326337
0.30593651346862316
0.28785815980518237
0.2851201051962562
0.3049117450718768
0.3090162893058732
0.31675636663567275
0.3412666526855901
0.33699357794830576
0.3109595230780542
0.28828007949050516
0.28376195655437186
0.28320415306370705
0.3004124634899199
0.30081074230838567
0.3008033750229515
0.2980096623650752
0.3033804203150794
0.2890153623302467
0.27796107513131574
0.2837149504921399
0.2878954810439609
0.28465031553059816
0.29950864950660616
0.3306029280065559
0.35376758367056027
0.30127224093303084
0.28980796021642163
0.2789187154266983
0.30653330439236015
0.2984063845942728
0.3119400416617282
0.3000139988726005
0.27956427936442196
0.27498771611135453
0.2776699767273385
0.3159972889116034
0.2748720525414683
0.27066749939695
0.30888532334938645
0.3792264209478162
0.3170707115205005
0.295784707122948
0.30776213842909783
0.3048958724248223
0.2867482813890092
0.3045672383159399
0.2586271342006512
0.2777595142251812
0.30062929866835475
0.27388551412150264
0.2775457233074121
0.30731108196778223
0.2918087048456073
0.29966208449332044
0.30720501637551934
0.31528738094493747
0.26794062642147765
0.30230172543087974
0.3048914046958089
0.29036317177815363
0.29545267845969647
0.30954042123630643
0.2773532254504971
0.31322038383223116
0.31833618477685377
0.30843703757273033
0.28410195658216253
0.30165844334987924
0.32030768081313
0.2877964614017401
0.3057725398684852
0.3080402938066982
0.27582058479310945
0.30363508278969675
0.2594925059238449
0.29476599069312215
0.28592370462138206
0.26562544086482376
0.2895906266057864
0.3023734590387903
0.31660511827794835
0.2726158752338961
0.28440341039095074
0.2940663239569403
0.2892968597006984
0.28177914512343705
0.291963962954469
0.30844371707644314
0.27435462147695944
0.28467060235561803
0.3158396752551198
0.2926843259483576
0.2763876763638109
0.26937345499754883
0.2988708862103522
0.3068679046118632
0.29822419595438987
0.3005071015213616
0.30816640064585954
0.30984673311468214
0.2920243685366586
0.30279106012312695
0.31667181389639154
0.2848866400308907
0.28162850049557164
0.29892480425769463
0.3069044367293827
0.3120607926393859
0.27554001240059733
0.3113490531104617
0.3098835683776997
0.2615081715048291
0.2945563634275459
0.3079774336074479
0.2703284887247719
0.2761961132637225
0.259979841823224
0.2705219791387208
0.28797119384398684
0.3158471880014986
0.3178358195000328
0.3123461094801314
0.29894630738999695
0.31488724920200184
0.2782388127525337
0.33288786705816165
0.28606787766329944
0.289212281932123
0.28645508270710707
0.2995744217187166
0.27979301841696724
0.28948113933438435
0.2700187378213741
0.28077308894717135
0.2811711730901152
0.3030425735632889
0.29638849291950464
0.293807182169985
0.27298284755670466
0.3377253308426589
0.29082601802656427
0.2923642132082023
0.29321080131921917
0.2815653636062052
0.3029489167383872
0.2850633979542181
0.3052801294834353
0.25595025351503864
0.3097297853673808
0.2786475957836956
0.2861009671469219
0.2790006259456277
0.2674732311279513
0.2900601483997889
0.2642623269930482
0.28391047415789217
0.2882578413700685
0.2870250971172936
0.28203264117473736
0.291268243920058
0.29546794487396255
0.2750194883556105
0.2720314573380165
0.28017312387237325
0.3074562078109011
0.27423921518493444
0.2915358677855693
0.2893693460209761
0.26239124484709464
0.2779094527941197
0.27422358753392473
0.2604903316241689
0.2835092593450099
0.2791925664350856
0.2800979684689082
0.2711531212553382
0.27804838080191985
0.26991354231722653
0.2703961978550069
0.2963535262388177
0.3087480031535961
0.28838077315595
0.28363042877754197
0.2625936108233873
0.2844485687674023
0.24929699269705452
0.26475942303659394
0.2500298497034237
0.2663806743803434
0.2726207213127054
0.2603028526646085
0.266286468366161
0.29598243528744206
0.24611419189022854
0.26878882365417667
0.26006597105879337
0.2802209571818821
0.31009396159788594
0.2728016566252336
0.2659467000630684
0.24871396337402984
0.2583234535995871
0.28179024474229664
0.25563690304988995
0.27317697217222303
0.2576236178865656
0.2618996963137761
0.24583638820331544
0.27041740028653294
0.24942842696327716
0.2640443613927346
0.23607899001217447
0.25754370423965156
0.2666658583912067
0.25379315856844187
0.24153312455746345
0.2611059350601863
0.256230472412426
0.24206328520085663
0.2630204986198805
0.24516109377145767
0.27010307408636436
0.25269325624685735
0.24536057538352907
0.2505791410221718
0.2580810522194952
0.22752499539637938
0.2301576717873104
0.26761690084822476
0.255309124244377
0.24629749180166982
0.21754260308807716
0.25197864457732067
0.2688874037703499
0.23645436691003852
0.231009869457921
0.25114524515811354
0.25305751254200004
0.25890460883965716
0.2327248760848306
0.21853195966104977
0.2637731425347738
0.24784851423464715
0.2601771159679629
0.24755236934288405
0.2469580537872389
0.23777483124285936
0.21966160618467256
0.23279382043983787
0.24699587491340935
0.2570697116316296
0.2666531017748639
0.2670237376005389
0.2789751902455464
0.2742434853571467
0.26322060503298417
0.26495229499414563
0.24208028806606308
0.25238274660659954
0.24374515638919547
0.22804171009920537
0.2335235524806194
0.23771564906928688
0.22073357226327062
0.2367132439976558
0.23584307526471093
0.26596943102777004
0.24271243961993605
0.23605985357426107
0.21049054572358727
0.2214948470937088
0.21887698088539764
0.21422087354585528
0.2356868586211931
0.2228741382714361
0.2479347024927847
0.2148806432960555
0.22469245942193083
0.22046607016818598
0.23686293454375118
0.22988890943815932
0.23296852805651724
0.23967594048008323
0.2455366809736006
0.23884248320246115
0.2557771551364567
0.23384856068878435
0.2298816525726579
0.2231555976322852
0.23739825782831758
0.2573947074706666
0.22177240380551666
0.2505075777298771
0.2173562628449872
0.233351920847781
0.2162380378576927
0.217324460943928
0.2542211752734147
0.23641605582088232
0.21167598900501616
0.21679785376181826
0.21136521722655743
0.23542154184542596
0.22596610378241166
0.20806223512045108
0.21674125012941658
0.20834794908296317
0.2158208501059562
0.23400220571784303
0.22600796952610835
0.22703531928709708
0.23001278674928471
0.21645442413864657
0.21565788972657174
0.2125555716920644
0.23469098866917193
0.22261044342303649
0.23752759280614555
0.21575023513287306
0.22533225294318981
0.22156012651976198
0.22566870009177364
0.22393905720673501
0.2251300409261603
0.2332154957111925
0.22960400901501998
0.21606834584963508
0.2223541059938725
0.20654961641412228
0.20402846956858411
0.21777886198833585
0.20924937856034376
0.21136733161984012
0.204435390944127
0.21162487869150937
0.2202267749235034
0.19832197960931808
0.2526933383778669
0.20958867127774283
0.2296542595140636
0.22833876288495958
0.21796498453477398
0.2207762435427867
0.2289615894551389
0.21633062668843195
0.20750700507778674
0.20658169488888234
0.20903063521836884
0.1978314626030624
0.19130084372591227
0.1984489975438919
0.19148227080586366
0.1982960939349141
0.20286299847066402
0.19451119605218992
0.2130756857804954
0.1751205966284033
0.20844702344038524
0.18379517676657997
0.1998931614216417
0.18517603498185053
0.1900418218865525
0.21458098792936653
0.2553342077299021
0.2354361962643452
0.18416351499035954
0.20559701061574742
0.2019616351059572
0.21179986269924583
0.19685781113510056
0.183902855287856
0.18558062190615285
0.20304575709142084
0.20328497141599655
0.21323717652460722
0.2100992670326721
0.1892377029312408
0.2040752522119387
0.19171910944182102
0.20711597829587816
0.19259163977827612
0.2090095117042853
0.19644659646148757
0.19322258726818356
0.1939966267957462
0.19371118537318988
0.1848214821318003
0.19564812407484206
0.21134120944564735
0.20309856258274064
0.2076734648210796
0.19548147869861032
0.19666893580767114
0.19052970585391277
0.20475860168849389
0.1964935259380209
0.20481074563278925
0.18860827377579342
0.210627332711079
0.2046140592222608
0.19405619817690586
0.18963495844344455
0.19287573610703776
0.1874168623444133
0.18255442621435705
0.20725908558669054
0.20071972944722402
0.16924477744055547
0.19700210163091111
0.19571177605686224
0.20114070845870521
0.19502218853770278
0.18615405311382663
0.19881582210265744
