0.007611141438443436
0.0008896573760779347
0.009301063017971956
0.010910844423051458
0.011978760914416853
0.022534977689019797
0.025888026279233145
0.028296994918889595
0.04896740926176335
0.05075743931479337
0.07372078078856248
0.07643102346969499
0.09234357334503329
0.09995083903777413
0.12907274046415296
0.147511989649729
0.15357743553613545
0.16642347978358885
0.20962075813713454
0.17499539552045462
0.23919210752956133
0.25790732053883403
0.23083036231355436
0.26325441656535986
0.31909041498602164
0.29589574093279225
0.34944073859151104
0.381200826868735
0.3448182543979783
0.48036780416259717
0.5001626034190849
0.3369378738643718
0.4469986571393747
0.5023285073784791
0.46941554954355524
0.6175239840540598
0.6069850765725278
0.5877728489176661
0.5401287685745046
0.6032443114818307
0.6757070363910316
0.739708036337106
0.7630588717493083
0.7816767561344022
0.8809133235608897
0.7083122898657166
0.775724338080181
0.8737392457642272
0.9478323354087479
1.047216639832186
1.0092552883779717
0.8952019767948514
0.8929309873728926
0.9839940164747532
0.9231240573863033
1.081352626933949
1.2096763202025613
1.2255412918093498
1.130955970580544
1.0862105254018388
1.3404011092570727
1.1722099597609485
1.091964984760125
1.1565591224425589
1.2736382668299484
1.1874744236902188
1.6073202319894335
1.674483128110296
1.6585542244283715
1.5742318717802846
1.088719563489576
1.604188009921927
1.5398527653087513
1.2346796509664273
1.6722872578793613
1.4585037006545463
1.600052539310127
1.3333653407971724
1.640117885217478
1.1895473103504628
1.532056379095593
1.4971519497084955
1.7429305216246576
1.649508476279152
2.0848918590818357
1.8815141317027155
1.4992372042543138
1.663522863003891
1.9716681282952777
1.5671077945480647
1.839005172420002
1.3508362429201952
1.3244302215171047
1.4981013372234884
1.921465125065879
1.6042482265183935
1.4939627267885953
1.6570336771619623
1.5886289467962342
1.7262640935077798
1.6396764294622699
1.662572520552203
1.8319722144078696
2.2922401284304215
2.0103579872084083
1.5114308233605698
1.7977661896438804
1.5207560697890585
1.88783130615775
2.0449103564678808
1.9070264634938212
1.5147277781070443
1.9946012299478753
2.024054001594777
1.8466252146463376
1.9964027506066486
1.5466599210412824
1.6247175325333956
1.7243440730089787
1.714006858310313
1.7399890712258639
1.7482307696191128
1.5582301339745754
1.4164740533815348
1.8509380752657307
1.7139856573776342
1.6561983979772776
1.350378389513935
1.4873572816577507
1.6696253614936722
1.6274241607170552
1.746173300605733
1.8486871720961062
1.4669156088202726
1.4088617353409063
1.7083509890944697
1.9238291263754945
1.8058035325666424
1.8911457752401475
1.4340685288771056
1.403720309957862
1.5499355497013312
1.727364264545031
1.7212272832985036
1.8208767151809298
2.1062280216719955
1.6982774830976268
1.859460507374024
2.1186103820509743
1.8665243211726192
1.8618465854087844
1.7748437475675019
1.7700563172693364
1.9203140065073967
1.9842602255521342
1.8445850624411833
1.7646253285638522
1.9642985901446082
1.6095886050898116
1.4826912249118323
1.911913885793183
2.1053353038441855
1.7164902446384076
2.0879032003867906
1.7356428642960964
1.8747893158288207
1.5660284723708173
1.5991870271682274
1.9392751260311343
2.3073049783415627
1.986456759070279
1.4198286542232381
1.6777739281824324
2.1270278379670344
1.9570537545369007
1.6272998715285212
2.2705254348402377
1.8506576965301065
1.611621300020488
1.3841797866625711
1.7137055655912263
1.4684019062842708
1.9274621915246826
1.9224920613050926
2.0748304253211245
1.6545905797102023
1.9771264120936394
1.5669748703076039
1.9325980936118867
1.4285623521718662
1.9680738247989211
1.6599406253080815
1.495499177253805
1.5860326454567257
1.3743390169610659
1.6457579522210313
1.5956707581819043
1.534679910769378
1.3564461507489831
1.4444585958217073
1.1875144742781252
1.4549503827130232
1.0759668938052935
1.5544934356071818
1.4914862079707187
1.3942314068984798
1.2069725239370752
1.2249917437828433
1.408421904581973
1.2382873112819797
1.2557744887752795
1.106178885663119
0.7724268413845479
1.370271123535051
1.1375692411083875
1.043445062185601
1.1641077979460477
1.1721071359503457
1.242974738759084
1.067436923573571
1.0452942522902657
1.107950853550528
1.185395991385687
1.2709897151143532
1.3575493806577104
1.4157867748730295
1.5017145686144904
1.1719975025341736
1.253225390572013
1.3234663594836795
1.0716533528596868
1.3537617921242564
1.404237209694592
1.3377634821620983
1.4272859714866624
1.416901017561203
1.2088127783609657
0.937071357010387
0.9360075399690256
1.1714448083749438
0.9137176638689097
1.0450580675653585
1.1601114951250122
1.0804918419247067
1.1219447366013302
1.4225827698397824
1.1141559027546033
1.041734797513391
1.434793143819167
1.1034140660185514
