0.07473061388009228
0.19442052952945232
0.16671825130470097
0.1311286494601518
0.10195670457324013
0.05563924336456694
0.04988698792294599
0.0364082647865871
0.0398339570092503
0.045595227944431826
0.06444572357577272
0.06629750200954732
0.05972616921644658
0.07086564514611382
0.056050054699881
0.06309925357345492
0.06218724085192662
0.08544062211876735
0.08949509996455163
0.07753358760965057
0.08349779127456713
0.07305970836023334
0.07988168633164605
0.07509153423598036
0.06007323491212446
0.05733860129839741
0.06962091752211563
0.07014009624253958
0.061360953011899255
0.05476979360537371
0.05764193806680851
0.06358617707155645
0.05058673742314568
0.06729647326574195
0.06082100098137744
0.06447508767450927
0.07275023566035088
0.07117119267059024
0.06156311727681896
0.06920536669349531
0.07495321851456538
0.06625640841230052
0.06632497109239921
0.06028899884404382
0.06239421683130786
0.05712979676172836
0.06906256813090295
0.06767501120339148
0.07529309850360733
0.08601304102921858
0.06942640212946571
0.08235614273871761
0.0885881346766837
0.07018094160594046
0.076298140687868
0.09014767394546652
0.0723050422675442
0.08626912014733534
0.07392223981150892
0.08038843439135235
0.09012442316452507
0.06861386391392443
0.07998542379937135
0.07122235553106293
0.10269831755431369
0.09367839564220048
0.07525542842631694
0.08473784789384808
0.07149823565850966
0.07822704683349002
0.08445817494066432
0.08994519233237952
0.07894101155397948
0.10782979635405354
0.0951955123746302
0.1297410814149771
0.12728236068505794
0.11781739420257509
0.127539044682635
0.1563531260471791
0.17890485376119614
0.2156924952287227
0.24748638470191509
0.29766882630065084
0.39189359871670604
0.45495679951272905
0.5847620244603604
0.6003132067853585
0.5917152143083513
0.5914806502405554
0.6595618980936706
0.761536787962541
0.8687990694306791
0.9917409603949636
1.2280148789286613
1.1788646532222629
1.5794211286120117
1.6954826777800918
1.8149274648167193
1.8977698041126132
2.3743367502465844
2.5436824364587665
2.8451994583010674
2.7951807333156466
2.8549018129706383
3.49623519834131
3.815980989485979
4.024846154265106
3.9808768797665834
4.355056455358863
4.488143168389797
4.889819391071796
5.058548605069518
5.213235231116414
5.658691016957164
6.333037314936519
6.39677020907402
6.644515173509717
6.738073468208313
7.493956405669451
7.764075133949518
7.755920741707087
8.678115658462048
8.812307875603437
8.97182415984571
9.353949967771769
9.646018236875534
10.996060863137245
10.92327643185854
12.014219839125872
12.18778594583273
12.853962633758783
13.841153964400291
15.484569355845451
16.615336015820503
16.54246749356389
16.853684581816196
18.472463481128216
18.824639856815338
18.765619568526745
18.599118694663048
17.46044021844864
17.915303170681
18.818085379898548
19.19329561293125
19.272344790399075
20.03231366723776
22.406112983822823
21.664191514253616
22.50642102956772
24.36091100424528
24.070507258176804
25.13911784440279
25.810770832002163
24.42151977866888
25.491624735295773
25.3837179094553
27.186574213206768
26.701539121568203
27.96189235150814
27.338402062654495
28.123871371150017
27.94427778571844
29.28705107420683
30.31260460615158
29.921779215335846
29.882329620420933
28.932101033627987
31.75812417268753
33.12292233854532
35.27162791788578
35.495376259088516
37.15648294985294
37.777237609028816
40.02091044187546
38.9382539242506
39.250462383031845
37.51779408752918
37.55504164099693
43.06283883750439
42.32795724272728
40.263026371598244
42.25986471772194
41.69010762870312
43.99220524728298
42.42251153290272
46.09046885371208
47.7642090767622
51.51904854178429
53.78785736858845
51.557377964258194
48.91138969361782
51.68246844410896
53.41256873309612
55.52318024635315
54.95484897494316
50.824527859687805
53.805475413799286
49.51221123337746
50.80972547829151
48.14315029978752
47.50881998240948
47.9160780608654
46.21692056953907
49.41556695103645
44.07813175022602
43.800358444452286
44.16691532731056
43.78651203215122
46.14454002678394
44.07248738408089
46.513355791568756
43.248614966869354
43.94137141108513
46.21198911964893
47.43054474890232
48.98167842626572
49.32838109135628
50.58111110329628
50.680297553539276
52.94784015417099
53.18043741583824
51.827449664473534
49.95661196112633
50.12014554440975
49.18048422038555
50.70279681682587
46.79949672520161
48.103146091103554
47.226109981536865
46.456729516386986
52.162164464592934
53.60980738699436
51.85252791643143
55.40711152553558
47.1713161021471
54.53031761944294
52.77998244762421
53.899087995290756
60.846032202243805
63.601344138383865
67.33457669615746
67.56056550145149
64.35633656382561
63.08777004480362
66.13089136779308
64.13402055203915
61.49091309309006
65.1619184599148
64.69199653685563
66.85402288962537
69.32250952532911
72.20879745483398
68.93398717444713
63.771441722479395
66.66112839706301
61.6829921992745
67.0463401013472
68.96149327435832
68.7370860783134
66.92895284036952
67.11497125099963
68.61362667534296
68.25890043964536
66.71304462462898
68.87323836078794
71.20851144265002
68.05885561244695
76.76522851178026
79.00855933962845
89.82479600080354
90.81184206985114
92.47658181378222
97.09962193046029
103.75788455873024
97.26757545170821
104.4383887944259
111.25435392124446
106.02966539878545
115.37069374745286
111.90009944645439
110.61623529749592
102.29588101604791
107.19769620519924
112.47212901077872
111.46922350305272
120.97678831806333
115.12347577312799
128.74688945980523
129.95969396876538
127.00529209647591
126.17127849548821
121.53435264046736
123.77205285500354
127.99166398536502
120.6066197372797
111.21628729752668
108.019348685197
112.09689361091674
103.58755505178857
102.59971525537686
107.90058775774138
103.80183011152613
101.22293021735244
102.27226924145316
96.0641309182475
96.7954088346226
100.805514508345
98.32811670979177
89.21964489193414
90.25576950433685
90.06928003866841
92.95843749158965
95.77947706688107
90.99096081951471
94.34801723450188
93.10517495823657
92.46285331906296
85.11769584595687
83.38306820486474
87.58348257710614
90.05558716781496
88.36977080097348
85.33570867823803
81.83530248807172
86.24659119253083
82.31227841715175
80.40947251807987
83.28225563830279
78.93982227956216
