10.967157768958714
9.663534564781003
43.378405393566936
28.74799068644643
23.95045462064445
21.557443181052804
18.22427188185975
20.35689226165414
17.396833635866642
10.278790559619665
11.86714132502675
11.444758581928909
11.85993328038603
11.238754731602967
9.50535901915282
8.169348424300551
6.29750254098326
9.058815191499889
5.376687617972493
5.717854308895767
7.614522740244865
8.107760418206453
5.317498808726668
7.59574481099844
8.865656470879912
5.915576310828328
7.783979587256908
11.050361758098006
9.398569280281663
9.9697779212147
9.251437079161406
8.838709095492959
7.856061367318034
7.520847912877798
11.895955180749297
11.134390041232109
11.719900146126747
11.621800592169166
10.08154236804694
6.606297109276056
7.6410645907744765
7.690313471481204
8.528149822726846
7.106978551484644
10.401268102228642
9.035151710733771
6.833163126371801
8.686788557097316
7.5423305574804544
7.000522925518453
9.817306477576494
8.769235875457525
8.206175334751606
5.910396410152316
6.348682005889714
9.090818310156465
8.317261015065014
9.726379662752151
7.527632165700197
8.436468813568354
7.216418362222612
8.110807141289115
6.283455539494753
7.774351457133889
6.937341039068997
7.197302471846342
6.020067590288818
3.962349897250533
5.560538606718183
4.147996104322374
6.317519818432629
8.315142962150276
7.1151017202064395
7.6947805704548955
9.118489379063249
8.25891145505011
7.3725539315491915
7.16688138153404
6.681853357702494
6.716338693164289
5.257001676596701
6.545946564525366
7.50086322799325
6.72805146407336
6.651884031482041
5.379731788299978
3.6909994473680854
9.165452005341649
12.124734601005912
6.913254023529589
3.9132616803981364
10.424200234934688
6.299683687277138
7.942115139216185
9.123896048404276
7.576421006582677
5.1357642114162445
6.482347094453871
5.896937010809779
3.5626819990575314
5.050540618598461
7.514431102201343
6.679206643253565
4.505619366653264
9.755462332628667
7.439847772009671
3.95142166223377
7.09719729796052
6.1130855064839125
5.828392842784524
9.157606199383736
7.096372905187309
3.826957004144788
5.421941293403506
5.176932297646999
5.743395274505019
7.461320634931326
7.712759424932301
5.327950591221452
5.009699583053589
5.683502674102783
5.880777114070952
4.113070799037814
5.013873936608434
4.958379847928882
6.454542747698724
4.050442014820874
7.129903769120574
5.204724371433258
5.750135176815093
4.481335778720677
4.520813683047891
5.701711590401828
4.692950957454741
5.74870284460485
6.0337617648765445
4.920915416441858
4.624875276349485
4.735683200880885
4.158189298585057
5.664749157615006
5.729520344175398
5.9466155944392085
5.917475103400648
5.59224624093622
4.495721001178026
3.9031204702332616
4.6596334064379334
5.2828227281570435
4.905912034213543
5.122461169026792
6.652053386904299
4.672894694842398
3.9525445410981774
4.258861777372658
3.905594718642533
7.172993930056691
5.3677858710289
5.503133600577712
4.911225309595466
4.44088385719806
6.206168165430427
6.6955675119534135
8.501337294466794
6.679139591753483
6.44336935505271
6.380814111791551
5.436869549565017
4.5349172949790955
5.971570126712322
5.273719049058855
5.442667189054191
7.2636191053316
5.671790194697678
5.174165092408657
5.54393967660144
5.148222423158586
6.055719925090671
6.791995959356427
7.150352532044053
6.299591870978475
7.049002954736352
7.175861523486674
7.52105578314513
5.2261186530813575
6.7436075853183866
5.386476199142635
7.495183793827891
9.4227608544752
8.225460167974234
7.590386633761227
9.403141426853836
7.489524926990271
6.08493060991168
6.369611414149404
4.441799031570554
4.550122353248298
5.996211153455079
7.5350408824160695
4.566103966906667
6.286447022110224
7.729079940356314
10.301604885607958
7.729573257267475
7.1121450597420335
5.778834016993642
9.71478596702218
9.730766450986266
7.725288043729961
5.787393917329609
6.282241893932223
7.404739838093519
5.996357591822743
8.058359451591969
7.765988796018064
8.252152625471354
8.843138466589153
6.343367429450154
4.04485940001905
7.27339278999716
7.624517432413995
5.213704688474536
6.218322936445475
5.696481620892882
7.591279428452253
5.242920660413802
6.889418100938201
10.93105605058372
10.01962055824697
9.044709724374115
5.21423863992095
5.624278489500284
6.383119239471853
6.580594616942108
5.8942512180656195
9.731813658028841
5.667001076973975
7.727507743053138
7.299734890460968
7.156563433818519
7.361675625666976
6.059340114705265
11.245520956814289
7.962345058098435
8.073936597444117
8.901773021556437
7.05665036290884
4.313445961102843
6.282225496135652
6.839437957853079
7.248770817182958
10.176047109998763
6.8739725621417165
6.970230749808252
6.990329969674349
8.445558703504503
7.278154172934592
6.356016005389392
6.28532000631094
4.407012571580708
6.295825318433344
4.610603560693562
6.922121035866439
4.855044834315777
6.112161243334413
4.834105142392218
6.460736123844981
12.798264858312905
30.87140387482941
9.275375198572874
9.631518971174955
10.696053443476558
9.045201028697193
8.889660526067019
10.551917450502515
12.273692605085671
8.428903593681753
7.73588418867439
5.527744099497795
11.184128465130925
6.514048781245947
8.593726627063006
6.934987427666783
4.659636801108718
6.40533175971359
8.54061334207654
8.26244891434908
7.44882814027369
7.595093440264463
8.58018035814166
9.638340733014047
10.469431588426232
5.05952028837055
5.884831523522735
6.984170696698129
7.2382101295515895
7.776746878400445
8.246662963181734
4.941778829321265
6.916130518075079
7.072800966911018
6.563762306235731
7.834763151593506
3.5085134003311396
9.399561792612076
8.241334363352507
7.3534199902787805
7.428668166510761
6.1993722300976515
5.93033589143306
3.9772056811489165
4.073936621658504
6.110982397571206
8.570284442044795
6.874894515611231
3.713267708197236
10.359412487596273
6.7895670142024755
4.168024004437029
6.426347041036934
6.981287010014057
10.847048053517938
9.36591000109911
6.752609402872622
6.51299349591136
6.999977083876729
7.8097693575546145
4.769099379889667
5.91450677998364
5.177213569171727
4.789722015149891
5.566672419197857
3.3072113199159503
8.00173360016197
4.967596659436822
4.871155647560954
4.603907507378608
4.63792013656348
7.239174139685929
5.625614559277892
6.608930877409875
5.000967631116509
6.640070551540703
2.886253028176725
5.249854117631912
5.337551284581423
8.430571457371116
8.221956235356629
8.148641481995583
4.494469514116645
9.027090737596154
3.6581591051071882
8.62704835133627
6.172051212750375
8.690471292473376
9.449451323598623
6.402048728428781
3.866403109394014
4.574948668014258
5.710813757963479
7.758012142032385
4.403648294042796
5.068173914216459
8.702008681371808
9.631326602306217
6.729652399197221
6.540600145235658
3.7960438104346395
3.472677289042622
4.611629410646856
10.904954507015646
6.360758294351399
9.12340536992997
6.378226486966014
4.773128221742809
4.954663782380521
5.10024802479893
5.753376371227205
3.1991460053250194
7.845760444179177
8.78002254664898
3.220574189443141
4.2124746036715806
6.9484380511567
6.583741378970444
7.298820293042809
4.213039132766426
4.015364911407232
5.074217546731234
8.928210550919175
4.253480798564851
7.459389221854508
4.480192400980741
6.147983907256275
5.101483542472124
7.351119591388851
3.6677042013034225
7.324724138248712
3.9142964174970984
5.6342055248096585
10.024137758184224
6.167036817409098
6.455541838891804
6.943892287090421
4.1844949359074235
8.582667755894363
5.408193320501596
5.599952790886164
5.132576361298561
7.634177922271192
4.545152954757214
3.80730831483379
6.156284811440855
3.901963575743139
6.332538628485054
5.590099131688476
5.846887880004942
7.917756586335599
4.715549189131707
3.607307741418481
3.2839170354418457
7.024340342730284
4.1414499608799815
4.3139007138088346
4.070760265458375
4.049351145513356
6.558231639675796
4.667564899194986
5.78119393857196
4.144648254849017
4.106021481566131
4.742514768615365
2.879889062140137
4.1186442114412785
3.3181616868823767
4.834910566452891
5.7813551551662385
6.72151197027415
4.740221565589309
2.931707412004471
3.558211475610733
4.016774458345026
5.277613748330623
8.9058319311589
4.996708889957517
4.486951841041446
5.183134990744293
7.134796685539186
3.0368793420493603
5.32357192132622
2.966087811626494
4.805948572233319
4.89754394441843
6.4222657098434865
2.990008753258735
5.57881565252319
4.306782603263855
4.299217460211366
7.57217577798292
3.6166031062602997
6.0002511804923415
7.316799984313548
4.643418218009174
7.22556044626981
4.150367183610797
4.756796034984291
4.694677912630141
5.191908392589539
10.126669785007834
3.4488215898163617
2.060933895409107
3.8972362489439547
5.714138368610293
5.254384454339743
4.434435768052936
7.819792774505913
4.016065692063421
5.027967315167189
5.191968942526728
8.33826740924269
3.4350860211998224
3.5236453963443637
6.176707690116018
6.483611077070236
5.138480101246387
5.527960447594523
6.671693848911673
3.402297499589622
5.599693520925939
4.424796632956713
3.496785482391715
4.8264060583896935
5.897137163206935
5.633106692228466
3.940920314285904
3.83150711748749
4.6062974547967315
5.208098837174475
4.909626971930265
4.611450377851725
6.2771122278645635
4.59644308174029
4.336487226653844
2.970885621383786
4.2897981172427535
5.341053714044392
5.223814057651907
4.355892946943641
3.6962553588673472
2.545002140570432
5.285914899315685
3.93531443644315
4.665529390797019
7.997038710862398
5.393375766463578
4.423245508223772
3.656629021279514
6.682625574525446
4.2907239105552435
3.9879777799360454
3.9644267256371677
7.615800496190786
8.144324546679854
4.979035258293152
3.1233236570842564
3.4917052281089127
3.8708738395944238
3.759401467628777
4.668289090041071
5.38696612091735
6.030436767730862
6.79114366741851
3.117859627120197
4.673314210493118
3.867906647734344
6.099275358021259
5.550306171178818
4.168179554864764
2.3698187894187868
3.2634293222799897
4.0119275650940835
3.6285018986091018
3.7985154050402343
3.8126598657108843
4.389267388731241
2.994250507093966
3.7727358494885266
3.5320139662362635
5.738376259338111
2.0026510250754654
5.017270390409976
5.4368294649757445
4.038384194485843
9.38703302713111
5.685234729666263
6.2412672026548535
4.993278176523745
3.472949503455311
4.930458642076701
3.6804855838418007
5.53644115338102
5.604243103414774
3.6045766291208565
5.198618730530143
3.6037535276263952
3.305461656767875
4.428627848159522
7.801504973322153
4.244433953426778
3.5274370163679123
4.0688982349820435
4.410636137705296
5.794232935179025
3.2580792577937245
6.549449543468654
6.132514187600464
3.0093059930950403
5.731810084544122
7.075505125336349
3.1229618708603084
5.542083675041795
4.228214216418564
4.66089288238436
5.791366724297404
2.7924129739403725
5.87916569923982
2.959758682642132
3.1348059228621423
3.4767406918108463
4.016776768025011
3.2603549864143133
5.233557941392064
4.75172137375921
3.8003174969926476
4.554556692484766
4.064132392872125
4.713842530269176
3.688231496140361
3.131528922356665
3.1956841805949807
3.6911221356131136
6.875276847742498
3.137129588983953
3.027787905652076
4.974577885586768
4.118068560957909
2.893802645150572
5.983943931758404
4.7517015263438225
5.1033583749085665
5.55173666914925
3.337670600041747
3.2740213871002197
2.2749991742894053
6.524378995876759
3.8945960933342576
4.7439836068078876
4.938010641373694
3.380913656204939
3.423868193756789
4.960691884625703
5.013041955884546
5.387264438439161
3.4141805823892355
2.9230971201322973
4.303922116756439
6.654066314455122
8.230214542709291
6.928509842604399
3.3888587639667094
5.8206298081204295
7.028896232601255
3.5565648283809423
6.530633794609457
3.372305292170495
5.4023022297769785
3.304527638014406
4.865254596807063
3.4968196279369295
6.141548860818148
3.7098065353929996
3.9732734318822622
3.042869579512626
3.1451422749087214
3.328820812050253
1.7973105143755674
5.037206525914371
1.1124396724626422
1.7824364211410284
2.650141702964902
4.162508071400225
5.533848563674837
3.393566527403891
2.814156695269048
5.773840369656682
3.0158138484694064
6.530553831718862
2.923851321451366
4.707192811183631
3.3729697056114674
3.852467326913029
2.8122231727465987
4.512701698578894
5.053842656780034
6.107098643202335
5.690139511600137
3.083730611950159
3.7921578716486692
4.124588847160339
4.2473235400393605
5.343517225701362
4.867671050596982
4.433075298089534
4.437777785584331
2.9810469266958535
3.005103189498186
2.8360704872757196
2.0817945431917906
3.04061794700101
4.388224916532636
3.7477454342879355
4.040028721559793
4.044364873087034
2.841829242184758
6.2771467519924045
3.9907153048552573
16.087773392908275
5.018899247050285
11.461968730669469
8.031155934557319
8.534844960086048
4.567279408685863
14.003818698693067
11.749758733902127
8.18995002657175
3.513383974786848
4.767017791047692
4.353383882902563
7.9016881519928575
3.2357352166436613
7.421331316232681
7.960359642282128
5.3336454993113875
4.332865519449115
5.701751599088311
6.248295307159424
3.75842361478135
2.495406439062208
6.227042435202748
6.527394570875913
4.710716143250465
4.158153592143208
3.5395975881256163
3.272515506017953
4.095763365738094
5.6721259276382625
4.590413391124457
3.585019593592733
6.3932638806290925
3.650722805876285
9.418764308094978
4.996312246657908
2.937601702287793
5.6176244080998
5.874469633214176
6.111951042897999
7.553890300448984
4.090302780736238
3.7335003609769046
4.7354966714046896
4.562614462804049
7.317084485199302
4.725542606320232
5.4469720353372395
3.666626217775047
2.518437367863953
4.151565643958747
2.9435591362416744
2.4991339799016714
5.170705181546509
4.326252654660493
3.3624533521942794
6.012121762614697
2.8583427113480866
4.162571436259896
3.2584224459715188
3.203414410818368
3.5472601680085063
5.881377919577062
3.1280959295108914
3.5857638474553823
9.455715840682387
8.422381926793605
6.140079670120031
4.69579614745453
5.749446066096425
5.695612911134958
5.993803070858121
5.0472482508048415
6.952313552610576
4.468415225856006
3.5151189253665507
5.334110368043184
2.6901478357613087
6.762238092720509
7.3309157262556255
4.420935632195324
5.577758639585227
12.564402937423438
4.5504760118201375
2.0439868476241827
4.111785540822893
3.1515128179453313
4.543572313152254
7.523091747425497
5.677839543204755
5.128433806821704
4.578104669693857
4.598017684184015
6.260032556485385
5.043183136265725
3.496580658480525
4.616937417071313
4.94809430046007
3.8985098050907254
7.292682449799031
5.26457549771294
7.660409483127296
8.416883210185915
5.015918849501759
6.068088852334768
4.667689366266131
4.696680192835629
4.893668777775019
7.213395277038217
5.593474126420915
5.498264910187572
7.880691829603165
5.183479133062065
8.206390493549407
6.7191408961080015
5.448453582357615
6.188251740299165
7.2659052442759275
4.443524492438883
5.632348746992648
3.942188045475632
4.726767485961318
4.888002539519221
4.62008951138705
8.592793670482934
5.78028305945918
5.2381919282488525
2.63610725896433
5.734901980031282
6.344423484057188
8.897564232349396
7.9033798314630985
7.266275518573821
5.532381420955062
5.224903829861432
3.630153332836926
6.476753600407392
4.05106583237648
6.622187568806112
7.225843313150108
4.624805232509971
4.181707258801907
5.001986736431718
4.996042531915009
4.109590167645365
7.02907498460263
6.580583554692566
4.724050922319293
4.816175342537463
3.660715065896511
6.146975836716592
5.430473298300058
6.4961940329521894
3.942476158728823
8.307107910048217
6.221853748895228
4.462748755235225
2.8955069528892636
2.1040833611041307
6.007287964224815
3.878886939957738
8.46367731783539
4.068574210628867
7.680253357626498
4.297181635163724
4.072721699252725
2.991111540235579
5.960698421113193
3.20573807740584
5.875081601552665
3.2971320492215455
4.036017598584294
4.8800243656151
5.547009496949613
4.413669366389513
2.9728701836429536
4.233638401608914
2.377755149733275
6.459850249812007
4.473756119143218
5.078929754905403
5.038731731940061
3.7787727150134742
4.5607619397342205
4.883720469195396
5.485603479668498
3.859642424620688
5.8487367746420205
5.456391303800046
8.151366276666522
3.6500200806185603
5.950119555927813
5.30877693882212
4.460792681202292
6.345699160825461
3.3756451974622905
4.559851507190615
3.6385679091326892
3.8939762823283672
7.350510135293007
2.7404440557584167
6.803586274851114
3.6152491266839206
7.937108358833939
3.5108798826113343
3.957033177372068
3.672322202473879
4.0993758561089635
4.607289156876504
4.00139274680987
3.8015071023255587
5.134252711199224
4.58248381363228
5.402545583434403
3.2492285356856883
2.245111300610006
7.614371149800718
5.352313526906073
6.417834693100303
4.114241087809205
8.388757470529526
4.74617207609117
3.1028353930450976
4.63800392113626
6.437460305169225
8.769390271045268
5.072905735112727
3.4631846537813544
5.657104819081724
4.776481875684112
5.2672812645323575
6.339841968379915
6.089171172119677
3.395083969924599
5.637622345704585
2.7488870504312217
8.370117466896772
4.307483879383653
3.631858318578452
5.291329427622259
8.293394228443503
2.594820029102266
4.807778919115663
4.400271080434322
4.235557469073683
4.066027353517711
3.1335750464349985
6.291667627170682
3.0095881493762136
6.064079119823873
5.607473277486861
5.310986770316958
5.879150147549808
5.448427001014352
3.0768131059594452
5.004013187717646
3.2833805717527866
5.550782678183168
3.417541848961264
3.164290309417993
4.418345042038709
4.611156590748578
4.370924707502127
4.936942606698722
4.259181005880237
8.109220468439162
5.601007238030434
3.082759606651962
2.4819564702920616
4.002174959983677
2.9477320397272706
3.7179227233864367
5.8915793935302645
3.5740178185515106
2.2779296031221747
2.1762397955171764
4.514597260858864
3.3431734745390713
5.314677330199629
5.979858914390206
2.927858015522361
4.869508856907487
3.994219981599599
3.281953463330865
3.188190865330398
5.124562230426818
3.8041399675421417
2.4364987979643047
4.816482018213719
3.1758449212647974
5.105569641571492
3.0391104947775602
6.585872734431177
4.118456412106752
5.559341634158045
3.9919715151190758
6.306653398554772
6.248912303242832
3.905042564496398
5.473157052416354
4.529614493716508
2.5297970874235034
3.274513534270227
4.286490240832791
2.871165942866355
2.5725043879356235
5.974379663588479
3.0666414578445256
3.257225109031424
2.8398033808916807
2.346934237051755
4.0730916587635875
6.238795338198543
3.143186202738434
4.537358665838838
2.8916966896504164
5.458188547752798
4.782992400228977
3.877478771843016
5.773586879018694
5.558236587326974
3.6739033581689
6.171222555916756
4.348599303048104
2.1588147934526205
7.006997831398621
4.707575519103557
3.158734431024641
3.6782451225444674
4.047038411255926
2.007255220785737
4.455613838508725
6.36011663870886
3.8708717338740826
5.1550915483385324
3.360745816724375
2.815149432513863
3.34884290676564
3.005682236282155
2.939605775754899
4.359088040422648
5.096784487366676
3.7221316755749285
7.106248232536018
2.951341660693288
2.977010279428214
2.6203537709079683
5.8891389379277825
1.5727630795445293
3.5147763774730265
3.1865676168818027
6.639789401553571
8.759096711408347
5.2511944328434765
5.7702083750627935
9.62663569720462
4.594651039689779
2.4120028256438673
3.9495434281416237
1.9449044200591743
2.4940976556390524
5.278501602355391
4.765227134805173
5.229037307668477
4.062670902349055
4.1453051208518445
5.686479256954044
4.2373684900812805
2.7299959710799158
2.7452173735946417
4.433903407305479
3.951043588342145
5.413012918550521
3.131138200405985
3.8756338860839605
3.120033852290362
2.7270512310788035
5.605972334276885
2.2578704115003347
2.761691953986883
2.1364134796895087
2.907165081705898
3.0307157612405717
1.9284129242878407
3.291822033468634
3.0976674896664917
2.9633203223347664
2.0307877147570252
5.923325061332434
5.956424317788333
3.368009796831757
4.036191711202264
5.518695127218962
3.907176998909563
5.990974342916161
3.055530737619847
2.5977809093892574
4.016185740940273
4.198889108840376
3.623892501462251
4.650226536672562
4.125539408065379
4.575931127183139
3.177565640769899
2.179461990483105
2.3457214194349945
5.934735321439803
3.8328187316656113
3.2926319264806807
3.7512811827473342
2.785775630036369
3.411307014990598
3.14462656294927
4.7238212949596345
1.5427684583701193
1.6973289670422673
3.0850968854501843
3.1205216459929943
7.44719643285498
4.008520225994289
3.761008311994374
7.768294341862202
4.567113931290805
5.26044145366177
4.084835068788379
3.4679798372089863
4.840520263416693
5.9362082770094275
3.552437928970903
1.3992018904536963
5.003827192354947
2.0287688272073865
2.151827659457922
3.021923055173829
3.768743417225778
3.789111607708037
2.715580341871828
2.665396281518042
5.158128826878965
5.2399846743792295
4.123225042130798
3.6029138704761863
3.164484004955739
2.5823274636641145
2.3281007478944957
3.86782744131051
2.0116205234080553
2.4684745520353317
3.5955328354611993
6.24551375862211
2.7669745585881174
3.2324927947483957
8.500170273240656
4.634507047943771
4.443856632802635
2.2383285611867905
3.6818364774808288
5.2549375933595
2.915084111271426
3.7204040572978556
3.681502705439925
3.0428155078552663
4.58543277811259
3.340201889630407
3.6764451069757342
5.347012753598392
3.0450986062642187
8.370100365020335
2.701759905088693
6.317773996852338
2.7068546041846275
5.8746644062921405
7.240141367074102
4.105083897244185
2.435400841291994
7.089275503065437
4.982699065934867
4.842405115254223
6.260606974828988
11.885857402347028
1.9929323657415807
16.120270899962634
2.588233375456184
4.486371269449592
3.2003109192010015
2.4732632050290704
3.412958217319101
1.6684862547554076
3.257671043043956
3.5622722497209907
2.7747510164044797
4.3941932786256075
3.7932367166504264
3.0820201192982495
4.012349098455161
2.917788485530764
4.3882103194482625
3.1902020489796996
3.2088319323956966
3.8792924729641527
4.591915731318295
4.348163018468767
2.5059689711779356
5.570600094273686
2.5646345000714064
1.6640322543680668
2.0587263708002865
3.7128498828969896
5.17488725669682
5.315132933668792
2.9061959693208337
2.2930285166949034
3.673198444303125
3.09521677903831
4.104641032870859
2.9504386261105537
4.03378672292456
7.129848612938076
2.972147881053388
2.252296114806086
5.767162712756544
5.090370645746589
2.1237816605716944
6.892811132129282
3.15140790771693
4.906149797141552
4.178662464953959
3.8591421600431204
5.012688909424469
6.290542687289417
3.4806784614920616
5.334956135600805
3.3767584334127605
3.33767384942621
4.437489658361301
2.815381766995415
2.9936969603877515
4.927614480257034
3.25586208794266
4.506936895661056
4.473905599676073
2.0149985440075397
3.1393116200342774
2.6727131330408156
5.26266384171322
2.943682305049151
4.656396701931953
1.982524429447949
3.881203042343259
3.7043013661168516
10.250646573025733
3.0870967977680266
3.417825481388718
4.868143933825195
4.027436444768682
4.532071770168841
2.5699126590043306
3.5356731987558305
6.084390920121223
5.933940621558577
4.354182408191264
3.0789828123524785
2.7392627196386456
5.498637204058468
2.65872416831553
1.957374802324921
3.279695242177695
4.2188733597286046
2.732052874751389
3.881228415761143
4.920630677137524
3.8958156215958297
5.329795153811574
2.80717209354043
2.6883103935979307
1.8680824036709964
2.0319890573155135
2.7766461800783873
2.351914325263351
4.867796580772847
5.1699231611564755
4.605850413674489
2.1695165089331567
4.440387260168791
3.713070845697075
3.143070557154715
1.9195472749415785
3.4784560459665954
6.009579305537045
3.82017719745636
4.548524863552302
4.410211357753724
3.131933091674
2.5238435748033226
2.78775120456703
2.6393272802233696
5.064713372383267
4.461697752121836
2.285551577806473
4.5910298533272
1.9549707816913724
4.53790503856726
3.5065650423057377
5.349885005969554
3.918744678143412
3.6342473817057908
6.392626301385462
7.940405852627009
2.1754022133536637
4.795680237468332
5.781023331684992
3.5873994659632444
3.1823560972698033
2.144061867147684
5.337233871221542
4.026505303103477
2.8246254483237863
2.1927128518000245
3.748129941057414
4.162346846424043
5.30423352913931
4.542636439669877
3.179543445352465
3.63650857238099
4.676786279771477
5.324863702524453
7.647731062490493
3.4702108073979616
2.8288798960857093
2.6860566465184093
1.6675853712949902
6.8285499648191035
3.4719621879048645
4.760848009260371
4.057048238348216
3.67758471891284
1.7784128715284169
5.0159760056994855
4.34422130137682
2.4323529871180654
3.9415816366672516
2.2687290417961776
3.91185933817178
2.655649011954665
3.544068603310734
3.302050902508199
3.5370909851044416
2.728982843691483
2.43513020966202
4.451308880466968
4.274547895882279
4.189715798944235
3.555099673103541
6.491744533646852
3.333486228249967
4.5970482444390655
3.9908317434601486
3.6364629198797047
2.6681622839532793
2.3649972383864224
2.910800951998681
5.600617380812764
2.890885768458247
2.798807244747877
2.1696086367592216
2.4134375215508044
4.613572051282972
4.56449784245342
6.040579841006547
3.565053468104452
2.686466902960092
3.0199460303410888
3.2400883545633405
5.635519211646169
6.562994635896757
2.0139983913395554
2.3887992897070944
2.3180890842340887
2.4582422729581594
5.642556166276336
4.498078897595406
3.285078556742519
3.448347847443074
4.105808642227203
2.5062949410639703
3.2120272223837674
6.713220673147589
4.242939304560423
4.498884285101667
3.6456494382582605
3.1733322022482753
3.5852229702286422
3.274339964147657
3.5454147062264383
3.546926957089454
3.906033684499562
6.60271764639765
3.455300529487431
4.453030156437308
2.394817490596324
2.983975917333737
2.830760464305058
3.814138907007873
2.5081407341640443
4.681871714070439
4.453777029179037
4.895691842306405
5.537541911005974
3.656354253180325
4.35248923394829
4.627714802278206
4.292275520041585
2.5343541465699673
3.5659936387091875
2.0712759415619075
5.660270262043923
2.574847074225545
2.294179757591337
2.857439353130758
3.649791395291686
4.169374190736562
2.3547983895987272
3.0941332809161395
2.1397952472325414
3.145601882599294
4.398664631647989
3.7189874332398176
3.5883999476209283
4.168418388813734
4.795222477987409
2.829917091410607
2.7503103562630713
2.563901301473379
15.860432577785105
6.61311306245625
4.442255930509418
4.474691640585661
3.91066142776981
3.4458247181028128
3.3673684033565223
2.190853247186169
5.330857129301876
4.787579520139843
3.217435327824205
2.764569617807865
2.2651512725278735
5.1422686581499875
9.751665852963924
5.780046706087887
3.0746100414544344
5.296444844920188
3.2178576667793095
4.161232850514352
3.0707249918486923
6.155113726621494
3.2749702611472458
4.844340086448938
4.47384684253484
1.9820175245404243
2.4728142195381224
6.696436253841966
3.2155832266435027
4.211238463874906
3.6940453397110105
3.1211662888526917
2.0412701219320297
5.7327464101836085
4.370825681369752
2.9963231193833053
3.8830476221628487
5.854096541879699
2.962295322213322
2.7178216953761876
1.9489940369967371
2.5564946215599775
1.7351296972483397
1.9510758258402348
2.58734410116449
2.6326689939014614
2.664184296503663
4.631768646650016
3.7850584322586656
10.2213956261985
6.310604754369706
3.307559604756534
2.9869142919778824
3.119783518370241
4.206576718017459
6.918807364534587
3.6847777822986245
6.297927830833942
4.000146774575114
3.956784480251372
3.2628435068763793
3.491200565826148
2.610637439414859
3.4458574252203107
2.087849416071549
2.201278069522232
2.2307943156920373
6.2516683167777956
3.352901620324701
2.6495538842864335
3.2988499253988266
7.049406843725592
7.7140555046498775
2.99444313114509
3.3905453206971288
4.14106931630522
6.217142263427377
2.695514941122383
3.093509778380394
4.2127120438963175
3.8252852391451597
5.296558174304664
3.957996910903603
6.083354671485722
4.157157892361283
2.6718788370490074
3.4534832728095353
5.40137394098565
2.9038139421027154
1.7947163237258792
1.8908968959003687
2.630018084309995
3.6372543494217098
3.8296119142323732
3.982456047553569
10.463432288728654
2.1918944532517344
4.41571208788082
5.29482006886974
3.0763880596496165
2.64709658594802
1.0805584110785276
4.285140591673553
2.3715721564367414
2.22172848880291
2.6288869983982295
4.379270332865417
5.554775592405349
3.5031794679816812
2.1532147554680705
6.249617158668116
2.6053485330194235
2.898245292948559
2.1527573398780078
3.1351207909174263
5.131731478031725
4.392485362011939
4.420450808247551
3.168668676633388
3.260985327186063
2.134232226992026
3.4709933244157583
2.8865313166752458
2.9172323984093964
4.748983289115131
1.6538451944943517
3.1458568605594337
4.135948384646326
4.050536880269647
2.974596767453477
3.0845400309190154
3.905432673636824
3.6992026534862816
3.2149277753196657
3.2887826315127313
3.733746341895312
2.77755188383162
5.24141099723056
3.4186286157928407
3.7309319814667106
5.059996485244483
2.299623252823949
3.300798465963453
3.040697099175304
3.3535677948966622
3.6361528364941478
2.549799885135144
6.439334837021306
3.746600391343236
7.029018807690591
4.665551751386374
2.1244830428622663
4.940828124992549
5.769402231555432
12.044805129058659
7.534551150165498
3.241614643484354
6.088917708955705
2.2653838275000453
2.838391624391079
3.321882878895849
1.8757877424359322
3.9110782258212566
6.715540820732713
5.454766656272113
2.227276344317943
3.0053156297653913
1.9074400707613677
3.4091856605373323
2.5949710523709655
4.662444394081831
3.2771505592390895
2.7809998858720064
3.4876281754113734
2.6702799850609154
4.301734006498009
2.626019039656967
1.96011644275859
3.2055639741010964
2.379607159178704
2.1932511059567332
3.478343302384019
3.092335536144674
2.560378485824913
2.0221049699466676
3.1594092519953847
2.0886202193796635
0.9006831152364612
4.467925568111241
1.6881023170426488
2.9520698045380414
2.3133076555095613
3.678720910800621
2.053143234923482
2.452644335338846
4.758558661676943
2.8018748280592263
4.935625991784036
3.2401768318377435
2.6368556725792587
3.1442966130562127
3.7586301097180694
1.9624239983968437
2.6623293354641646
1.706776650622487
1.7687783150468022
3.1745705702342093
4.514094748534262
1.9087845699395984
3.413170268526301
1.9161418087314814
2.91996169090271
2.7455994836054742
2.775443837279454
1.9230020218528807
2.0478958496823907
3.583423101808876
2.7620112309232354
3.1627688333392143
3.169872021768242
3.0054702372290194
2.8468420724384487
1.963798129465431
3.48788506956771
2.7728356518782675
1.5972037613391876
2.2791086831130087
2.616030606906861
2.924597534351051
1.7314131755847484
3.054848882369697
3.7270152363926172
2.288099582772702
2.0899294377304614
4.328990947455168
4.790601493790746
4.343655910808593
3.2283112057484686
2.330700776539743
4.077786803245544
3.223569263005629
2.240881616482511
1.3761206422932446
2.5436783130280674
1.7110484316945076
2.4949085749685764
3.085224493406713
4.965173874981701
2.310289443936199
2.886363943805918
3.3512039510533214
4.543763698777184
5.310608831001446
3.397341911215335
1.992282417602837
1.4570743490476161
2.400878900429234
3.6095216684043407
4.639585063327104
3.8106932914815843
4.8138223208952695
2.7761602480895817
4.319551686290652
2.8627792331390083
1.9631944014690816
1.315520389471203
2.5822686832398176
3.764540519565344
4.994503409136087
2.5232047573663294
3.134993478190154
2.39531380077824
5.766711782198399
4.216473022010177
2.786678514443338
3.779697966761887
2.6017410969361663
5.5791677022352815
1.4752817498520017
6.1761305029504
2.1554897692985833
2.387304261792451
2.166226901113987
2.9895655307918787
2.7261387477628887
4.718073611147702
2.5542910841759294
2.4753365153446794
3.627563573885709
1.6260941054206342
3.881198433227837
2.9427921609021723
4.709279759787023
6.998975416179746
3.414545854087919
2.207035804633051
2.933406002819538
2.807716893032193
1.6208715215325356
3.79255314450711
2.3236613001208752
2.158744652289897
2.5567022203467786
2.223844428313896
3.8375447439029813
3.9918532599695027
4.116283391136676
5.064451641403139
5.7734116916544735
1.9602798540145159
2.2683473855722696
4.258199385832995
3.008292294573039
3.6809821417555213
3.1485785180702806
2.588951747864485
4.8513392065651715
1.7743372430559248
3.609257589094341
3.5462248316034675
4.130207048729062
3.858316071331501
4.817099630367011
4.157477105036378
2.5086499047465622
3.350623616017401
1.8193684977013618
2.267619315069169
3.0263632400892675
4.413427667925134
1.6077121272683144
1.155331728514284
2.1403150691185147
2.6974616625811905
2.394797612214461
2.1799955181777477
1.633942467160523
4.442872534971684
2.7728335426654667
3.1631546458229423
5.319498056545854
2.696624151431024
3.293773931451142
4.829235449666157
4.709034059196711
1.6627776629757136
1.6551462986972183
2.562734196893871
7.803942614467815
2.517792030237615
1.7426249496638775
3.542476711096242
1.5370418326929212
5.227794602978975
2.2847366123460233
2.471739481203258
3.6774002599995583
2.7878245622850955
3.873361268080771
2.5874989689327776
3.4460547822527587
1.815449999179691
3.22441789903678
3.497313803527504
2.948232229799032
2.269742602482438
2.62713454477489
2.4544109823182225
2.7026434908621013
2.3623032942414284
4.020344652701169
2.7144670854322612
2.8959282501600683
2.3597350637428463
1.9210837283171713
3.492859724443406
3.1602208521217108
4.016687046037987
5.178166630677879
5.021733758971095
2.67926229769364
3.144813608378172
3.0825394694693387
1.8915529274381697
6.088500186335295
2.7414370090700686
4.447082753293216
5.485614966601133
3.08936022920534
3.4881949606351554
4.61364831821993
2.9545454047620296
1.7079581734724343
2.005587172228843
2.9391370229423046
2.134947960264981
4.139426809735596
2.0915410281158984
2.2951713579241186
3.5471306280232966
2.9421223984099925
1.9870881556998938
1.1519741718657315
2.5195538117550313
2.5440605701878667
3.026617499999702
2.1801075786352158
1.5203621434047818
2.1472639180719852
4.968949947971851
2.771825930569321
4.769115784671158
3.0231114495545626
3.114780304953456
3.2137768655084074
6.750408266671002
3.422347954940051
2.991092933807522
1.8518855175934732
3.2286674971692264
1.9610634604468942
5.6006203927099705
3.350886619184166
1.1084632771089673
1.9563374510034919
3.3955546831712127
5.199852783232927
2.4910400887019932
3.348247152287513
2.7919377093203366
2.3268448698800057
1.8108842368237674
4.608477741945535
3.431921019218862
2.751553204609081
2.516854768851772
2.9670960989315063
2.2577814431861043
1.850297852884978
3.350687993923202
2.1039767814800143
1.598927001003176
2.8758125444874167
2.936285754898563
2.2919709477573633
2.87347541609779
2.010103905806318
2.641097222454846
2.0348468529991806
4.410015103872865
2.4305624873377383
3.4791603414341807
4.673115535639226
3.2220571036450565
3.145786160370335
6.5507121086120605
2.6513283373788
2.2349901397246867
2.3265171486418694
2.7790206372737885
1.406153782038018
1.4307552613317966
2.147694776300341
3.448269674787298
4.5671411857474595
2.0531446132808924
1.6580593474209309
5.734613722888753
3.36683940095827
3.679105620831251
5.227832704549655
2.039233128540218
2.1282020304352045
2.4086936528328806
3.1950886067934334
2.4885218432173133
3.0278566321358085
2.7370371122378856
3.8717924419324845
1.6548396400175989
4.05486745829694
2.419926653150469
2.2043906510807574
1.373613452538848
1.402118232101202
4.0274070729501545
4.411914108786732
4.4922243296168745
1.637038117274642
3.514318303205073
4.611179686617106
6.367505212780088
5.75737097999081
4.701475237496197
3.2295272110495716
1.7295010148081928
8.34220063406974
3.4942051684483886
6.326432663947344
4.97441139863804
7.706658237613738
2.185983863659203
1.5831133667379618
2.9304623482748866
1.5026650680229068
1.9473483848851174
4.831042436417192
3.0407740655355155
2.562994996784255
3.246991136809811
2.084168222732842
3.065703977830708
5.3561699679121375
3.880296832183376
4.886558961356059
3.0954329788219184
3.605203574988991
2.931673006154597
4.066639423370361
1.6716484702192247
3.2729473183862865
1.469944833777845
2.7493506527971476
6.133980985963717
2.9161580922082067
2.2901255977340043
2.412454885430634
2.949948000954464
5.106546601746231
2.5358016658574343
3.863996348110959
3.986096302513033
2.7803027557674795
3.2666947417892516
1.6343675120733678
3.420158005785197
1.4907181006856263
2.1415832315105945
3.6565797510556877
3.570013198070228
2.7843193183653057
4.987972780596465
3.1490347292274237
2.328292370773852
2.386191111523658
2.890726279001683
2.867144136922434
3.5061580350156873
1.9188844696618617
3.421702872728929
4.129761039745063
4.155684330035001
4.11094661289826
4.0068218489177525
4.709381840657443
4.105265591992065
3.5957902623340487
2.297521809116006
3.0557380598038435
2.039351188344881
3.3885297311935574
2.3234679833985865
3.2510949806310236
1.6768570193089545
2.323170178802684
4.043382173404098
5.514370587421581
5.058959899004549
4.366927016992122
3.730207625310868
1.6593007266055793
1.5452461773529649
1.9606578228995204
1.5887991287745535
1.8528169239871204
4.961783027742058
3.314420749899
3.4470498911105096
1.942915579304099
5.667519226670265
3.934159919852391
1.5691842641681433
3.1201068945229053
2.027375840814784
2.6389593738131225
2.5464075640775263
3.7022723152767867
2.6507166419178247
3.0781261613592505
3.50755055854097
6.7394747622311115
5.436229692772031
3.3522017071954906
2.8352359025739133
2.059468583203852
3.594734757207334
2.151904211146757
2.5815496961586177
8.052276136819273
3.914723778143525
2.8969515953212976
3.572288772556931
2.6831224183551967
2.4139100671745837
1.8561227302998304
2.506565556395799
2.0391571756917983
1.5411271122284234
1.507234973483719
5.809933124575764
2.958534744568169
1.2977940428536385
2.5406982756685466
1.1975087185855955
7.481381639605388
3.35745264030993
4.655974528985098
2.777239707298577
4.199351834366098
2.616347568575293
3.581926283426583
4.659857839113101
3.156215141294524
1.5949617598671466
2.813644628273323
1.6609805836342275
1.7919874773360789
2.8754376783035696
3.6318410662934184
1.4651478754822165
2.787706663366407
3.476510889828205
2.405839133542031
3.466381197795272
2.0975505597889423
3.0065349340438843
2.7546677561476827
3.536000518593937
4.8529422304127365
2.1103223382961005
4.092303837183863
4.7326332945376635
3.4983987510204315
1.789638582849875
1.6240360117517412
2.2337401031982154
2.7647796091623604
2.1508378963917494
2.7748864865861833
2.191516026156023
5.855495046591386
2.974085047841072
3.9271921403706074
2.9672559758182615
2.2692180816084146
4.685770373325795
2.6947544084396213
4.035425708629191
4.136113008018583
2.69877571426332
2.756104724947363
2.2739899079315364
2.4790542242117226
2.1828592978417873
1.5210631862282753
2.7163985138759017
2.2066340160090476
2.077238526660949
1.6166556735988706
1.6423197861295193
2.7642829336691648
2.207069646101445
3.1623127292841673
2.1122455985751003
2.0085609073285013
5.377098452299833
2.053723218617961
4.5990788992494345
1.7321888485457748
2.307371706003323
3.8104027500376105
1.3355586377438158
2.0265108172316104
2.4410107259172946
7.399431276135147
3.8884472067002207
1.345276914536953
2.5582869201898575
3.3340648747980595
2.9806950418278575
5.453254570253193
4.7099699904210865
2.875829360447824
1.9066968974657357
3.9201732468791306
3.1644913987256587
2.1426068362779915
2.141905153170228
2.1105733562726527
1.758571601472795
3.3297605477273464
1.640532486140728
3.8149282357189804
2.189619625918567
1.4437204918358475
4.201164949685335
4.672402498777956
6.279996923170984
4.332693748641759
1.3764808138366789
1.8867603582330048
3.5028449408710003
2.1159150572493672
5.4821540410630405
4.027174168266356
2.1147885795217007
1.9750102874822915
3.001537234056741
3.740024072583765
3.2008342330809683
3.4228268531151116
3.9219021825119853
2.1458440255373716
6.02497687516734
2.1843983891885728
3.3465113502461463
1.33770862640813
2.1981021715328097
1.8306923613417894
2.860565836308524
1.7524870575871319
2.9112908067181706
0.9591060255188495
2.5554260849021375
3.462959112133831
1.8781925705261528
5.549464733339846
2.0025812913663685
2.2323538842611015
3.195883114822209
3.397302030120045
2.263020524289459
2.299513134872541
2.831427827477455
2.0051796592306346
3.7307944232597947
4.022052725311369
1.1810579418670386
3.0439611142501235
2.3976512330118567
3.381470345426351
1.8546296271961182
4.116960615850985
4.61878166673705
2.3575980039313436
2.9967230577021837
1.7216313015669584
2.6326013412326574
3.892904568463564
1.9697509803809226
2.4044653344899416
4.5421018418855965
2.0179549334570765
1.0001055665779859
2.0678302831947803
2.683386374497786
2.9567964773159474
1.9283288063015789
3.3382250126451254
2.3306340854614973
4.360490884864703
6.4870118838734925
1.9338582754135132
7.601501829922199
3.6419239309616387
2.6534085273742676
3.9873840890359133
2.2730983458459377
1.164890615036711
6.0365931482519954
2.0211265792604536
2.676723984768614
2.6492226992268115
3.284366406966001
2.632419329835102
2.004798224195838
2.1357226301915944
1.3782777353189886
1.85879042185843
2.431223305873573
3.108854199759662
2.8446054570376873
2.215730094118044
3.592060058377683
2.0136222196742892
1.0598166547715664
1.766850366955623
3.032198358559981
1.6714537311345339
1.5295980465598404
2.151029224973172
2.773104077670723
3.560192211996764
3.914579622913152
4.057861402165145
1.8889207586180419
2.0942216322291642
2.899979996494949
1.0702533063013107
2.6341079641133547
2.220446762163192
1.6788350387942046
2.763677443843335
1.787995733320713
2.759823950473219
2.316067453008145
2.986056667752564
3.446107787080109
2.4930611646268517
2.321224706247449
2.638457397464663
2.1576076976489276
1.6583416594658047
0.89182965666987
3.182657365454361
4.2142185845877975
6.4261091547086835
2.421192188281566
2.4083478967659175
1.7139638143125921
1.6512769972905517
6.327718229498714
2.9255131408572197
4.069173677125946
3.28094678837806
1.6257274795789272
2.8917695784475654
2.886884907959029
4.2909920094534755
2.6819644826464355
3.0013957906048745
4.136343525489792
3.3949471986852586
3.6174498684704304
2.7266119327396154
1.6515560175757855
4.449893748620525
3.0928714752662927
1.577585535356775
2.7438343602698296
4.781968804076314
3.7389881908893585
2.2321831225417554
2.5731350453570485
1.4640303303021938
2.0172241660766304
2.7737761735916138
3.517566235503182
4.7796206986531615
2.0238624098710716
2.124986102571711
1.6575820550788194
1.9851377687882632
2.2339715189300478
2.3622137866914272
1.4633666973095387
1.8151666538324207
1.8778967619873583
1.9000781362410635
3.7449030114803463
1.8671806151978672
2.7592572837602347
2.649660305818543
3.495164190302603
3.763191760517657
3.0610833051614463
5.057825483381748
2.089548989897594
3.2714614467695355
3.1403337167575955
2.2525692619383335
0.8428908765781671
1.3446094563696533
1.5499042554292828
3.1363518319558352
1.7234369022771716
3.015088226646185
2.8830302502028644
1.812835979508236
2.637083967216313
3.1615708051249385
3.233619616832584
2.464919737773016
1.825035102199763
0.9721416491083801
2.6685522124171257
4.591280533000827
1.8140152574051172
1.7050299833063036
3.7803123185876757
3.5047472715377808
2.6302621352951974
2.015559375518933
3.5572424333076924
6.260993155417964
4.270507744979113
2.1275373441167176
4.2059995089657605
4.267044991720468
3.408140846993774
1.668356945272535
2.381719534751028
5.864513840526342
2.3676439356058836
1.9886036792304367
3.6895527113229036
2.76493116421625
2.1773291751742363
2.2577727898024023
4.328243595780805
3.1608528976794332
2.3616688307374716
3.0627993680536747
3.9231051825918257
1.6916435670573264
1.3592109102755785
2.4161163843236864
3.4994867898058146
4.610502854222432
2.8425976615399122
2.503000844269991
2.0621978994458914
1.7344983867369592
1.176965312100947
2.0670312913134694
5.638900077436119
1.736858731135726
2.8230774758849293
1.3466315118130296
1.1688656695187092
0.7601558421738446
2.856395520735532
2.987142967293039
1.42227861774154
2.59182007284835
3.5271334522403777
2.7367084168363363
3.9572356450371444
1.9280916086863726
3.8872827743180096
1.8852037596516311
4.560084201513775
4.8442543175012345
4.679181502925025
1.988897133204672
2.8098726156685085
1.6613863479523432
6.124288019206789
3.1497158270979684
1.5718538373235673
1.4640555287164354
3.6571667182540137
2.1115446838121565
8.992458305661641
2.782681627879067
