11.424776996485889
6.809341602260247
6.745469298446551
6.379065498709679
8.000651256646961
8.573224159423262
8.153763345908374
5.059107640758157
4.695976759772748
4.398517407709733
4.576658100122586
6.58272161334753
4.498980419244617
7.6727663688361645
9.918762187939137
13.046002460643649
12.658605399541557
10.763857966288924
11.82474197493866
14.616281002759933
13.50091543328017
18.68769504968077
19.96614288724959
17.247809436172247
22.76896365825087
21.34194198809564
22.291004044935107
18.337395079433918
13.983305861242115
11.961840469390154
11.689131832681596
8.609424280002713
7.617867803201079
8.885540050454438
7.8473164099268615
8.25635839952156
6.326276816893369
8.202718264888972
6.217751062009484
6.232026980724186
5.523009622469544
5.010978909209371
5.762390229385346
5.256005976349115
5.898045602720231
5.527206490980461
5.2366561910603195
4.779221437405795
4.891979370964691
4.712267911992967
5.061575584113598
5.640171130653471
5.9356896441895515
9.046839614398777
7.487896340433508
7.283087260089815
6.981133908033371
7.714484420605004
8.882702763658017
10.053413022775203
10.988540996797383
10.822030602023005
10.75926163746044
12.000507838092744
11.634162903297693
11.753552466630936
13.59520445112139
12.256314211990684
12.575348465703428
13.695184220559895
13.635397776030004
16.03556088078767
14.081514980643988
13.888034675270319
15.075830868445337
17.221969367936254
19.060921870172024
18.221804746426642
18.889161217026412
21.375011664815247
20.83845605235547
24.67552079912275
17.062594044953585
20.156449475325644
21.62193783186376
20.908575129695237
22.017122785560787
20.492819094099104
16.089096311479807
16.19011700991541
15.728459958918393
15.577237994410098
16.84689716808498
16.21087443549186
14.690151183865964
14.746952428482473
15.255736545659602
12.751134763471782
12.092669126577675
14.020706417039037
13.697490049060434
11.656355979386717
11.676311356481165
12.154730716720223
12.824484772980213
11.686907373834401
10.726653612684458
10.951938769314438
11.633160756435245
9.452939737588167
8.380058554466814
11.084053390659392
10.937593913637102
10.837661500554532
10.456338611897081
10.37578360317275
10.123072784394026
9.935739323496819
9.18387853121385
10.357297152280807
11.631617898121476
10.702366946265101
9.571987216360867
9.818321900907904
9.618649797979742
8.984211486764252
9.787716921418905
10.159032410010695
7.365046191960573
6.937339241150767
7.070005999412388
8.349638923071325
10.138913439586759
9.102727319579571
6.188426794484258
8.684986046515405
8.062586585991085
8.809305833652616
8.665820656344295
9.99695817893371
15.765531963203102
11.440847772173584
11.107265498954803
10.731371632311493
15.309992907568812
30.685116343200207
18.4117717621848
11.61319778719917
10.590680505614728
11.624194431118667
8.714513869024813
8.39398452360183
9.702901423443109
9.72688472410664
10.310617356095463
8.718582151923329
7.063206769991666
9.53390835179016
9.089150067884475
10.408673122525215
7.204042556229979
8.617979557719082
7.842977640219033
10.157248941715807
10.71060300571844
7.564402856398374
8.77730886824429
8.551749429665506
8.291432533878833
7.717450164724141
8.672679115552455
7.635365118738264
9.8996258135885
7.098349742591381
6.497838945128024
6.922573264222592
7.640983125194907
6.914650727529079
6.4670831905677915
7.608883918263018
8.43456227472052
7.470085543580353
9.661635804455727
6.228796612471342
6.8740274561569095
6.736127048265189
7.839206163305789
6.182986868312582
9.825954025611281
9.713818795979023
7.240528609137982
8.269641245249659
7.798580392729491
9.941212951671332
8.676129586063325
8.198901326395571
7.401611934881657
7.400688414927572
9.276690052822232
7.156428399961442
6.921163092367351
6.526575032388791
9.852974378503859
13.439932204782963
9.239445912651718
8.75960847409442
6.508588794153184
7.731636838754639
7.022279678378254
6.599514219444245
7.332422006409615
5.758527040947229
7.415245946031064
6.0248527731746435
7.099788424093276
8.961430246010423
7.374661821406335
7.055164441931993
6.654782155528665
5.622169118607417
5.844637919217348
7.106882948428392
6.829854551469907
8.684501757845283
6.106308932881802
5.162803378421813
7.515662693884224
5.879912827629596
7.054436726029962
5.190042122732848
5.644674692302942
8.245089713018388
6.98691084026359
6.203614381607622
6.512039250694215
5.727771167643368
5.717265106039122
6.593470136169344
7.6443242696113884
5.758086419664323
6.51702560740523
6.6431040107272565
5.457758971257135
6.034992845728993
6.061558476416394
7.0145728387869895
7.121744834585115
9.02884286083281
5.8497492803726345
6.400720641948283
4.86815584381111
6.672319181729108
5.485480437986553
6.5452314738649875
5.647556488402188
6.253295721951872
5.189105309545994
6.6812754173297435
7.026130461599678
8.569675283040851
5.430320828454569
5.228372338460758
5.841718275565654
6.762576214969158
6.316164671443403
6.420921731740236
5.059285317314789
6.931939865229651
6.469286981038749
6.563878110144287
5.930423758691177
7.4509968280326575
5.892259670654312
5.977732488885522
6.0444337541703135
7.550317701417953
6.904517876682803
8.510091857519
7.902886927593499
9.217075540684164
8.523919960018247
6.889401356456801
7.294733590912074
7.727015230804682
7.6878860467113554
7.1148558291606605
8.691265160683542
8.63754057791084
10.550124306231737
6.619002848630771
6.91221865080297
6.741774907335639
6.312904792372137
6.326849695760757
6.127209269208834
7.572477751411498
6.184577969601378
5.77199477609247
6.9183652913197875
5.934553683968261
7.679923784220591
6.58873784984462
8.008837320609018
6.263864523498341
6.366468082182109
6.431034431094304
6.876729422947392
5.573392749996856
5.5011081176344305
6.889970970340073
7.145359283545986
5.554410278331488
6.611571172252297
8.748034107033163
8.380382120376453
10.783158692996949
7.424795813160017
9.805718064308167
7.843804409960285
5.807466850150377
6.580782471224666
7.653501404915005
5.664303258992732
5.689051809953526
5.965286559890956
7.236679397523403
6.332142926286906
5.685914863832295
5.8483741690870374
6.72040338953957
5.779860594775528
5.576442153425887
7.51321071293205
8.850483254995197
7.896162803284824
7.398286597104743
7.086304848082364
6.883832960156724
6.707193468697369
7.144447868478064
5.9214519832648485
6.647765188591153
7.302679974658816
8.66145004080791
8.461782846497554
8.19885571867812
7.227828141754749
6.213990487771876
6.529466774650649
5.385014737821093
5.8189853841183234
6.88614617913377
5.941517816805372
8.468083321814444
11.82264095287697
10.070197673872405
8.865093836597367
9.330390672823961
6.385557502157548
6.484557260719
6.011192986544441
6.250936365361307
6.259056566509546
9.442917116716796
6.0492883364359535
6.041875803236868
7.321726901390973
7.941864467134662
6.547463345761392
5.864938942825093
6.165254761190975
6.926126092555476
7.9572394385057335
9.44103869082881
9.267569078651128
7.496121610847174
7.748140932999405
8.051881627943002
7.329596473890192
7.678807337143842
7.331052766594232
6.628600519544938
8.540380045946907
7.602636432180217
8.54953571955363
9.11265826552522
5.846505292256674
7.118125867609884
7.123739653475145
6.664035721853668
7.137350105070601
9.681406593322754
9.104737890467923
11.18015228767021
8.316700877629074
6.986820524346594
7.687633430022819
6.472374841044931
7.312855722857456
7.138663886575138
6.215906404513939
6.123391770849041
7.450602599920011
7.886118984689899
8.63525522549947
7.686206445506975
8.241062568449507
7.406202604490168
8.092053826182497
7.410262608761881
6.499890436845667
7.329176938066295
8.683990682807623
7.903417685218886
6.237320002621296
8.139544144798728
7.81699030305825
7.743732510594761
7.197679485059252
7.243693991268382
8.185001334957049
8.047132180251328
6.727561925906761
7.506893891914218
7.714819515452666
9.735176108865177
7.207860374684428
10.03530777014938
7.727942516756992
7.865219647276636
11.077271432502597
8.289370246494517
7.507763150626538
8.413747491556055
7.926723127739102
6.530525127111697
9.044755603285397
6.685505462394041
7.81848051290886
6.240069536601796
8.993464777048896
8.716923920547261
7.1147988805583875
5.8266759440010665
7.198517012128643
9.358254218101502
7.43769815271976
7.3468780382006775
8.074829500095516
6.596683424594356
7.499010272587047
6.047031105032154
6.674159312949461
9.889587258357627
6.309964133010191
10.522433960204031
6.825658264814638
8.531324047668308
7.466711004575093
8.492865281479032
7.384736533258476
9.883863034902834
7.419482631776847
8.931020621224945
8.472948294761133
6.771687615618986
6.882527674646939
8.363284909023958
6.5853594735556955
8.000735483450049
7.1887598084468465
6.800045353992313
4.83515676353492
7.631979386479247
6.9769866926997315
5.947609235492407
9.249165219419142
7.6110961818227585
7.599115327059054
6.247090935239605
10.964338433742522
6.936740115810843
6.920040363190221
10.793657138300876
9.274406547172397
7.84790500051835
5.8356345274869135
6.911401574284422
10.016074099961449
8.01724035389283
6.343080093813877
5.395568271945504
5.8737741699405746
5.993578108151754
7.860614567644456
7.760348303645265
9.827930907875883
7.4280810959198895
6.763690421628017
6.85720288847007
5.333042163007399
5.196387358740265
7.237494850626179
7.165191583539926
6.836109544950373
