0.04129032208584249
10.430487781064585
33.94653244689107
15.639119285158813
34.58972592558712
87.17526275943965
42.86589246522635
39.2338478169404
19.91444386332296
64.52354964846745
30.796293687075377
27.362556571140885
34.19976148381829
20.898766424506903
24.648038988932967
25.349523777142167
10.848114361986518
29.44786954112351
31.92736517265439
26.22840888146311
22.491650316864252
10.657302216161042
13.51812575571239
8.550852252170444
19.107495688833296
8.08144198358059
16.310160828754306
18.053692273795605
4.446216719225049
5.379077824763954
11.223316993564367
14.556887987069786
15.137701466679573
9.324083579704165
9.618403087370098
11.839105849154294
9.600498137064278
5.25924215093255
6.309501340612769
4.022880418226123
7.55543415620923
9.524102665483952
11.581955220550299
13.253414718434215
9.53413861989975
8.148378258571029
10.703413000330329
10.432821724563837
12.570835148915648
18.327810330316424
8.032009026035666
19.255257971584797
11.702205901965499
14.348062654957175
11.800252556800842
4.3417951092123985
12.730463786050677
16.833385653793812
18.108709566295147
15.05965662933886
23.010518338531256
21.092976786196232
59.02255427092314
68.98406134545803
24.58272774517536
23.187546256929636
12.928844459354877
10.340651258826256
11.945922665297985
15.72958373837173
10.289911144413054
32.47477687522769
13.523159191012383
12.653452310711145
18.60029551014304
31.580415561795235
14.327842278406024
16.58558634482324
11.826310366392136
17.352359415963292
21.007352767512202
15.833596602082253
17.227189438417554
12.403900412842631
16.45526283979416
13.537634797394276
19.68746303766966
12.88231279887259
9.02008674480021
8.655739760026336
16.160663902759552
10.662376181222498
9.609061473980546
13.481050850823522
11.16752940043807
5.731121867895126
8.661693865433335
8.215064384043217
16.785880401730537
18.97988336160779
8.388017250224948
9.201391676440835
11.288251217454672
9.726501477882266
8.71210927888751
10.993368534371257
20.40014606900513
16.86373559385538
11.935523578897119
18.88952560722828
6.853543044999242
9.295489573851228
23.100240893661976
13.328639160841703
12.023382361978292
3.8355960492044687
13.620060676708817
7.21890651807189
7.764987625181675
11.368483498692513
13.522044654935598
4.06997000053525
10.718117963522673
11.89900055155158
12.39141090773046
21.77632899954915
9.719383832067251
7.337433157488704
9.111206915229559
8.361811904236674
12.499268306419253
7.464761558920145
5.687451962381601
17.879751099273562
12.028438149020076
5.566386604681611
12.403981005772948
12.524314967915416
14.450554680079222
8.831682551652193
9.203766921535134
14.248759238049388
6.9193406365811825
8.649747755378485
9.558537423610687
5.614173766225576
8.172725595533848
10.883320216089487
11.264031745493412
19.554556855931878
11.857684258371592
12.040538419038057
10.104742474853992
6.288438381627202
6.940056489780545
10.251970369368792
4.780068287625909
7.157791819423437
18.14985278993845
6.497383425012231
13.244230818003416
14.589208653196692
7.643225206062198
8.356333570554852
4.81967793405056
13.793839737772942
6.303876711055636
14.734936781227589
17.364749249070883
21.96315722540021
10.574533125385642
12.265182226896286
8.982837712392211
15.830674171447754
12.085468206554651
8.870119914412498
7.171456854790449
12.79059286415577
7.887638624757528
4.502468330785632
12.987585071474314
10.3278844691813
12.586803752928972
14.486575378105044
5.948693051934242
10.742327328771353
9.560787588357925
10.865960072726011
13.117167526856065
3.4378843046724796
11.778110237792134
2.9231374375522137
12.028726816177368
18.648714296519756
22.91388502717018
25.70374884828925
13.136071223765612
15.825269378721714
15.981646116822958
11.339391872286797
12.623554978519678
12.16403604671359
5.670421650633216
6.966774877160788
15.336320711299777
15.112253788858652
19.35107856616378
5.067986756563187
8.092314545065165
11.93765957467258
10.335595462471247
8.364494867622852
14.797441678121686
10.449609523639083
16.298835705965757
6.0034193228930235
13.767536845058203
14.12514497153461
7.413917154073715
7.0794373620301485
11.084076896309853
11.040778744965792
10.986256875097752
10.744593404233456
9.186802057549357
17.515367403626442
7.619817500934005
11.666311357170343
11.203087873756886
40.142557337880135
8.31364282220602
6.97984947822988
14.554809095337987
9.034499917179346
10.106134809553623
20.004479199647903
12.204053480178118
7.964678747579455
18.14430895075202
7.008865678682923
8.97196757607162
6.802351199090481
7.9654716067016125
8.343477588146925
12.002405546605587
6.549456859007478
13.065060714259744
7.0402665212750435
10.795901212841272
6.503915747627616
19.3037564791739
12.427338061854243
17.327537961304188
8.880724433809519
17.391630448400974
11.723915439099073
10.994372069835663
6.750235371291637
9.54654298722744
7.923778761178255
18.1990656722337
12.940241362899542
5.124916598200798
12.27313668653369
10.910990260541439
27.470005251467228
11.07516385987401
4.0342680383473635
11.127119809389114
3.7507265601307154
8.634750079363585
8.66065926849842
11.041442351415753
16.14360521733761
4.829649096354842
4.554074589163065
9.131679994985461
16.091155156493187
12.348278347402811
4.5037851221859455
7.66884352825582
4.025018848478794
8.187076337635517
14.94520765915513
7.5110386330634356
7.72603514790535
10.760066425427794
8.668820356950164
11.921456728130579
12.230791006237268
4.374376371502876
21.106042087078094
15.92794332653284
11.308259466663003
12.80810185521841
24.681516729295254
17.235570218414068
25.641237195581198
8.782992530614138
11.629769653081894
10.834402669221163
4.529754854738712
8.07741004601121
10.924679702147841
4.328895887359977
12.538684071972966
6.863399792462587
5.945537403225899
13.797485629096627
13.204659914597869
11.80736804381013
13.22570620663464
10.796779129654169
11.18730041757226
10.61086973361671
12.30001861229539
5.3595402631908655
7.751704316586256
11.99679633975029
17.19366063736379
15.57299079746008
8.59703939780593
7.184408783912659
7.760299127548933
29.397388856858015
27.352233761921525
7.214925233274698
7.490916784852743
4.839203033596277
6.944252695888281
12.460167227312922
11.10360330156982
7.066360387951136
4.51410698518157
21.954146187752485
5.943702224642038
11.111789338290691
6.7148996740579605
7.604050483554602
6.887185929343104
17.52218745276332
13.336943946778774
14.432862047106028
10.304401775822043
8.815317317843437
11.589001899585128
20.989755518734455
8.22014570608735
5.239863673225045
6.923334134742618
13.19005998596549
6.695749510079622
21.180962450802326
15.169972829520702
13.537943985313177
7.408339871093631
19.084138812497258
18.2046856880188
10.641603596508503
9.964004714041948
29.479004941880703
10.108761832118034
13.443990800529718
7.586154527962208
5.623037034645677
4.422507721930742
7.424468582496047
3.8177509177476168
18.10224426537752
10.405037116259336
3.391523325815797
21.27487264946103
5.960843713954091
9.910783411934972
12.222955822944641
13.871022693812847
12.76318659633398
13.333160664886236
14.64243958517909
10.654894404113293
18.71632755920291
8.477319620549679
11.478093832731247
2.6553876884281635
8.55942109413445
7.397033987566829
6.27762658521533
18.566250298172235
6.63153201341629
7.148083820939064
7.093077318742871
3.3563686572015285
4.09381958656013
4.026497604325414
3.2811204213649035
9.618633944541216
5.392128948122263
11.616110058501363
3.7920617163181305
11.03436430171132
3.273650562390685
20.102962089702487
11.498845355585217
3.897031031548977
14.16473751142621
6.26806334592402
6.710997313261032
12.407432103529572
3.2550801876932383
6.354046558961272
18.118119215592742
8.97511912509799
4.967047173529863
5.925773195922375
8.036556342616677
3.976075179874897
9.180664943531156
6.048731058835983
8.760746516287327
14.95575725287199
12.212866771966219
7.570211958140135
21.488937720656395
10.425572892650962
21.326136933639646
4.898018600419164
13.576168896630406
5.600323209539056
9.616190169006586
7.077612353488803
6.792527507990599
7.4733483381569386
3.9300574976950884
6.570566043257713
11.428288791328669
7.433048665523529
10.091187614947557
32.99863719008863
9.863110408186913
13.360526006668806
8.046400917693973
6.089189767837524
8.53042732551694
10.78517695888877
3.247125942260027
14.75246168114245
8.290513783693314
9.554057460278273
11.081147277727723
9.26176892966032
6.528225239366293
9.645885037258267
3.7606120854616165
12.7712807264179
10.243108507245779
6.511562226340175
11.96594512835145
7.8330174051225185
4.982261069118977
8.43526241183281
14.259451339021325
8.866226829588413
6.982267746701837
7.436661535874009
4.4287203792482615
4.649861680343747
3.8242488503456116
6.804836895316839
18.651523692533374
5.3198342602699995
8.819757364690304
5.554323799908161
3.6819414664059877
6.288100058212876
8.197494965046644
25.104664206504822
14.33636825159192
9.64582547545433
8.016129583120346
4.319244526326656
4.529234390705824
6.478960804641247
9.087329991161823
13.595463270321488
4.282266337424517
3.8997953552752733
8.310111097991467
5.346069371327758
3.4281207025051117
18.665165526792407
15.062838461250067
14.955964600667357
18.453740511089563
16.231481693685055
7.329637568444014
10.957606183364987
5.788274299353361
6.091210003942251
5.413720369338989
5.181729411706328
6.856650225818157
4.520859206095338
8.590494833886623
6.2519054198637605
5.3160435911268
14.677398765459657
10.711364481598139
6.736289367079735
11.420764584094286
9.356073260307312
23.881282825022936
12.49821624904871
13.27194905653596
5.635828737169504
9.506739720702171
9.75130588747561
8.833289042115211
4.075237467885017
4.6599631905555725
6.273720569908619
6.362878092564642
4.047692941501737
7.745996991172433
9.49867413379252
6.265091897919774
3.7765386942774057
6.888414557091892
11.464766332879663
6.578786339610815
2.6731711346656084
6.301928209140897
3.919082511216402
11.196785466745496
8.531006063334644
10.782201895490289
9.244709748774767
4.166234081611037
10.887386456131935
5.077286601997912
7.354990839026868
5.802881961688399
4.710568753071129
7.70649666339159
8.132451575249434
24.81741362810135
16.778685215860605
12.205703048035502
17.175977759063244
10.044236661866307
12.655218793079257
7.195954374969006
6.052270296961069
3.989914009347558
5.796990295872092
8.132499617524445
2.227991571649909
3.7021130714565516
24.786182798445225
12.173398520797491
7.3361951187253
5.81752367131412
6.248392399400473
8.776966480538249
18.17061074823141
10.700559025630355
7.267803205177188
5.6455304101109505
6.5372505988925695
2.363530131056905
8.655584573745728
5.709479076787829
4.222589509561658
25.44605546630919
10.755476778373122
18.762588685378432
16.53870765119791
17.37176545895636
8.042045878246427
8.601983716711402
5.615323103964329
4.708820840343833
4.814769139513373
18.593065280467272
12.907956456765532
9.977104730904102
11.815709663555026
16.678408160805702
12.577374804764986
9.721771599724889
24.86640856228769
19.52786786109209
7.764133591204882
19.215135484933853
3.754012605175376
6.463705386966467
5.046736367046833
5.587710177525878
9.7414028365165
3.7379880975931883
9.237316390499473
5.330405507236719
12.997756499797106
6.623049625195563
1.6550264246761799
7.390916213393211
5.237864380702376
4.723139146342874
8.13257328979671
8.068588007241488
7.289911158382893
2.9504159446805716
2.4560612607747316
6.545010883361101
12.098879104480147
8.529913751408458
8.798463417217135
4.652337873354554
4.896184550598264
10.010663840919733
4.818042506463826
5.891578709706664
6.8665383495390415
8.667746633291245
6.980063635855913
5.967115893959999
3.22646383009851
9.419073448516428
8.164783680811524
4.919084273278713
6.904042726382613
7.16806480102241
7.213343519717455
2.574436186812818
10.709335803985596
6.977052828297019
16.100085135549307
3.9577741529792547
8.397229563444853
6.859910244122148
5.5335632879287004
13.6922905202955
8.19748317077756
6.11795081011951
4.019833367317915
7.9218525141477585
15.162766240537167
4.807319553568959
3.507892007008195
16.598747737705708
2.928225912153721
3.902683077380061
5.196176128461957
9.118853200227022
14.921340679749846
18.001810049638152
16.059561774134636
4.681974036619067
6.156933015212417
6.0144236367195845
8.715790377929807
9.561020834371448
7.8234886191785336
13.988037451170385
3.3680079020559788
4.656287141144276
11.88359791226685
12.174640156328678
7.231020210310817
4.190125577151775
3.1790881222113967
6.355686823837459
1.4317499240860343
10.681044816970825
7.795190675184131
6.653497692197561
3.2453889939934015
10.638438992202282
27.447714488953352
9.311078887432814
11.818068079650402
4.1400597877800465
3.563437968492508
3.000395640730858
19.750125214457512
8.275287544354796
4.0193961868062615
20.02592032402754
3.033263323828578
6.593557693064213
14.298457713797688
10.933248752728105
4.151740627363324
6.142976460978389
7.006179869174957
8.444813029840589
8.64831764344126
8.352590901777148
3.1006500367075205
4.03556321747601
11.530591195449233
5.097933195531368
4.590576266869903
8.291580526158214
6.956392894499004
3.110586144030094
4.3470366057008505
6.432863683439791
6.627168553881347
11.672741919755936
8.521536042913795
8.158436609432101
10.403942881152034
13.34571798890829
2.6162843350321054
15.004621971398592
10.10950025729835
5.724098737351596
10.344461848959327
4.9921378288418055
5.253943044692278
4.406058192253113
10.376601621508598
7.378277476876974
5.679871082305908
8.076305527240038
2.517040006816387
9.705190630629659
6.217575276270509
5.927503771148622
6.653603706508875
3.586977396160364
5.230053409934044
2.6058717165142298
13.849843990057707
3.4132007881999016
4.400139484554529
6.116717068478465
13.760566497221589
4.049429440870881
3.993895025923848
5.482691315934062
7.119841258972883
5.297233137302101
11.138150572776794
3.144428382627666
8.166968239471316
1.9485004264861345
4.695788431912661
4.174410257488489
4.166968445293605
6.141222772188485
4.315610408782959
2.1504203313961625
15.308266444131732
3.0381896272301674
7.207343801856041
2.527579566463828
3.400582840666175
2.0248362701386213
3.253306906670332
4.573792048729956
7.272282560355961
21.77459830790758
8.376924118027091
3.084799651056528
4.249938410706818
32.39155336469412
11.402019673027098
9.865195291116834
5.35176813043654
11.054324842989445
7.902614427730441
14.47578289359808
8.12079826835543
7.183424325659871
21.963091909885406
3.20464975386858
11.107315858826041
16.371994353830814
5.87218894995749
10.888241099193692
3.993139684200287
28.233657555654645
7.014764400199056
9.415571035817266
2.7558042388409376
6.938020343892276
7.2983194924890995
13.082728862762451
4.042371541261673
11.210651755332947
17.522333883680403
3.793379906564951
4.841256456449628
4.702877514064312
15.215847416780889
12.157033450901508
3.258746061474085
8.77871248871088
17.191297940909863
5.263268472626805
3.964080343954265
5.862446626648307
9.28455292340368
5.091222872026265
7.981022051535547
3.132412395440042
9.33107764273882
1.8545013945549726
6.089326418936253
6.302547138184309
6.363673287443817
11.976524079218507
3.228257790207863
5.643387526273727
4.0047948230057955
1.2844026843085885
1.8633270235732198
3.30508023314178
9.871328735724092
2.2351240664720535
10.213708635419607
11.00484861060977
2.4834167938679457
7.039372066035867
2.777844963595271
11.716773534193635
11.781872676685452
9.737040050327778
4.2018699971958995
1.9595232121646404
5.064934695139527
8.189415661618114
13.045205615460873
15.84478111192584
6.28901013545692
4.132270865142345
4.741137130185962
6.844227321445942
5.4475979488343
5.2318352703005075
3.2297848416492343
8.661541925743222
5.607795264571905
3.028592790476978
3.043589043430984
4.307215018197894
5.799439646303654
4.233549993485212
2.462249157950282
6.76963759213686
5.92114373575896
37.276422299444675
11.630063569173217
6.075289111584425
4.422914371825755
9.229246024042368
12.57154044881463
7.390651225112379
3.708875671029091
5.6638263175264
3.3508250508457422
14.98031630832702
5.011665086261928
8.281909452751279
5.460682258941233
1.7942548412829638
1.8157802540808916
21.18261575885117
3.116196680814028
5.331580119207501
6.854262959212065
1.7567455358803272
6.723438038490713
9.075599590316415
16.17859553731978
3.640890823677182
2.644781917333603
7.649468243122101
5.100789876654744
3.833541000261903
8.230084592476487
5.371732426807284
12.619805213063955
18.41991677880287
12.107657296583056
27.10532597452402
22.450793931260705
15.150197748094797
11.720514696091413
3.7624258026480675
20.461636315099895
21.561883881688118
7.572278942912817
19.38727904856205
9.966846412047744
14.513488909229636
7.247280165553093
10.758708143606782
3.332443166524172
6.125207122415304
17.42092247400433
8.17453166283667
2.4825911158695817
10.489786406978965
4.546070017851889
2.673585462383926
6.750898238271475
3.0797366173937917
3.1895468877628446
4.870804981328547
6.570368648506701
5.154380766674876
6.224610577337444
6.234063903335482
5.118530787527561
10.21237151324749
7.399037496186793
5.135088749229908
8.335478968918324
6.145865198224783
20.711398939602077
11.675651656463742
16.296018971130252
11.736783895641565
8.753177554346621
9.222898846492171
10.255242060869932
7.382120070978999
11.87837833352387
2.8973503578454256
6.132746967487037
15.41321421135217
3.654006221331656
2.3807556964457035
8.618916786275804
7.138523259200156
4.395129308104515
6.023620810359716
7.165080434177071
5.333599767647684
4.016646911390126
5.2908752812072635
12.303356118500233
20.491419351659715
5.896492011845112
5.00546620041132
10.252183251082897
5.808381321839988
4.298845827579498
5.466546656563878
18.153715237043798
4.825941739603877
3.7296053282916546
2.4524645628407598
8.568886865861714
9.251706261187792
6.145173961296678
9.023347080685198
5.532271271571517
5.9671068992465734
4.844025192782283
2.147291898727417
9.786144442856312
4.2309215776622295
15.323926874436438
11.142962655983865
24.83873531408608
5.4698258470743895
5.846639730036259
7.123721485957503
9.296076937578619
5.036616448312998
7.785038772039115
8.218409012071788
5.121105528436601
3.3067201571539044
6.562018670141697
4.940591922029853
1.4788246527314186
4.838081042282283
2.759712413419038
5.690823782235384
1.706620073877275
3.2194066736847162
1.6553565440699458
4.251925579272211
3.7725875824689865
5.621326990425587
3.583650347776711
4.501203404739499
5.131248619407415
8.47964171692729
3.1757292365655303
5.4993846993893385
6.388643632642925
9.439473900943995
4.185023167170584
5.927157814614475
8.772842340171337
1.6101364083588123
5.076650323346257
6.8254667622968554
3.464925380423665
2.7432242333889008
4.183039100840688
4.41514196805656
5.364468287676573
2.985032302327454
1.9207893311977386
8.439826876856387
1.5545719638466835
6.5135185196995735
4.209716017358005
2.71153677534312
15.584941891022027
12.425077668391168
1.2101257061585784
4.2215020805597305
4.412573803216219
5.880154022946954
7.582441935315728
1.3716169176623225
6.740128545090556
4.685452262870967
1.7475118897855282
7.569037763401866
10.290994504466653
3.02924831956625
10.94830502383411
6.232050362974405
5.913602636195719
3.201610286720097
2.278444622643292
6.469070675782859
2.792641510255635
3.4515934651717544
8.712711796164513
12.727313311770558
17.255079232156277
7.761360559612513
7.276649171486497
4.529263032600284
2.3962600706145167
8.319034837186337
1.617910573258996
5.1810121377930045
1.809397497214377
1.8431806471198797
8.200906209647655
7.206487193703651
3.6364663373678923
2.286008145660162
3.788614224642515
3.8272490417584777
6.121979291550815
4.9422257505357265
7.512976343743503
2.1585359619930387
4.905513811856508
4.460672836750746
3.4002250973135233
7.92874136660248
6.68629333563149
10.932650092989206
2.724885582923889
10.154745055362582
4.457245348021388
7.802814150229096
2.829161837697029
4.53008509427309
1.7600899199023843
5.496169658377767
7.646510139107704
8.97442120872438
5.442973239347339
2.291314988397062
5.634338542819023
2.272997707128525
4.895494414493442
2.4385695829987526
2.21360329259187
11.09954035654664
6.558855436742306
5.988926865160465
4.354857966303825
3.706377323716879
3.8773049162700772
6.501767303794622
2.2819769866764545
7.138111881911755
8.592987626791
7.1706363800913095
9.124931092374027
6.718080167658627
5.001074064522982
11.895929706282914
5.486578969284892
4.840448379516602
3.289649068377912
5.74575924128294
3.868419167585671
12.404315499123186
3.2873479602858424
1.9812634959816933
5.81261938996613
3.7395746279507875
3.967397811822593
8.44397016428411
5.102946711704135
5.696407239884138
5.868508283048868
15.079790864139795
11.916710685938597
9.892937939614058
16.640819193795323
4.872978961095214
6.106819509528577
4.665398268029094
19.76727044209838
4.721361570060253
5.108782423660159
8.934891479089856
4.4093406572937965
9.756624380126595
3.299991464242339
4.448217545635998
4.787714158184826
7.512542085722089
9.354285540059209
9.068003984168172
1.6770662553608418
4.4232255183160305
1.6431100387126207
14.104454142972827
4.654008184559643
1.9098934037610888
23.327388351783156
3.8514297921210527
6.309097236022353
7.540525496006012
4.313049360178411
4.411643414758146
6.13212226331234
8.036298586055636
11.64851770363748
4.996550399810076
5.289235275238752
5.531492184847593
5.075391871854663
2.9853843534365296
3.1700718961656094
2.555372940376401
1.5481851240620017
7.507004250772297
11.567217599600554
19.782342482358217
6.838102962821722
14.553202322684228
12.438515705987811
2.857678797096014
2.088737364858389
11.478157113306224
7.722283677197993
3.27870665024966
1.7080793483182788
6.81393285933882
1.4116338775493205
2.6156371156685054
1.104160584975034
2.8160098996013403
6.671919961459935
5.898702573031187
3.8468440705910325
3.201873547397554
6.047779251821339
2.2308948738500476
3.120291546918452
1.7134787579998374
3.2075543366372585
7.5684376321733
2.7605033591389656
14.232923915609717
11.96038425900042
5.895412914454937
15.361557118594646
2.671619047410786
2.2846132945269346
4.70461031794548
5.442725923843682
2.7741086315363646
1.7023487933911383
3.703127427957952
3.1869425093755126
4.963868365623057
1.617891981266439
3.2501822784543037
2.0084636146202683
6.559180351905525
2.411357688717544
2.1269862400367856
3.031120168045163
4.652809266000986
2.990386661607772
2.3885486479848623
2.503862626850605
1.8843901492655277
3.096138837747276
3.395754039287567
7.477907097898424
5.157586699351668
3.683088256046176
3.7080886475741863
3.4043708043172956
3.2469697427004576
5.950431850738823
1.3702155593782663
6.2314987145364285
5.3058124808594584
9.918093378655612
7.551351672038436
2.442072614096105
8.019248319789767
6.387831569649279
9.97623579390347
2.895106223411858
2.0809608539566398
2.86256561614573
1.0558025878854096
6.943246201612055
4.4365946082398295
3.148839760571718
6.321030870079994
2.18219309207052
8.373554046265781
4.926073867827654
3.7964008897542953
1.6952416021376848
2.1384806307032704
4.633061483502388
7.039645397104323
4.548951415345073
3.6738700484856963
4.794163383543491
16.91320271603763
5.539956457912922
3.156564474105835
4.394536511972547
2.5682334806770086
2.7210144195705652
4.689831845462322
1.4608373828232288
1.8250627536326647
1.7700444972142577
2.6967798369005322
5.636366085149348
2.647630861029029
2.1504628490656614
9.357115627266467
4.093016610480845
1.8038293737918139
6.8764086263254285
1.5642262706533074
1.9043927248567343
3.1774575421586633
3.271786936558783
7.064801300875843
8.023504443466663
30.590282063931227
21.958423856645823
16.823834888637066
16.5898776371032
2.5753819961100817
16.934292602352798
13.419846712611616
5.983795849606395
4.35576678533107
5.21316793654114
3.290071187540889
7.559318241663277
1.6585407312959433
1.8920198809355497
5.422003700397909
5.377381308935583
10.81941083446145
5.495971611700952
5.179839006159455
5.182703364640474
3.656926766037941
8.331626773811877
2.55145129468292
1.6749157374724746
2.389323079492897
1.9879003479145467
2.6804255517199636
3.428256164304912
3.251463668420911
1.4826596355997026
2.8295993767678738
1.2744228709489107
5.819379712454975
3.0448750271461904
7.6096612168475986
8.72509053722024
5.0199196226894855
5.337448167614639
8.221376981586218
7.93888782709837
11.348345151171088
4.255051027983427
3.7805037340149283
8.922927076928318
2.321820435114205
5.728295346722007
1.9156886199489236
5.311343700159341
7.643231354653835
5.006654981523752
3.65090464707464
2.8438830226659775
15.588716415688396
7.9223078321665525
1.609808063134551
15.119917594827712
4.201292227953672
3.675192474387586
5.2115568816661835
4.4395347982645035
1.4482500609010458
1.1830096207559109
4.520559563767165
9.969396093860269
5.470695048570633
4.95695760846138
2.4906397704035044
0.975254001095891
4.861990343313664
4.952434363774955
2.641492593102157
1.1341578951105475
3.0285855745896697
3.0318422289565206
4.857781491242349
4.501947680488229
5.363151135388762
3.7453957963734865
1.2401569094508886
3.7926552910357714
3.0637734215706587
14.100546522065997
3.1754916151985526
4.872639250010252
5.169836323708296
12.161467174999416
6.125490242615342
6.2602836806327105
10.58536222949624
8.41213147714734
3.3380103148519993
2.2491773068904877
1.7571640484966338
13.57829700037837
4.477519068866968
5.527871632948518
3.3140435125678778
2.2586052217520773
5.6860475656576455
3.60924543812871
3.6295879557728767
7.4685588320717216
3.49965145252645
1.667805114760995
3.2454421767033637
6.951924301683903
5.8460942432284355
4.839386321604252
1.4299306590110064
6.181348720565438
2.240189519710839
9.189389203675091
1.8582698944956064
11.37238535284996
5.575130687095225
2.897570955567062
3.259839023463428
1.0035637225955725
2.5026680286973715
6.281052256003022
5.6965490859001875
3.5867562759667635
5.20646976865828
5.120060756802559
6.993545953184366
5.918003976345062
2.99340542871505
4.011259509250522
3.4021109472960234
4.636691592633724
3.429100839421153
4.3603459214791656
10.402663777582347
7.9975258791819215
1.6238762056455016
4.01951508410275
2.331903448328376
4.738395495340228
6.522717947140336
4.287855489179492
9.264169758185744
12.715405443683267
17.956180645152926
4.169484029524028
2.9504259820096195
5.373254179954529
3.1142733991146088
9.330662717111409
4.5087090553715825
2.2685180474072695
4.654927576892078
1.5328816417604685
0.9605239666998386
7.737674738280475
1.568813213147223
2.3614602591842413
5.5150251518934965
1.419997432269156
2.5475821485742927
1.3725242400541902
6.25076659116894
1.7974326270632446
4.5249672112986445
7.603396511636674
2.051682234276086
4.208516048733145
3.332746201194823
2.8583820438943803
7.543997237458825
4.115446079522371
2.158263404853642
4.895357086323202
3.7296435264870524
3.4087962582707405
2.1425600382499397
4.713749927934259
16.890368246473372
2.9439988657832146
10.582080361433327
8.74562419205904
2.133367379195988
9.454936449415982
7.163188497535884
3.2411151258274913
3.932294431142509
2.641856682486832
10.51199393440038
1.5629898412153125
10.92639499437064
2.9864380434155464
10.154637211933732
15.409004301764071
18.706883132457733
4.939912183210254
23.23724525421858
32.60108255408704
6.948986444622278
64.59342569485307
4.387672564014792
9.9094073548913
5.091559322550893
3.9856108790263534
18.039846444502473
4.016232328489423
9.402382335625589
3.144405333325267
6.4651837926357985
2.1347497776150703
5.155735073145479
10.927996520884335
2.2743006139062345
15.829295765142888
8.151088573038578
5.555558450520039
5.599519530311227
2.4502745401114225
3.5890340507030487
6.2983104307204485
2.77154742134735
1.8962468653917313
0.8322581620886922
2.6024721981957555
3.2165868440642953
2.775342173874378
2.4130259044468403
2.072353733703494
2.653140045236796
12.021468535065651
4.173089453950524
2.16122608166188
9.08821727335453
1.1268773367628455
3.9216061113402247
1.9408351690508425
1.3927293857559562
4.0594201404601336
1.0986779853701591
3.278037273325026
3.671613907441497
4.53062100475654
3.905504290945828
3.909623883664608
4.154535901732743
1.6607315884903073
3.061965325847268
3.194116630591452
11.933926369994879
5.2618399718776345
1.5019345302134752
3.2055151173844934
2.8004375668242574
7.85016911663115
6.437228272669017
3.7903269669041038
9.646632558200508
14.241541497409344
10.943422921001911
2.6272524995729327
2.5577586963772774
4.186600795947015
2.2589486595243216
3.2210573442280293
3.1286652954295278
1.3204088741913438
9.49033042602241
3.5047290306538343
1.4944788431748748
4.769502949900925
1.658495089970529
3.0791770545765758
3.811307590454817
2.731213348452002
1.0579122267663479
3.2108426922932267
5.607166082598269
10.965291745495051
3.527359585277736
5.267470622435212
4.060110781341791
5.6075604991056025
5.999054539948702
13.484606500715017
16.102757549844682
8.272334764711559
2.8413506019860506
3.2902986695989966
10.422447979450226
11.739471226930618
2.082048760727048
4.271633456461132
5.136082102544606
9.625456797890365
2.8378018783405423
10.311758148483932
3.5361314956098795
3.3825868275016546
9.990565984509885
16.031969922594726
1.5507056284695864
5.245792229659855
3.2662739092484117
2.1816523848101497
5.297723660245538
6.461770110297948
7.589940229430795
1.9668809212744236
3.9388432074338198
2.725535142701119
6.718949601054192
5.749609729275107
1.6107053104788065
5.231876317411661
6.766400579828769
1.503621726296842
7.277653754688799
4.353345847688615
3.4779067067429423
4.845004794187844
4.539430372416973
5.360052395612001
9.418804906308651
8.07886808551848
3.2620721263810992
4.469615722075105
3.6353021785616875
1.7769026458263397
2.37717819865793
6.119323422200978
1.7562445364892483
4.248053482733667
2.343561046756804
1.702139816712588
1.8530997959896922
3.4912722064182162
3.5977038191631436
3.2051397264003754
5.521378390491009
4.866043036803603
5.855116926133633
8.914430593140423
3.4075622633099556
5.499611689709127
6.3017661748453975
2.6643016966991127
2.224003294482827
5.099203199148178
1.250984259415418
8.157688950188458
2.6047524586319923
4.580659904517233
11.711168680340052
7.330495529808104
4.293477809987962
5.964829271659255
3.4829003708437085
3.45762829342857
1.3208376374095678
1.5946271331049502
2.604301036335528
4.975953062996268
5.236375919543207
3.694213124923408
1.6214099717326462
5.446433562785387
4.687573313713074
1.3646866916678846
2.1443204395473003
1.5415439924690872
2.509366371668875
3.2041276898235083
2.135813866276294
2.9573847576975822
1.7595901861786842
7.287882435135543
8.678457640111446
7.14070961996913
8.073053820990026
29.83143700938672
4.197015791200101
2.10299701243639
4.454695221036673
9.71091869380325
3.7491985531523824
5.66421508975327
3.408321469090879
5.437565359286964
5.4116923357360065
4.777452170848846
6.7932626637630165
3.592486979905516
2.61850843206048
5.5769035536795855
7.856966040562838
3.7026615254580975
5.2729373797774315
5.314594283699989
6.743506797589362
8.676568523515016
5.635602172464132
3.3930865712463856
3.913485135883093
4.037458669394255
5.7366424635984
8.293916082009673
9.809169369749725
4.0649100774899125
1.9027459202334285
1.8086229567416012
4.794196780771017
5.325701882131398
2.4739768840372562
12.61530886683613
9.110032582655549
4.792801170609891
3.4925943384878337
0.9865820952691138
2.370549230836332
1.8838318171910942
1.5498918960802257
3.190039712935686
4.198310184292495
4.236188422888517
10.234148818999529
4.3965501403436065
3.6813564309850335
5.521629760041833
10.943547953851521
4.356121396645904
1.7205962017178535
13.579014428891242
3.521867346018553
3.374669086188078
2.4445685083046556
0.9177441857755184
2.586491039954126
8.97300208825618
1.361792444717139
3.638735451735556
9.435208366252482
5.519914045929909
1.8751753075048327
1.3801687606610358
5.699875161983073
3.040829299017787
3.7191760009154677
2.6817150581628084
3.649240509606898
1.9646434001624584
3.826983488164842
5.820047877728939
10.207465412095189
3.258412023074925
4.976299895904958
16.38229141011834
3.9284286983311176
3.6733771208673716
2.413921734318137
2.5444392692297697
3.7238722648471594
1.2707002013921738
2.281762432307005
3.2931922199204564
5.380020988173783
1.1617666161619127
4.522440574131906
5.862575618550181
1.805310245603323
4.533712410368025
4.8297823537141085
1.968501784838736
5.410295191220939
5.912341515533626
1.6022943500429392
2.034118319861591
3.7694600247778
5.076627024449408
3.962063835002482
12.679300658404827
6.372869402170181
2.536555200815201
8.404522242955863
5.0288085686042905
3.2606895742937922
2.731471497565508
2.9103321172297
12.90422991104424
3.3199774399399757
6.055141760036349
6.770816873759031
1.5049884328618646
4.2059529116377234
11.3439930123277
8.303047222085297
7.446270991116762
6.718654450960457
9.00171414297074
11.560293714515865
18.485066794790328
10.392770232632756
6.738970421254635
28.439986422657967
27.927336134016514
18.284547436982393
4.386566353030503
3.3886964889243245
3.338595947250724
12.800951877608895
3.513284171000123
9.692436277866364
14.268258679658175
3.2429922837764025
6.132767998613417
3.0030694799497724
8.422331128269434
6.929717744700611
8.911451225169003
2.9517175182700157
3.0029317787848413
2.950605764053762
9.13415185175836
6.1755287339910865
5.814266151748598
12.810815919190645
8.043451366946101
4.420616430230439
8.29511259868741
7.68382113147527
3.51349039375782
3.251505603082478
4.004681186750531
5.343564727343619
1.6696002436801791
6.438241151161492
1.3565344214439392
1.881728619337082
2.15238674916327
3.909903555177152
2.1549032190814614
1.314199690707028
2.2355070495978
3.7116341292858124
2.827555731870234
1.9938244707882404
6.67514837346971
2.158258557319641
1.7049783933907747
2.462642873637378
2.5645562950521708
2.5164444157853723
3.644849226810038
2.2288353024050593
3.681295641697943
5.3336696438491344
7.971555511467159
8.81131356023252
12.854983421042562
3.734544152393937
1.5421717818826437
10.081617668736726
6.293808967806399
9.016580210998654
3.5881588831543922
3.6942820260301232
2.6528598498553038
5.233639090321958
6.67724369186908
14.549493284896016
2.1874881871044636
7.208938421681523
1.5910918675363064
10.605279199779034
2.7581738848239183
1.9166712202131748
6.375233916565776
1.5416051927022636
3.945368687622249
1.5020813532173634
3.953132838010788
8.465118571184576
3.736131737008691
9.56742496509105
9.963424845598638
1.8183493791148067
14.202421835623682
4.4035623986274
2.4347652811557055
5.792915786616504
4.3891748785972595
4.803112614899874
1.546473553404212
1.222820058465004
5.909525737166405
3.153044257313013
3.4181562149897218
1.8454521712847054
3.0020439168438315
0.794356182217598
5.046675250399858
8.40079313912429
1.673013421241194
4.534954214468598
1.6910656420513988
5.058675572276115
4.296254470013082
1.6947158225812018
2.5535558816045523
5.326612391509116
12.847587394528091
3.9362960448488593
6.875817288644612
7.092107287608087
3.9966572169214487
4.440504080615938
4.135881056077778
3.3468250427395105
5.309810237027705
1.7381051741540432
3.0947362622246146
4.599676723591983
4.516603256575763
1.46346838446334
7.6786357862874866
2.4506403701379895
2.0095965852960944
2.6909020775929093
4.863255586475134
5.454755489248782
46.82048041187227
3.0125681506469846
5.221519419923425
5.039489086717367
3.2345097474753857
5.853851305320859
12.431898025795817
4.102337753400207
6.242336278781295
1.9889017455279827
2.774256913922727
6.771546034142375
13.632497230544686
8.017638481222093
7.988984583877027
12.89000434242189
6.332812734879553
3.097855350933969
4.960382791236043
5.558632837608457
5.654232439119369
10.250071085058153
1.8709778254851699
5.298091882839799
19.36989635322243
7.119123856537044
3.598584066145122
1.7204078640788794
2.2556649269536138
2.874405274167657
6.019076571334153
13.253427553921938
1.8670739140361547
10.16023027151823
6.870494935195893
4.510788474231958
14.290789134334773
2.822943799197674
4.144053160212934
11.479604826774448
2.1665365900844336
5.171980974264443
8.3370938510634
3.0333004677668214
12.05308601167053
14.14579527452588
7.267752492800355
11.599339550361037
4.525673400610685
8.204500035382807
1.540539065375924
2.7962645501829684
5.743705254979432
1.5985126690939069
6.648907767608762
5.637543141841888
4.935745636932552
8.373031172901392
6.321230518631637
6.287366992793977
13.546526057645679
11.588939417153597
2.7978265918791294
3.0803790129721165
4.178864377550781
3.637135051190853
2.485143988393247
8.769753843545914
1.7261718697845936
3.865719965659082
3.7975901421159506
6.889664396643639
3.460800583474338
2.0180381038226187
1.4500744389370084
10.269141744822264
2.3953130720183253
1.778250371105969
2.5851646959781647
6.394472575746477
1.6139411367475986
16.618435461074114
4.6355791334062815
5.241040049120784
9.14187699649483
2.075411707162857
4.891820974647999
2.730157950427383
12.715376421809196
5.4078493802808225
1.258325439877808
1.6101700253784657
2.215649479534477
3.3229547678492963
1.2901188461109996
2.983437920920551
2.6496737003326416
3.723518531769514
4.015581237152219
9.232570765540004
5.094232373870909
5.706406686455011
3.439248653128743
11.411078945733607
12.108248583972454
47.544255405664444
33.90853899344802
6.699319064617157
42.102260591462255
7.042346619069576
16.38688744045794
8.825152087956667
5.96896499209106
2.552593824919313
12.34901600703597
4.4642518032342196
11.06619523698464
3.846653677523136
0.7855477323755622
8.499319571070373
8.502946877852082
8.086285912431777
7.533301471732557
5.042607589624822
1.4841033038683236
2.589889091439545
17.929924443364143
4.744889255613089
2.380789083428681
8.761570112314075
1.4578868746757507
2.859936187043786
6.415758958086371
1.2506382865831256
3.839396571740508
3.331308820284903
1.4010157394222915
7.532239004503936
8.179542053025216
1.5096151437610388
2.9188748663291335
4.872554101515561
4.25815010163933
2.6827303133904934
2.2214725064113736
3.963146660476923
5.500080281868577
3.521229535341263
1.5065623074769974
4.879887670278549
3.0236421497538686
2.072208580095321
5.344152281526476
1.1447705253958702
4.749662488698959
3.338655130006373
6.788188570179045
10.320803078822792
6.107545536477119
4.674078694544733
3.758449659217149
5.172491741832346
1.416576435789466
1.0458918786607683
3.02830948214978
5.219364195596427
2.6188327437266707
3.137450758367777
3.285967874340713
2.626294719055295
4.427153487689793
3.203896034974605
1.4000383261591196
8.531822624616325
3.688706357963383
10.450510580092669
5.22700503654778
11.057773333974183
6.574284044094384
2.82662750268355
2.668995661661029
5.896013243123889
4.785878627561033
15.042901517823339
1.82484114728868
10.299198297783732
6.086488656699657
3.1452824976295233
8.462586709298193
6.341635677032173
4.102935729548335
16.888763239607215
3.2119705956429243
6.728827638551593
13.081746704876423
9.460405859164894
2.712321755476296
10.939198519103229
6.33572509046644
3.6468747928738594
1.9540707324631512
1.7591060046106577
10.35194538673386
1.1478261295706034
3.978625662624836
1.0241956198588014
7.712091123685241
4.208006887696683
6.753617794718593
1.5775522775948048
2.6884991619735956
5.159973930567503
1.7579886112362146
3.6887457189150155
5.117031971924007
2.657164420001209
5.029496008530259
4.9951703092083335
6.049194132909179
7.36070104688406
4.225267542526126
2.4190726638771594
2.7744440026581287
1.9376379186287522
1.7147339866496623
9.553210414014757
9.195933187380433
18.11212275829166
3.181499844416976
3.385336126200855
4.949703780468553
19.36647113505751
17.458013206720352
5.4944109516218305
3.979140229988843
5.252048932015896
1.6267949854955077
8.547276826575398
3.502528498880565
2.863459705375135
2.3153511118143797
2.6660060733556747
1.3691282295621932
13.61041052825749
4.308097917586565
3.0810048771090806
4.047322502359748
5.227390897460282
1.64626011159271
3.040819762274623
1.8045066283084452
5.647169417701662
5.09204067569226
3.9280169159173965
1.581295259296894
3.9026617081835866
3.5011369828134775
2.016907697543502
9.07394294347614
2.3587141390889883
5.500601181294769
3.7222436270676553
11.336544254794717
3.096810920163989
4.241946207359433
5.578063194639981
7.62164122145623
5.804138327948749
7.3407598696649075
13.15673691034317
5.590001653879881
1.7412436222657561
1.7547515500336885
2.940131524577737
3.400605585426092
4.512105410918593
14.891921208240092
1.4413283504545689
1.676848771981895
2.3915639175102115
5.7653816575184464
5.7244198033586144
6.02948924805969
14.822370074689388
7.652409530244768
8.134978458285332
1.677804839797318
13.556211603805423
2.356628871522844
2.233389579690993
3.499489262700081
17.300420912913978
4.663474812172353
8.276225081179291
1.4281768659129739
2.4219914632849395
2.9391605551354587
5.638964544981718
2.3351218295283616
3.5736704701557755
11.780292993411422
2.3554947962984443
9.541183363646269
6.23692212998867
4.612114021554589
1.1054326239973307
9.009622931480408
16.464972738176584
8.110051847994328
5.437064569443464
9.807949035428464
2.8317486997693777
8.787377228960395
2.2447922062128782
3.3890310199931264
1.7317798580043018
5.799800349399447
2.5606702570803463
1.9179687700234354
8.703453659079969
3.4856575201265514
5.903165376745164
0.8973270524293184
3.757582218386233
4.00173922535032
2.792578812688589
1.306718174368143
5.465636372566223
3.0880594407208264
5.205264230258763
1.7804430448450148
2.5834141871891916
4.481786814052612
1.7349596009589732
3.9125233562663198
2.834793289657682
1.7405404350720346
1.513227520044893
2.1893157735466957
8.685208894778043
1.3365743653848767
1.7102677961811423
3.485237803310156
2.58414788171649
0.8801641915924847
1.9251897581852973
3.580523582175374
2.526797080412507
1.9959859661757946
2.542314033024013
3.1538867820054293
14.907052819617093
2.0939609427005053
2.5506812068633735
5.216551035642624
3.3741780780255795
4.035859326831996
6.991927597671747
4.521458396688104
3.7723048822954297
3.5302558820694685
2.324892880860716
10.988099609035999
2.438697644509375
4.508968208916485
11.556311019696295
6.1644984083250165
11.923113517463207
2.4623140706680715
1.9670024076476693
5.9292828920297325
3.6504278434440494
3.0996983819641173
7.574872915633023
3.440575545653701
4.080928634852171
4.521961963735521
6.939978653099388
9.170027425512671
7.965086723677814
2.9645052971318364
1.3035658947192132
6.6580002112314105
4.174530030228198
8.457384459674358
15.45407298579812
12.778896611183882
20.44613857753575
5.228942832909524
24.287507672794163
5.7004268653690815
1.152373533230275
4.074166845995933
3.59074701461941
7.20088754594326
17.216980847530067
15.645522524602711
10.76340175140649
7.044010506942868
1.921826807782054
4.849816252477467
2.1008877512067556
1.7034897906705737
3.619457016699016
3.714677542448044
5.747449462302029
5.234506961889565
2.4294335497543216
1.8736366722732782
8.890147795900702
1.92085384670645
2.3872966272756457
3.957597770728171
6.723953782580793
2.786247137002647
6.593317138962448
2.1133390213362873
10.827273989096284
4.000310918316245
1.9263261845335364
1.807060410734266
2.0228306190110743
6.637819421477616
0.8786824746057391
6.73610349977389
3.4636359424330294
4.813309522345662
11.32660315465182
3.8015874568372965
2.281548302154988
12.159317423589528
4.9670521058142185
14.3050582036376
8.958646173588932
3.846001255325973
2.7420189171098173
3.520378560759127
3.374622544273734
1.3169309441000223
7.505746770184487
2.3999727480113506
9.101808587089181
8.709156021475792
1.3856760868802667
1.439757926389575
2.3002128433436155
4.903924284968525
8.987569564022124
5.718990549445152
6.399433652870357
7.720310816541314
22.407679958269
4.245096383616328
2.7542431615293026
22.512509448453784
3.6205640211701393
2.6698113693855703
1.9397176401689649
13.963944062590599
7.591023353394121
2.612736419774592
6.324791232589632
1.7250312305986881
6.660576954483986
1.9240651028230786
5.432310566306114
3.0813306937925518
2.7069616257213056
4.322898084297776
3.5635709427297115
3.9765804447233677
1.0733963511884212
9.50555621786043
3.0730989845469594
3.1179525679908693
2.191823797300458
4.727165206335485
3.748224805574864
4.471924518235028
10.044722757302225
3.119821823667735
2.429023867007345
8.705035230144858
2.96799976285547
11.949743131641299
15.967769944109023
1.3756254184991121
3.8480721283704042
5.831600692588836
7.503997018560767
6.111485555302352
4.405637037009001
4.1745941219851375
4.307002730667591
6.82472959626466
1.737780443392694
2.9526007822714746
3.8092295536771417
1.7568884156644344
32.019978588446975
4.768934942781925
14.050026923418045
16.179845090955496
14.499734778888524
10.633268281817436
6.789986808784306
7.763213382102549
2.2235468281432986
8.158318180125207
5.659659001976252
3.296600254252553
2.5235854047350585
2.041658202186227
1.9097807542420924
4.498067270964384
16.64723971206695
6.801322757266462
4.806186696514487
1.3644726695492864
3.6750669456087053
4.590928565710783
3.625676582567394
4.595625673420727
11.37910379189998
9.747453344985843
3.3694401970133185
2.241964573971927
2.2048735432326794
2.8163607865571976
4.6377033442258835
0.6326676951721311
4.385402009356767
4.9778391271829605
1.5104827135801315
3.549812979530543
7.999937572516501
1.452201654203236
5.685526914894581
4.436576443258673
1.9283419311977923
2.874437582679093
4.438051266595721
3.597629635594785
3.4181591169908643
2.102350467815995
4.037606993690133
10.951593055389822
7.319242428056896
4.8578541381284595
2.288615485653281
1.3242311384528875
6.722592292353511
8.97581132594496
2.4148284159600735
6.54996959073469
3.3263965724036098
3.7624157276004553
2.7011391324922442
4.342949660960585
4.34967799205333
2.734051908366382
2.911888443864882
4.953788369428366
7.957952618598938
1.2051918380893767
1.69405976543203
4.480620390735567
3.134015501011163
1.6082637230865657
2.718779519200325
4.346243119798601
20.407615024596453
11.492352971807122
7.758564123883843
2.489006661809981
3.130726878531277
3.2619658652693033
15.173178739845753
4.722853446379304
14.483080942183733
10.182486651465297
13.639665137045085
4.662286811508238
3.6181098790839314
3.439407914876938
3.117557942867279
7.088224223814905
5.765496455598623
1.6670013442635536
14.431310695130378
7.025108030997217
2.1076775155961514
4.37806450901553
2.029515068978071
7.292120195925236
3.2333139665424824
3.3113886611536145
9.082992971874774
5.037730582989752
4.953053203877062
7.68941341387108
1.566017635166645
2.6783055420964956
1.7878817291930318
3.282373937778175
7.673316421918571
2.5427419934421778
12.380038104020059
1.3613088382408023
2.8871794850565493
2.799982402008027
10.339899913873523
2.705428241752088
2.6138901505619287
1.305928120855242
2.605659776367247
4.212320921011269
8.70316502545029
13.953650570940226
1.762966701760888
5.5224366169422865
1.254589113406837
4.695408850908279
2.2605014662258327
1.393827447667718
11.860519535839558
9.242018933407962
11.006537016481161
3.070688271895051
9.862509742379189
6.394363560713828
3.0353618320077658
6.173599814996123
8.505563359707594
2.185535689815879
7.905046796891838
3.356232898309827
7.182541613001376
1.3112914534285665
4.567026753909886
2.0833722222596407
2.8170022955164313
1.580148242879659
2.593840361107141
5.002690173685551
11.086059490218759
5.887796327471733
3.443352966569364
9.299091467633843
3.298683412373066
2.751059925183654
1.8900189017876983
41.19656377984211
35.21502957865596
4.7413039691746235
1.869921451434493
1.7741102278232574
4.288760340772569
1.8167197713628411
1.9369964795187116
1.3333556819707155
6.125846658833325
5.780586900189519
2.9439575541764498
6.179206193424761
6.9837076514959335
1.4530264479108155
11.991281102411449
6.0248531913384795
9.866397044621408
2.175350026227534
1.1697386098094285
18.238749778829515
1.5639421939849854
3.5700557250529528
2.178028540685773
0.8709857920184731
10.373707657679915
5.17132618650794
4.7366526471450925
3.917904911097139
0.6982759451493621
9.705397999845445
9.414299277588725
4.58799378760159
4.38814453734085
8.458523041568696
3.9375508511438966
11.235850417986512
1.7269723061472178
3.9639648217707872
4.86734833009541
5.160816552117467
7.127695959061384
14.688291556201875
14.928126638755202
6.051594118587673
3.209452398121357
7.919093607924879
2.122037373483181
11.491087762173265
19.72285518515855
5.914425240829587
7.3969926834106445
7.955315227620304
1.748858473263681
1.7104650558903813
1.255478953011334
6.432594356592745
1.6209341892972589
2.010386273264885
7.100775657687336
6.124263501726091
2.8393024392426014
3.0421119267120957
1.5485814437270164
2.073884512297809
5.963164772838354
2.350394220557064
2.800476698204875
1.4352166117168963
4.5888642109930515
2.29913127142936
3.383900234475732
16.71058493759483
3.831102877855301
3.9974960731342435
3.5426257085055113
1.5380506562069058
2.198200504295528
9.653488965705037
1.4275160254910588
1.983668476343155
1.553510474972427
1.7533729611895978
4.65476142661646
1.5704688848927617
3.45611001458019
1.657769457437098
1.9214904266409576
7.080535297747701
11.150677374564111
3.162812522612512
1.3382994183339179
8.515321574639529
3.54535779543221
14.840099369641393
5.275298352353275
29.259747691452503
2.820796864107251
2.344250668771565
3.38047122489661
4.415046107955277
10.074974262621254
2.8211258025839925
5.702666304539889
4.352772601880133
5.837883907370269
2.7790397256612778
9.625548953656107
1.9113929942250252
11.467268618289381
5.033798826858401
1.8214807827025652
1.4099195743910968
3.737474486231804
4.680589804425836
1.2369586653076112
5.598847187589854
9.897394998930395
9.899079624563456
3.1148680988699198
4.924527349881828
14.530647265724838
2.8081945022568107
4.655431042890996
9.217296234332025
1.2825335934758186
2.5461487071588635
1.627107870299369
1.5541192889213562
12.425398098304868
1.6014745002612472
2.342057552188635
9.204884159378707
1.1670404579490423
2.568848803639412
3.936369702219963
1.9166009523905814
9.90760001167655
1.8699924787506461
1.5679110479541123
3.645725542679429
4.858395639806986
2.08500365447253
7.297401498537511
4.477716497145593
4.903233476914465
6.641163570340723
4.817510424181819
3.703852431382984
1.31294897897169
3.560161857865751
2.616002505645156
1.8956139725632966
4.644309059716761
1.1891306210309267
17.758791119791567
11.39638017769903
1.8558442257344723
2.335127331316471
4.7401502365246415
5.1998390052467585
3.3950907392427325
12.508617307059467
4.043490718118846
5.028359901160002
3.9568221354857087
7.720163578633219
7.921001646667719
3.935885136947036
7.397059440147132
4.917494692839682
3.261342152953148
2.721232037525624
9.414963595569134
2.9557694573886693
2.4973169323056936
9.95883976854384
4.959947673603892
4.6840935200452805
4.469567990861833
2.3919837148860097
0.7926089437678456
4.590543161146343
1.4102383549325168
4.6726658921688795
1.8519967216998339
2.66525969048962
4.620511514134705
1.9899154054000974
9.838561647571623
4.534029599279165
15.500889543443918
7.735473428852856
6.02841807063669
4.0350525276735425
1.6034845947287977
7.950297727249563
3.1897135488688946
1.1038480321876705
2.0612632101401687
12.17344683688134
1.8308795867487788
1.6206734078004956
3.434857089538127
2.9822450447827578
1.2625348949804902
7.473065935540944
7.649207217618823
3.446042876690626
4.5580875892192125
1.4572958429343998
5.636681072413921
4.424007695633918
4.133475887589157
7.185116178356111
9.592175785452127
8.813365958165377
1.0862949397414923
3.501886901911348
1.508796806447208
9.909675342962146
5.350581504870206
1.0049380357377231
3.848903006874025
20.39301979355514
5.4847264578565955
2.7434376324526966
8.253951577469707
4.995159587357193
10.336155762895942
16.647904193028808
4.856287745758891
4.152083784341812
5.368520230054855
3.2472369680181146
7.352044548839331
3.922766369767487
10.688126702327281
23.124456213787198
10.00695217680186
6.246105094440281
1.8302838178351521
2.4507623072713614
6.222959827631712
13.188668481074274
5.434893062338233
14.53813337534666
2.1262403591535985
8.591160487383604
28.263282360509038
4.671625418588519
6.462575783953071
2.0993420584127307
19.56526321079582
4.727442014962435
9.502251498401165
8.08210124913603
4.028935476206243
9.192352093756199
3.1776857366785407
11.278558620717376
6.066367419436574
1.75640232488513
1.6156231965869665
1.7751136906445026
7.211700849235058
3.9524931791238487
3.352972594089806
4.043057220522314
8.956852381117642
4.653399437665939
2.7284811506979167
7.297314954455942
1.5075663779862225
9.760155217722058
8.228597583249211
12.028034587856382
9.758007906377316
2.8246294874697924
1.9736291654407978
1.4965186212211847
2.146636525169015
2.832908556330949
1.1393977142870426
2.9292669696733356
3.091101637110114
1.4902904434129596
1.76448661275208
1.6519424305297434
4.895375548861921
4.668818335048854
2.3097351528704166
3.0132241239771247
1.8752156146802008
8.636347463354468
6.653218837920576
3.308285627979785
3.123495753854513
4.724987093359232
3.167715105228126
3.373368459753692
10.70722374971956
8.5028310790658
9.799786746501923
2.2375273555517197
7.735527930781245
1.8958898335695267
11.314666429068893
11.407585483975708
8.94160307943821
7.265783187001944
1.7336401520296931
3.748481245711446
5.377500063739717
1.7668629959225655
2.5352355940267444
3.5215546381659806
3.930887698661536
5.70506685692817
11.125721493270248
4.839129891246557
5.968654043972492
4.3220594082959
4.3907622722908854
1.9533689180389047
17.00395378516987
3.18312662281096
8.322075699456036
4.282582610845566
16.850391369313
8.214746576733887
12.529059771448374
18.88821587152779
14.06962270848453
3.2632349990308285
13.037237683311105
9.032433664426208
2.6294972049072385
3.532231659628451
2.0814908454194665
5.220114058814943
2.3957326556555927
5.242126489058137
1.1433020145632327
7.742196469567716
1.9506239760667086
10.639769500587136
2.5683571537956595
9.518419845029712
4.778412763029337
4.056356645189226
3.9066488509997725
2.6437739338725805
9.732851057313383
4.343164866790175
13.01050360314548
10.72225313540548
4.127320926636457
10.44757866859436
3.4444489805027843
2.148361334577203
2.876761108636856
5.985894857905805
8.720434023533016
5.464252308011055
8.047658971976489
1.2406536284834146
14.181449308991432
2.378227947279811
14.035843471996486
16.00415668077767
3.7217906648293138
2.0642132507637143
4.047709188889712
2.14924671780318
9.340078938752413
6.438628998585045
2.679646657779813
8.870963100343943
5.897666286677122
4.219601261429489
1.2361928257159889
7.423126345034689
2.1889418866485357
2.3850504928268492
1.8001740146428347
2.239747024141252
4.468780053779483
7.2438634457066655
2.6458204425871372
3.0788034657016397
3.003179783001542
10.575982758775353
8.391184714622796
3.7943100230768323
5.704441354610026
9.303746388293803
16.91165802720934
3.5130117535591125
2.293648005463183
18.403745809104294
17.461020993068814
3.134086082689464
10.43079680390656
3.2030026111751795
4.028636652044952
13.956850794143975
16.44390818476677
4.9693801226094365
15.108518187422305
2.8481710329651833
18.586594918742776
9.56525478605181
2.346654280088842
4.482362251728773
17.68937457166612
13.65977399609983
10.488067048601806
7.635413329117
11.68235217873007
3.013906334526837
2.412898594979197
5.542100536171347
1.3095582532696426
7.878044892568141
1.7240335536189377
1.0266534620895982
9.820013972464949
4.16016945336014
3.8699172497726977
3.770794848445803
2.17079786490649
13.214178914669901
10.381387639790773
1.0771576357074082
1.926991160493344
3.010256290435791
1.7524361475370824
2.4456871580332518
2.854178473353386
1.186952960677445
4.159684516955167
1.5379045838490129
3.196781149599701
6.421360638923943
2.8013185397721827
2.4318296294659376
10.578259095549583
7.843182907439768
2.267117594834417
12.800086048431695
1.2446604403667152
3.487949835602194
6.350535925477743
1.8486770065501332
3.3518070271238685
2.951827167533338
2.6483619255013764
14.459033567458391
14.587045493535697
7.504020035266876
18.311622006818652
1.4831767734140158
1.5785633907653391
14.64306618925184
5.928288497496396
2.6138409292325377
4.911632439121604
0.9195058629848063
4.476429891306907
1.4216461768373847
1.8008040003478527
1.6790469707921147
12.212353812530637
9.806383215356618
9.54128373786807
8.824472139589489
4.433583019301295
7.022331839427352
4.776703794486821
7.160798056516796
4.9940061485394835
4.423665839713067
2.6152470586821437
7.280559106729925
3.7256277464330196
3.820566836744547
2.1082163648679852
3.6903312793001533
3.143364878371358
5.187502445653081
3.8861136049963534
8.399284157902002
3.136863416992128
5.153428105637431
1.555909063667059
2.1401101807132363
6.818207827396691
11.483037754893303
3.086179854348302
10.65283427387476
3.7401598850265145
6.262483875732869
1.9047188581898808
6.243985234759748
1.6582250068895519
5.060439473949373
1.32873319927603
7.713867112528533
8.173305454663932
5.849743438884616
5.333273909986019
5.459643906913698
9.916356223169714
3.2008429607376456
7.08394437469542
3.4520317260175943
3.230781612917781
4.410811164416373
16.048701246269047
3.0085751954466105
3.091171173378825
11.802864642813802
1.2748969672247767
9.62403822503984
3.51344005856663
2.391679218970239
1.835378392599523
10.85862953402102
14.83308160956949
6.969920568168163
9.56830848986283
1.8241524272598326
3.99167244322598
3.5193183850497007
1.9374895901419222
14.3973827091977
7.8016514871269464
1.8932491838932037
12.549406740814447
4.992550233379006
1.3764295908622444
3.210105897858739
9.02797403652221
3.708391328342259
8.08467931393534
2.0686127468943596
3.6647193445824087
12.316033664159477
2.6099074385128915
1.2822164199315012
7.942744992207736
2.241659793071449
13.638489770703018
2.1344683286733925
1.700398774817586
1.0364119112491608
5.1242672563530505
2.2352009061723948
3.5670901527628303
1.455689544789493
4.948968688026071
2.783291697036475
11.250351688358933
9.879233389161527
1.738415322266519
3.8546987092122436
2.458297984674573
4.719631090760231
4.455511965788901
20.746295009739697
5.030957164242864
10.510922866873443
5.204408610239625
2.4416838525794446
1.6678148917853832
1.899772887583822
4.692884778603911
8.257051083259284
5.2444659527391195
1.2178893638774753
9.052928330376744
8.381908595561981
1.1036900943145156
9.191908666864038
4.206591485999525
1.6012808894738555
3.7617685827426612
6.904116057790816
4.430668223649263
4.318115503527224
4.920807441696525
6.963878680951893
5.69496418396011
3.644743246026337
2.971288589760661
9.719833632931113
7.320061810314655
1.961816999129951
9.122144654393196
3.2300022523850203
1.3966051596216857
1.868467630352825
17.533118071965873
5.413156885653734
2.6022258773446083
2.209080741740763
1.736503969412297
4.4188359044492245
3.4979543567169458
5.994291635230184
7.291742543689907
10.329323701560497
5.0298281675204635
2.3557936241850257
20.950869624502957
4.631962087936699
10.481068679131567
3.8987281937152147
9.468439038377255
3.080464960075915
6.953294413164258
3.516542812809348
6.130578206852078
2.283295029774308
4.993618474341929
3.348298681899905
3.4666599999181926
12.825376105494797
2.2816969230771065
10.151190066710114
4.228539295494556
9.69704267848283
21.501804234459996
14.223575164563954
10.464191555976868
19.613157192245126
2.5652848314493895
15.717507997527719
10.451479484327137
4.5993386236950755
12.649296352639794
13.494311532005668
8.977644336409867
0.8937254780903459
14.069595374632627
6.235897680744529
1.982797262724489
1.670039583928883
3.027841695584357
1.8811117447912693
7.25967626972124
1.583250462077558
15.8073990335688
11.089991129003465
1.862981460057199
2.886478182859719
9.282754763960838
17.00124485231936
4.491261916235089
1.204427377320826
1.6102012293413281
2.094659401103854
11.854840066283941
4.557386575266719
4.871586370281875
4.783908927813172
4.98471715208143
3.1851736451499164
6.106922966428101
6.600544269196689
3.6139865638688207
21.518121799454093
8.120656900573522
2.914413490332663
4.458996707573533
2.130936005152762
2.7828384707681835
5.868547615595162
6.813863690011203
8.729874902404845
9.74817001633346
4.1042600236833096
1.8199664154089987
3.802518045529723
2.6480162390507758
12.790300598368049
12.934341505169868
14.771589066833258
1.8006011955440044
3.634126789867878
2.6806632317602634
2.2808199739083648
14.49934521690011
12.237549976445735
6.005900432821363
9.814634181559086
3.764196643140167
12.63472792506218
1.0849024029448628
1.7788723558187485
7.429230839479715
1.5674882289022207
2.0775390453636646
3.4263530960306525
36.89225023146719
12.935834372416139
3.166376735083759
3.1247873725369573
5.3470040098764
3.638509299606085
2.745346086099744
18.95902927685529
5.909738068468869
3.5107577559538186
2.395119734108448
9.832425579894334
5.024718505330384
8.319843309931457
15.13496490381658
6.428263849578798
1.8288154508918524
1.6817339677363634
2.1382963191717863
1.2159454696811736
6.527666823007166
4.20688755158335
1.4538549962453544
8.619173599407077
2.6159841315820813
3.6264256294816732
4.385232832282782
33.606831051409245
9.262005252763629
5.699203843250871
1.8833186952397227
10.695634306408465
9.77665359992534
1.774896533228457
5.99090591724962
2.7489343639463186
8.796596040949225
1.5025477735325694
2.354882473126054
11.230718626640737
2.067762813065201
8.420027092564851
9.1609879527241
3.3279130375012755
2.2040308476425707
2.016378493513912
4.390494657214731
7.713775282725692
8.048496769741178
2.122288763523102
4.1971824481152
2.156608979217708
8.18851492088288
1.7265292461961508
1.7635259632952511
1.6285484759137034
1.9422767129726708
1.5764727285131812
2.36339476890862
2.391400116495788
8.778955674730241
7.480522774159908
2.2693241899833083
3.200991199351847
4.12050172733143
3.5720838429406285
6.8368500750511885
9.559526827186346
5.719820904545486
2.949261828325689
8.760849222540855
9.387737398035824
7.072455012239516
3.3973261835053563
1.6321648610755801
5.248306265566498
15.138341675512493
9.504270667210221
5.834636179730296
5.504478571005166
4.2402601251378655
10.43681311653927
6.9585834154859185
7.461138979531825
1.4466315479949117
7.65621177200228
10.451178209856153
9.446876649744809
4.289186113514006
1.977446423843503
4.096255062147975
8.390216839499772
4.810823714360595
4.076969456858933
4.66439554374665
12.135685930028558
10.074499659240246
4.311065157875419
3.2235580822452903
6.3408118430525064
1.8639814350754023
1.2041645613498986
1.057665173895657
8.393160155508667
2.0846024197526276
1.4064616630785167
2.331347637809813
2.3130397759377956
1.595046462956816
2.3058617804199457
1.9350674534216523
2.2233300423249602
2.5659142429940403
5.700198091566563
2.259737018495798
0.9268765239976346
8.03625325113535
1.349052594974637
2.7219147561118007
7.841279587242752
3.014861484989524
2.4330335296690464
1.770278506912291
2.8305381471291184
1.3066624864004552
9.603473230265081
5.0493201308418065
1.8900852142833173
2.176401082891971
1.9431196539662778
6.505011273548007
3.9328748993575573
10.671753308735788
1.5571320969611406
4.51930307270959
2.6391649758443236
10.137730026617646
2.4408908830955625
2.0496136397123337
1.5598774068057537
11.75499290972948
1.5727040329948068
8.402168551459908
11.044237012043595
8.793333552777767
2.6738179866224527
7.30595385748893
16.741954415105283
2.1742232022807
2.7271761037409306
7.614811036735773
6.461939245462418
4.510812885127962
21.654347619973123
6.494956853799522
8.503813413903117
3.356036172248423
7.376574283465743
2.291812357492745
3.0071858833543956
2.033654267899692
1.7758782897144556
0.9845249857753515
6.547863878309727
6.9426179439760745
1.6557229850441217
3.4757635751739144
10.333597144111991
1.1511877407319844
51.90978173725307
2.817011416889727
3.5180591586977243
1.6773523492738605
2.6080010272562504
7.7563761081546545
2.951431176159531
5.358032727614045
7.992648258805275
13.985827076248825
16.16201786417514
2.0502935694530606
4.678131959401071
6.7938180500641465
7.980774972587824
3.9150156932882965
5.810697379987687
1.816403765231371
3.4669474964030087
2.7255096794106066
3.166028408333659
4.03478666767478
4.557341155596077
4.796606421004981
1.0754896868020296
2.798671904951334
4.396554179489613
3.1047637639567256
6.8068256778642535
3.4481206852942705
7.549056275282055
4.149000148288906
2.1834238413721323
11.696741460822523
2.5328909950330853
6.486861704848707
3.233713747933507
1.0802042172290385
5.460844602435827
3.8252337807789445
9.689219229854643
1.6900688977912068
5.233659643679857
2.979389511048794
7.706753036007285
2.322610318660736
1.4434599722735584
22.10670092329383
1.4136882480233908
4.69542539305985
4.782341353595257
18.737001699395478
14.729918252676725
5.412751485593617
8.520141296088696
19.272958762012422
2.9127090657129884
4.002602740190923
14.734176407568157
3.2631512032821774
1.6220501102507114
1.3475687569007277
0.8838389627635479
3.518398841843009
22.537802585866302
2.5481293788179755
2.6066886968910694
1.4198273746296763
1.7452295604161918
1.8105586459860206
7.199577731080353
1.2525434512645006
14.609918939881027
3.946105545386672
2.709152664989233
1.7522892225533724
2.589545076712966
4.362568619661033
1.248293673619628
7.851720687933266
5.447900477796793
7.718704277649522
1.4309756122529507
1.941245845053345
4.709373079240322
1.481383006554097
9.525352504104376
20.41715524950996
6.779661995358765
1.6525893630459905
13.976723381318152
8.711792349815369
10.463346865028143
2.026020461693406
6.106423587072641
17.046267186757177
6.5800178768113256
2.6093913186341524
1.1564050670713186
7.632869730703533
1.7842009756714106
1.7814642982557416
1.6409641737118363
7.5051717376336455
5.160264297388494
4.828801068477333
9.547337201423943
17.730789572931826
15.699122291989625
2.7897910135798156
9.70054961182177
3.764258412178606
5.8416096940636635
2.1699145599268377
2.169870323035866
1.8621474066749215
8.258000008761883
1.3648454146459699
10.66504068672657
2.6509981090202928
1.803093292284757
9.01207937952131
3.8600232638418674
2.206892183981836
12.559604121372104
3.1209827419370413
1.3503915024921298
9.236097348853946
3.7813686560839415
1.7049031648784876
9.037528866901994
2.5167745407670736
16.173624432645738
1.9898652210831642
2.0317550995387137
1.612428775522858
9.506889203563333
17.490130157209933
5.842653643339872
13.878952680155635
3.3171503841876984
4.292775234207511
4.311936465557665
2.3316119462251663
11.919859968591481
1.4444046188145876
10.20419117808342
2.766620149370283
3.7756825080141425
15.534366968087852
4.010229326784611
1.96325589902699
22.30715983826667
5.126205811277032
1.8130594212561846
13.20790819823742
8.928448302671313
1.6988307759165764
3.0254905121400952
1.095262330956757
3.2364694653078914
2.8244541115127504
7.02282388554886
13.752019176259637
4.116827353835106
12.080512011423707
4.050937302410603
7.579157497733831
6.683044702745974
1.2432567328214645
2.7773188035935163
9.485511138103902
4.95622313208878
3.9144148430787027
1.1601928798481822
1.1063386765308678
5.71175233181566
9.038182351738214
11.967384921386838
8.722389815375209
5.821172214113176
4.179448086768389
3.046420686878264
3.239711388014257
2.495917974971235
2.6042754258960485
6.827978139277548
1.8783632079139352
2.381039588712156
7.804791967384517
3.1243745302781463
1.7980054998770356
25.60856558289379
1.8988560512661934
1.6403213627636433
3.065793759189546
3.314573025330901
4.514790927991271
12.866320304572582
3.0618143742904067
2.1130002746358514
14.819971171673387
9.897089016623795
2.093029056675732
4.570847334340215
7.199073298834264
7.093670653179288
2.1862684413790703
4.641677439212799
8.752504140138626
7.405541223473847
6.986192841082811
1.090973062440753
12.690242720767856
4.597997142933309
31.594818984158337
3.0748356133699417
3.7898453045636415
19.809349598363042
6.291729798540473
18.34096542187035
6.625827984884381
9.192421255633235
9.205470139160752
2.586672753561288
8.35502822464332
6.444031583145261
5.431231175549328
11.657657407224178
2.224676280282438
2.7882244987413287
1.80678616091609
1.5583416973240674
8.236729530617595
8.110938197001815
4.332726529799402
2.706202680245042
1.9034813675098121
5.259730570949614
7.139275631401688
5.560096297878772
2.3298262008465827
1.561709507368505
5.259742297232151
1.5006810948252678
2.384219197090715
3.742448647506535
10.376423594541848
3.154855062253773
9.72653696499765
5.633680966682732
5.840158961713314
1.65855175210163
15.421121479943395
1.854557329788804
6.928031438961625
17.968085155822337
2.410167895257473
10.431504215113819
16.991279552690685
1.1854586880654097
1.4022312043234706
2.714339411817491
3.163964026607573
1.650795241817832
3.199752641841769
1.7889548246748745
15.449690050445497
0.8207162409089506
3.1865903632715344
2.6852872520685196
3.349707634653896
1.4908341960981488
3.68406229512766
8.25812616944313
12.179252265952528
1.6196389915421605
9.477356103248894
1.7850421043112874
2.788747447542846
2.0031237662769854
5.143169733695686
3.3113371040672064
2.1721160884480923
8.133346556685865
4.479055411648005
5.714626341126859
1.7218226864933968
6.18968915566802
5.972474551293999
3.3059969479218125
11.510370054282248
0.702864050399512
1.6209684228524566
3.7353289243765175
5.21246709022671
3.75017522694543
7.12483964022249
3.6163804410025477
7.670902662910521
4.129211726598442
2.9674197575077415
1.6840454954653978
2.19683833187446
1.0424887957051396
3.662684458307922
2.604797736275941
1.5466060074977577
4.090718784369528
3.4993564411997795
1.6263312920928001
2.524834685958922
4.232337852939963
2.3414260586723685
2.5658038542605937
7.144100331235677
3.739806981757283
18.627017450518906
9.233422757126391
7.2176403207704425
8.811511524021626
5.468220888171345
2.101352163590491
17.224801061674953
3.8586094714701176
8.888685390818864
1.4977947156876326
11.30837213434279
8.057988007552922
4.206134168431163
2.06037461059168
4.087209464982152
26.772843944840133
2.3741125632077456
2.8819401068612933
5.078368949703872
6.389774332288653
7.460641147568822
2.0535841835662723
4.778163367882371
2.9720451054163277
2.4294593511149287
3.5032603358849883
2.309240777976811
10.879515687003732
9.683739906642586
1.9703927990049124
3.3424797216430306
3.7881692172959447
11.146219848655164
2.5841255392879248
3.124418460763991
3.984783994499594
1.4599653435871005
3.106999047100544
0.7869924437254667
2.3819796070456505
3.882946942001581
11.82976532028988
9.251239595934749
2.6045436589047313
7.8760597538203
1.0173307051882148
11.354568669572473
4.605091379955411
2.5816002539359033
2.3825202537700534
8.476132933050394
13.597570933401585
1.7761950558051467
3.14092206209898
3.312020603567362
4.269573307596147
1.6298475358635187
10.86635213252157
1.5069892187602818
18.28063704725355
3.2103730188682675
6.349470071494579
2.182561432942748
1.9438963839784265
1.0414166082628071
4.606801074929535
2.253938411362469
3.5019136741757393
1.8905270136892796
1.795632136054337
2.316382854245603
5.6921361880376935
4.474235011264682
9.014459740836173
9.456556672230363
2.163226599805057
11.16136119607836
2.9887401568703353
3.4671690301038325
2.0928456955589354
15.883144942112267
9.566300829872489
4.712684226222336
2.216194865293801
7.079386875033379
1.4971878440119326
1.7992382990196347
1.9033629707992077
3.286804221570492
1.6668318365700543
14.03753289906308
1.318513412028551
1.297610018402338
2.239923080895096
9.38195694051683
0.9069124527741224
2.176753365434706
13.76059135608375
14.272977508604527
8.232110758312047
4.184676056727767
3.342625780031085
2.52565579675138
2.2187730176374316
1.7079285806976259
2.6155356522649527
3.9621266934555024
3.0932909017428756
0.939977616071701
5.213730885647237
8.122818727046251
28.305100275203586
1.6789893759414554
6.553833900950849
3.431267655454576
0.9791440898552537
2.9404890588484704
6.158430168405175
20.671022791415453
12.892531430348754
7.339503301307559
1.518853394780308
2.93676398973912
1.447547558695078
2.9077517241239548
10.810374555177987
3.1220755698159337
2.7528023878112435
2.025221262127161
1.227807268500328
1.908706093672663
5.9485839093104005
2.339250512421131
5.507688871584833
3.2923440635204315
7.583049229811877
14.425186007283628
9.905834687873721
3.080649816431105
8.508268383331597
5.384601973928511
4.826141079887748
1.6746007315814495
4.041758279316127
12.907951367553324
4.05791086005047
2.9981101443991065
1.9948860248550773
2.5833641649223864
7.73476832266897
5.07745123305358
3.1934863943606615
2.2078507533296943
2.0776123791001737
2.04445473710075
1.2611145498231053
3.677845056168735
1.9995980742387474
6.771062487270683
1.0733132306486368
3.1573399822227657
1.3840060075744987
11.67184604331851
2.199795010499656
1.128017988987267
4.984773709438741
2.75553110614419
2.089486762881279
2.676832818426192
8.688895246013999
6.222753636538982
2.815993149764836
1.6073012286797166
6.495670742820948
7.731897298246622
15.99418171774596
4.395208751317114
2.847671858035028
3.132583403494209
5.296961447224021
7.26619010977447
23.95335254073143
16.71325920522213
22.568990034982562
33.44424070138484
11.003969461657107
2.4332567416131496
3.598102481570095
6.889044349081814
1.4834599308669567
8.506191798951477
5.463085918687284
12.418137349188328
1.2801688918843865
19.803742855787277
3.1447047013789415
4.516266601160169
8.811236622743309
2.084590617567301
12.526843709871173
9.966810194775462
1.7646791581064463
1.0526619963347912
2.9832143299281597
1.5918549876660109
2.2913039247505367
1.0338280377909541
1.5055680181831121
3.4211281295865774
3.2307586008682847
2.8340067556127906
16.234812596812844
2.4921597950160503
7.939813434146345
4.114085050299764
20.78702046535909
1.3900070013478398
1.5770767964422703
4.792816081084311
2.6551848803646863
17.773192135617137
3.4000316807068884
1.994415215216577
1.3230640953406692
3.9838730012997985
4.72518555726856
12.806599002331495
1.565523773431778
4.967574412468821
5.580324835143983
12.67357728164643
2.9254103396087885
11.929954544641078
5.6673591351136565
1.5696251317858696
13.611354812048376
3.515911417081952
11.888158715330064
2.433911739848554
12.88347674626857
24.869297053664923
1.9539437079802155
0.8998040184378624
13.19275024626404
4.585663547739387
1.816221211105585
9.863463608548045
2.346902766264975
1.0755655383691192
4.056563858408481
8.172390229534358
3.152447315864265
1.188086235895753
3.3563068686053157
2.3366059362888336
11.19246955262497
1.7933483035303652
3.949623545166105
1.4539567846804857
2.359323512762785
3.0483944206498563
1.1683686734177172
2.741024188231677
4.74192187236622
2.026963823940605
4.212836944963783
3.6946812961250544
2.059976796619594
10.895110033918172
1.4644105536863208
11.615460354369134
10.330590495839715
1.8139613494277
2.5855322177521884
7.935890717431903
4.985191570594907
12.595907176844776
2.3024679296649992
13.20502998540178
9.086805816739798
5.491830360144377
4.636470091994852
1.8655629642307758
6.883096065372229
2.4246818693354726
6.915869623422623
7.624842419754714
4.698842316865921
3.533504561986774
1.9966057511046529
8.334051544778049
3.6260699201375246
4.951742390636355
2.251717851962894
3.09303609887138
3.6242740023881197
6.855538826435804
7.749358033761382
10.186121359467506
13.528993296436965
5.141870768740773
3.3750970903784037
3.686222095042467
1.0690420074388385
8.092229453846812
1.137738598510623
2.432991025969386
13.702092555351555
1.9052255544811487
8.595681987702847
1.465721701271832
5.803221557289362
6.49998191697523
3.4307634877040982
2.2128687184304
2.870201448444277
2.5510733760893345
3.8436306812800467
1.1391484919004142
1.5104800201952457
2.310074795037508
2.6125802397727966
11.384785482659936
12.14052670635283
5.911663541570306
4.529739552177489
2.198459298349917
1.2825286630541086
1.6377533748745918
8.673310991376638
7.761242848355323
2.367570514790714
1.2793991276994348
1.0228338981978595
3.3195957029238343
7.03721387218684
5.497927211225033
7.958131370134652
8.360726991202682
3.633657136000693
4.613901011645794
5.324551922734827
5.542926032561809
10.8385319407098
3.1544125117361546
1.8231061343103647
1.7743047988042235
2.1317514679394662
6.492098735645413
4.702783809043467
1.723316228017211
1.1304839607328176
2.568343478254974
1.6661976338364184
4.043330354616046
9.456538781523705
2.2966247582808137
16.525552834384143
11.06491053942591
1.6735024047084153
1.0895495037548244
9.490223867818713
2.0583660174161196
9.3748964862898
1.014550302643329
6.841667531989515
1.703210128005594
6.853168855421245
5.231034240685403
2.246786452829838
2.9496846683323383
1.7074023713357747
4.905517395120114
2.7426658966578543
1.0689642657525837
6.799228172749281
5.859342995099723
5.832295324653387
4.364303235895932
18.973395001143217
19.240076964721084
2.1524906009435654
3.468587126582861
16.798892692662776
1.663808811455965
6.564971768297255
0.9070291221141815
4.348823538515717
2.277217963244766
1.5192418931983411
9.77134524891153
1.9081830023787916
1.2486387551762164
0.6193444738164544
3.948770306073129
1.3339494415558875
2.267680366989225
4.921598475892097
1.5162147907540202
6.7739188792183995
3.783854240551591
7.902988645713776
1.2291980371810496
1.9348465222865343
1.6169778597541153
4.3719738237559795
8.143366384319961
1.6222611251287162
1.3405671170912683
6.611454604193568
1.4647777345962822
1.716867501847446
3.995163549669087
3.6506470651365817
9.260120010469109
2.8090954162180424
4.43681368464604
4.25264966674149
13.314997287932783
3.286753021646291
13.560013958252966
3.7189461905509233
5.441039618104696
5.729584414511919
8.233584896661341
1.9349498488008976
11.745207304134965
6.601360806263983
11.255611781030893
5.885830019600689
1.9588467655703425
2.322072366718203
2.2895753541961312
2.481236691121012
8.260930913500488
5.6473657842725515
1.9275038875639439
1.914546544663608
4.081366376020014
4.6334599340334535
4.073838823474944
14.735355459153652
16.411715091206133
2.863972232211381
4.002948751673102
9.510294531472027
13.68551795836538
20.089804547838867
16.318354856222868
4.097191251814365
2.788215530104935
7.63690984249115
1.1768755712546408
5.218364258296788
2.6419508466497064
15.938172273803502
7.46108752861619
2.300057022832334
4.950153465848416
2.6957213608548045
2.351774523034692
1.5122517845593393
3.1413907958194613
4.243916087783873
3.957786278333515
3.6991629162803292
1.5039700898341835
14.421360677108169
4.430008796043694
1.9654790321364999
4.841753751970828
2.3918369291350245
2.3825861676596105
1.3605231223627925
9.66189579013735
5.5476286904886365
4.731819974258542
10.385652154684067
9.513885519467294
7.604987806640565
1.8611858934164047
1.4042635625228286
3.3249552180059254
3.5328801069408655
0.9409576132893562
7.84343294845894
8.99696226324886
7.211988015798852
3.284342421684414
7.304536625742912
2.029937056824565
3.0030011902563274
4.624521046411246
0.818857011385262
4.331573382485658
1.1281758919358253
13.468043448869139
6.196135357953608
0.9817751855589449
10.8305226941593
3.02161580696702
4.443504267372191
3.4912950810976326
2.316802721004933
3.062558704521507
4.623724829405546
2.1448017158545554
3.4939472284168005
4.7871343502774835
4.6311055505648255
8.186951988376677
4.513493215665221
14.899030246771872
1.9506579632870853
5.088090925011784
4.670568461529911
3.5695827500894666
6.1793576455675066
1.7635521334595978
5.63385194260627
12.112980852369219
4.5791326821781695
3.052785912528634
2.6585592133924365
9.465726806782186
2.3232049215584993
6.811483412515372
10.837755260057747
1.2807177477516234
2.236749983392656
9.975305242463946
5.07856835052371
1.471488161943853
2.2942415084689856
1.5595967276021838
7.106179430149496
2.6939127541357473
2.379194593717975
3.6516355189584915
2.9758148760564866
1.0435358487790631
3.3151051628012813
8.747754237824871
3.0078991502523422
3.049398109316826
1.2585570278667635
1.7428756308171056
10.612411392311897
6.353456313571622
4.9168641567230225
1.870019370509732
5.240746488734599
8.647207759080395
2.7721886827099707
4.972074400513403
1.6734258388319323
2.633660619297335
4.113256112221749
5.432565848673543
4.8207545708264075
11.749001324176788
1.5156247760018995
4.6677542102913705
10.30693333379684
1.6888238263707007
4.212910730031229
4.875727863561723
