0.3282418987364508
0.2808208219066728
0.25355934459366836
0.3480874877423048
0.3907132732565515
0.37679982266854495
0.41242155217332765
0.3490410568192601
0.40446184627944604
0.36677941866219044
0.38236801128368825
0.40525211044587195
0.39848318975418806
0.39314301183912903
0.4195515923202038
0.4019846087321639
0.39995031396392733
0.3947225770098157
0.425554888905026
0.4441707012592815
0.4284572119358927
0.3731372061301954
0.41873920732177794
0.4863893074216321
0.4791231002891436
0.4365584059851244
0.445768766279798
0.4378216089680791
0.41332325694384053
0.4045942743541673
0.39251308725215495
0.4327680586720817
0.4134022716898471
0.4701598883839324
0.4073331472463906
0.40879012417281047
0.43238629022380337
0.39612676424439996
0.36980915488675237
0.37726318172644824
0.3831138873938471
0.4157141988398507
0.41557383578037843
0.46732983173569664
0.45061838906258345
0.47510543186217546
0.4152994221658446
0.4031102714361623
0.3972863605013117
0.32298363489098847
0.3928204954136163
0.4353181675542146
0.3906881045550108
0.3908329496625811
0.3947893146541901
0.3821376084815711
0.35742870363174006
0.33578087348723784
0.37155920057557523
0.3248098883777857
0.41547250584699214
0.3886134885251522
0.36277139210142195
0.34031477314420044
0.3852540678344667
0.39010834955843166
0.39794782700482756
0.371919798431918
0.36270443542161956
0.3038921427796595
0.3414324387558736
0.3416774441720918
0.30633001995738596
0.3873374218819663
0.36497332085855305
0.37562658346723765
0.36755116033600643
0.33910085586830974
0.371667658444494
0.47179471352137625
0.38083755725529045
0.3679139446467161
0.39342613669577986
0.400715459138155
0.3740399104426615
0.39971676270943135
0.33880746900103986
0.3650938778882846
0.3444644143455662
0.3369031941983849
0.43053762218914926
0.3946315775392577
0.3578542090835981
0.36173973832046613
0.34004151180852205
0.37736597389448434
0.3435938893817365
0.3424836967024021
0.3374655007501133
0.38431034167297184
0.36860873992554843
0.35156795737566426
0.3664910974330269
0.3588488004752435
0.3353471799637191
0.33300681778928265
0.3837756245629862
0.3335098540992476
0.33132143114926293
0.3245133456075564
0.33238743018591776
0.29864171013468876
0.33683050458785146
0.32426812243647873
0.3529424245352857
0.3438746190513484
0.38308918237453327
0.33267966948915273
0.32612366357352585
0.36545845365617424
0.324606922629755
0.3795628151856363
0.3543536083307117
0.38092888495884836
0.31014101282926276
0.34442508092615753
0.3559111160575412
0.3814816519152373
0.38009695964865386
0.38267010042909533
0.38620118278777227
0.3614033254561946
0.40495342994108796
0.3597704778658226
0.34429335180902854
0.3768157710437663
0.34386018733493984
0.3683125762618147
0.39196903875563294
0.35144380398560315
0.338506001746282
0.39056235714815557
0.35977976251160726
0.3512090346775949
0.35640148108359426
0.37254627951188013
0.36530098848743364
0.3922154873725958
0.352694945409894
0.3974655700731091
0.3970577208674513
0.39142771653132513
0.4245386936236173
0.39369024767074734
0.4310377036454156
0.38411621004343033
0.4008678031968884
0.41195774456718937
0.4525523604825139
0.39447684277547523
0.40369498229119927
0.43337892240379006
0.4169483092264272
0.3949786094017327
0.4288326522218995
0.40809864952461794
0.4105908998171799
0.4160175928263925
0.4166784308035858
0.35845635342411697
0.41254857822787017
0.407841662527062
0.43138487957185134
0.36059262143680826
0.3839730444015004
0.4282499278197065
0.38285768253263086
0.3608775417669676
0.4137765971245244
0.3989752136403695
0.4048907960532233
0.45851119788130745
0.4180040172650479
0.420949729392305
0.42004222847754136
0.40938009513774887
0.40904507867526263
0.44246494624530897
0.42766442435095087
0.41210393962683156
0.43656515300972387
0.4142981800250709
0.4369081553304568
0.36915483576012775
0.4199108831817284
0.40844953374471515
0.45074712531641126
0.42838613770436496
0.41841488040518016
0.4201456456212327
0.4268643967807293
0.39339795196428895
0.4116987218731083
0.395039428723976
0.3893611868843436
0.42370375024620444
0.4015646383049898
0.40182792441919446
0.380292612593621
0.4357355244574137
0.3714076020405628
0.400852111983113
0.4053227455005981
0.39517986215651035
0.3852525948313996
0.33052248519379646
0.3763546444824897
0.37214170437073335
0.409796703082975
0.3633261595387012
0.3991796543705277
0.3989340470870957
0.393621543305926
0.40416922426084056
0.3980558254988864
0.39682442566845566
0.3994765153620392
0.39433839329285547
0.39031722192885354
0.39386464311974123
0.36500267090741545
0.3913469050312415
0.3438685853034258
0.3675568640464917
0.37429741088999435
0.35256024677073583
0.37057552160695195
0.36831247352529317
0.36972098815022036
0.3591434484696947
0.37965509900823236
0.35305770207196474
0.3687329644453712
0.39574105507927015
0.38461238669697195
0.36743214551825076
0.3496033446281217
0.35734146973118186
0.34630558209028095
0.3377998198266141
0.3747597194160335
0.35066664457554
0.36071635282132775
0.3739065178669989
0.3504207718069665
0.34033163666026667
0.34815193980466574
0.3203113384079188
0.3349470709799789
0.3505988843389787
0.33411110180895776
0.3989925788482651
0.3757999889203347
0.31588183651911095
0.37435824336716905
0.39688114839373156
0.3471366142039187
0.34945383993908763
0.33711106661939994
0.3586653934326023
0.33240895660128444
0.36709672154393047
0.3129697587573901
0.34801588364643976
0.3530803379835561
0.41733038309030235
0.35558802250307053
0.35539268190041184
0.32585485646268353
0.38951194792753085
0.36291453399462625
0.34716009022668004
0.3172568918671459
0.33526990632526577
0.33276221359847113
0.3337377381976694
0.3259543727035634
0.3184094073367305
0.3315835060784593
0.3396891007432714
0.3236362811876461
0.35300259542418644
0.36608159344177693
0.31003774801502004
0.38334565196419135
0.3566060661105439
0.35279268596787006
0.3507426222204231
0.35926594270858914
0.37587614345829934
0.3420233243959956
0.35673977341502905
0.3411088866414502
0.3241970937233418
0.34210569510469213
0.31220542697701603
0.32952623505843803
0.3370345121365972
0.3425776787335053
0.3891740525723435
0.31882089452119544
0.3238551960675977
0.3278182456851937
0.32284748420352116
0.36828524922020733
0.2996139044407755
0.35009996907319874
0.3419416139367968
0.35090909857535735
0.3510338035412133
0.31167353538330644
0.2885675100842491
0.3152018337859772
0.34015008417190984
0.40412554738577455
0.333815734134987
0.3172796971630305
0.3175618479726836
0.3429720403510146
0.3329507054295391
0.3815066898823716
0.3142873169272207
0.3086951844743453
0.3095651908079162
0.31386675155954435
0.32236828975146636
0.2890067632542923
0.32009519840357825
0.3191771487472579
0.33701674337498844
0.38980562036158517
0.32520552998175845
0.322955725598149
0.33483115053968504
0.3775036904262379
0.32370470551541075
0.34139934385893866
0.3489492906956002
0.367300629732199
0.3281542111071758
0.3053339296602644
0.27107096632244065
0.3166133667109534
0.3378642635070719
0.31335938710253686
0.2955228225910105
0.30598646856378764
0.3475633254274726
0.28967347531579435
0.30554544599726796
0.3247159066959284
0.30127269931836054
0.32431605079909787
0.3263477240689099
0.3087784142117016
0.31976830086205155
0.3162685238639824
0.2998492406331934
0.26608644163934514
0.3371002697967924
0.357277013536077
0.331367380451411
0.32017583545530215
0.3138374154223129
0.29881654219934717
0.3750620181672275
0.295435726235155
0.3160882198717445
0.3214712296030484
0.3039037069538608
0.3575116521678865
0.3339055363321677
0.3050095047801733
0.3307249968056567
0.3406992357922718
0.295961300667841
0.3168814011150971
0.33124269428662956
0.3547612415277399
0.289393117884174
0.30424372950801626
0.33723575255135074
0.3703428264707327
0.29316676483722404
0.3018876879941672
0.284498036140576
0.29102742060786113
0.3380810701055452
0.3202135673491284
0.31848203437402844
0.2712384683545679
0.3403172845719382
0.3081561629078351
0.29245737119344994
0.34229701425647363
0.2926808251067996
0.2931751234573312
0.292184125399217
0.2936318726860918
0.3510802027885802
0.307997589930892
0.3555391867412254
0.3588258949748706
0.3425025347387418
0.304778280609753
0.30993275277432986
0.3589149566250853
0.3085518899606541
0.29861704824725166
0.3261779628228396
0.3507113216910511
0.2618259876035154
0.3269948333618231
0.34463361266534775
0.28495034511433914
0.31443648017011583
0.3634246258297935
0.31048234325135127
0.29858775273896754
0.3001558545511216
0.2916692770086229
0.3047934592468664
0.3566615885938518
0.3066487549804151
0.29909795345156454
0.3211650747107342
0.30576229706639424
0.3085960986209102
0.2890120575320907
0.2990261042723432
0.2965867127641104
0.28551376570248976
0.2825240276288241
0.32556139619555324
0.2887237661634572
0.3213495655800216
0.279000430717133
0.29270941542927176
0.30454906448721886
0.2960053640708793
0.2820365952211432
0.29940021148649976
0.29716651790658943
0.29010368752642535
0.31407712592044845
0.35998286196263507
0.3129917691112496
0.295355312875472
0.29768701712600887
0.2881293080281466
0.32252798552508466
0.31703960651066154
0.28906680014915764
0.3192566443467513
0.3037871700944379
0.2941453163512051
0.3126649016048759
0.27893124776892364
0.3078666212968528
0.28879160957876593
0.29311716492520645
0.29933733196230605
0.2677052150829695
0.30217940075090155
0.261319455166813
0.31892050948226824
0.29995202290592715
0.2687446500931401
0.2897397060878575
0.28685892140492797
0.311971822171472
0.3207633950514719
0.2794848675839603
0.22965477951220237
0.29206442419672385
0.29448418284300715
0.29288721454213373
0.28384234639815986
0.26944404729874805
0.30448066582903266
0.30223776440834627
0.29659545377944596
0.27400544309057295
0.2834539479226805
0.29884040681645274
0.2494716845685616
0.2766454325756058
0.3077521931845695
0.29005936614703387
0.29009643371682614
0.2775164622289594
0.3364964483771473
0.2898276718042325
0.2876448932220228
0.30619649711297825
0.3100389803876169
0.2694300337752793
0.3228494776703883
0.2722136907395907
0.2980314273154363
0.2495892150036525
0.27082290838006884
0.2880580671480857
0.26115985680371523
0.30930082889972255
0.32377354690106586
0.30780075379880145
0.2796047586307395
0.31051092164125293
0.34018141648266464
0.28470417839707807
0.2939477356849238
0.2813564082607627
0.26106995655572973
0.27347492176340893
0.282003415399231
0.2752469852566719
0.2660424203495495
0.26443771133199334
0.29924483521608636
0.27109706311603077
0.26631131127942353
0.29803429427556694
0.2741215772693977
0.2870023606810719
0.3017676582094282
0.26656133896904066
0.28116353109362535
0.3087956761009991
0.3009334460948594
0.2592294071801007
0.2649297113530338
0.25998311454895884
0.257939289935166
0.247404801833909
0.24072834584512748
0.2610983545309864
0.28199798706918955
0.28105107831652276
0.29316009031026624
0.2834540553740226
0.2845525298034772
0.2246684747224208
0.25387478910852224
0.2883423786552157
0.2733397746924311
0.26311416464159265
0.2958511466276832
0.2651657885289751
0.3087134115630761
0.3073022919707
0.2643553356465418
0.25896827955148183
0.28083845786750317
0.2471113357169088
0.29807723689009435
0.24975356538197957
0.2615936332149431
0.24601767884450965
0.3018547596002463
0.259143430768745
0.27651767106726766
0.23755117380642332
0.22022960323374718
0.272014852729626
0.2810047338134609
0.26983726321486756
0.2638613812159747
0.30701152636902407
0.2603019629314076
0.2436894582642708
0.26054497592849657
0.24162244421313517
0.24941342396778055
0.23392315075034276
0.2536331978626549
0.2877626394329127
0.2719342422496993
0.2868129936978221
0.2757905366597697
0.2848044944112189
0.2666558140772395
0.26228060736320913
0.2844053434673697
0.27637158799916506
0.2466969359666109
0.24114869502955116
0.32179212383925915
0.2602257128455676
0.2931482917047106
0.27413766452809796
0.2686662246414926
0.27963768239715137
0.24797551982919686
0.27321749285329133
0.2391202428843826
0.2569154658121988
0.24966207542456686
0.24674904267885722
0.29431385814677924
0.26842578445211984
0.25470895765465684
0.32250629691407084
0.2764039215981029
0.29899087458034046
0.302662763686385
0.28091923185274936
0.2720700028294232
0.2699708139698487
0.26582189960754476
0.27376639359863475
0.27839679512544535
0.23429492401191965
0.28755254522548057
0.2612230177328456
0.25750437399256043
0.24621879702317528
0.2492680969007779
0.24920784664573148
0.2785341382259503
0.2835652766516432
0.28134038724238053
0.2683508216578048
0.26738130702869967
0.24283748588641174
0.24637291516410187
0.28249035897897556
0.2666603435645811
0.2990484009787906
0.26190205171587877
0.27830211489344947
0.2232754077122081
0.27290529760648496
0.30226900507113896
0.27703982262755744
0.27368582028429955
0.26911402080440894
0.2718683619168587
0.23571514140348881
0.23017809924203902
0.2410204080515541
0.28640095313312486
0.2479970672284253
0.24475207651266828
0.2809898696723394
0.2750123306468595
0.24811434478033334
0.23426925789681263
0.23712386994156986
0.2666553833114449
0.27907464373856783
0.2568207194271963
0.228702361084288
0.283758653269615
0.26065557621768676
0.2909734609129373
0.2841543394897599
0.2791141800407786
0.26148204068886116
0.24780638041556813
0.28494330655667
0.23068672334193252
0.2692505374434404
0.2632973838481121
0.27493428718298674
0.23608130181673914
0.2731111009197775
0.25530195541796274
0.26869337155949324
0.2648912082077004
0.2598590295528993
0.28680802002782
0.25047772435937077
0.2941710506856907
0.2371848793409299
0.26187497554928996
0.3093383222585544
0.24876864766702056
0.25376065564341843
0.292716827330878
0.25695909149362706
0.25900500535499305
0.26895979591063224
0.27449789724778384
0.2849564815114718
0.29247949380078353
0.28076114642317407
0.24914840143173933
0.25963113506441005
0.29105962175526656
0.23243009453290142
0.2723821972904261
0.2571976587641984
0.23819987921160646
0.29809015948237394
0.25012499909466646
0.2607545994046166
0.24596476827667454
0.2818977903780036
0.28985352256870645
0.2530155327963078
0.2607024575722969
0.2688080557277353
0.2521949218307424
0.2687080421257676
0.24525023521635475
0.23290553603937306
0.24499487703827422
0.27851004367620924
0.24098512043399134
0.27885474425953205
0.2859316539224677
0.25659810983407216
0.2842969534200008
0.25175894793915
0.29214005436249607
0.27052817822206676
0.25145950423568253
0.2856514741937945
0.2904548041053175
0.251923233974637
0.29641799822332354
0.265429611838474
0.2695935921464849
0.2455969719494891
0.2679591673155
0.29754819398320564
0.21855085524987047
0.24716912661715756
0.2670584319848714
0.22106808159999022
0.2704973642926986
0.29805795270509605
0.283142477537938
0.26552424805722835
0.3051360638474855
0.2625961182859
0.28399348041908007
0.23449326033784648
0.24134299112117197
0.3084042659249362
0.2566939290524937
0.2569843930170292
0.26188036374102425
0.24097169715705818
0.2759063053788163
0.29736458733091203
0.2668534543687903
0.26204943592388796
0.2777302490444634
0.2673866177989742
0.2871028794137042
0.2813946058255012
0.254207044869192
0.2572702583600217
0.2819182653068088
0.2511239325202356
0.27238417601608855
0.2550259089082714
0.2930061827142408
0.3021771348132862
0.28327354665581633
0.25937019919199267
0.2986511401538774
0.26975028340037416
0.28479059902936454
0.24447746202349663
0.3032422600768683
0.282231840796358
0.24873710851969683
0.3068400464775994
0.2626079755035911
0.2748434875072457
0.24332530858127152
0.26019980699762585
0.29574420869233103
0.29238316698337163
0.29632909370102284
0.240437462661914
0.26773341645405985
0.29201881839769095
0.2519997266509871
0.25985524263672943
0.319016296651185
0.25609606143644476
0.26839976508434366
0.2856341630631075
0.24447118309069807
0.21976055389666183
0.29756099933127717
0.2723223398930914
0.27174793092871274
0.2721513589242781
0.2826474382886736
0.2659657850685551
0.22723528610791746
0.2904586332050834
0.254614398939403
0.29304935272753707
0.31185241923557494
0.263889990424312
0.28310679016620155
0.23734263316031515
0.26720299574685846
0.26338790673909224
0.292438943056375
0.28340885626870815
0.2477775822122266
0.25566720387597724
0.28476399784599704
0.2802930145165113
0.25411317738022393
0.28905417617615753
0.2548788268500426
0.2724381983280182
0.28830421355178976
0.24342055228634144
0.2606259880396794
0.2721304848027511
