36.779322411864996
41.0216139536351
22.833848990499973
11.720418751705438
13.37284848280251
17.321815493516624
12.743220880627632
11.66372237727046
13.58945726417005
11.86570060858503
7.987103711348027
7.762203459162265
8.771972712129354
7.67200663080439
7.217115940526128
5.304361749906093
6.797720251604915
8.70439109671861
8.82546525541693
7.789547515567392
7.125426965765655
7.307149170897901
6.140205138828605
6.784039250575006
5.0973328510299325
5.523437240626663
5.255017104092985
4.875531222205609
4.352226327639073
5.693544944748282
5.383297338150442
5.985932681243867
4.865067839156836
5.558531361166388
5.8455107556656
4.707681597210467
5.876981910318136
5.592267960775644
4.329322376288474
3.808749381452799
3.636841071769595
4.488382493145764
3.896115497685969
3.7832453618757427
4.259173212107271
3.3506047390401363
3.176599147496745
3.6531620593741536
3.5737131745554507
3.984128006733954
3.512881091563031
3.9997292906045914
3.166926416102797
3.145875371992588
4.118617777246982
3.166891348082572
3.2473131604492664
3.3940115366131067
3.576013792771846
3.5850871466100216
3.5450046055484563
2.859970370773226
3.1778268315829337
3.226887637283653
2.756094519048929
2.6621890580281615
3.0177961182780564
3.265345088671893
3.469999851193279
2.952975853346288
3.0854831202887
2.3782546310685575
2.811785278376192
2.8608349855057895
3.2375639360398054
2.90527211362496
2.7107297629117966
2.8465844453312457
3.825026214122772
2.620064177084714
3.1579806082881987
2.933284597005695
2.8055073875002563
2.864877588348463
2.9585454557090998
3.727780243847519
2.924425248755142
3.6437915642745793
3.3960026260465384
2.4991234720218927
3.002989111933857
2.381822172552347
3.1428019371815026
2.96644457266666
3.502837757114321
3.0846648043952882
2.4648294765502214
2.8868223964236677
2.79979532584548
2.6322380313649774
3.003094647079706
2.9954621754586697
3.033683256711811
2.623987519182265
2.9193349631968886
3.108882217667997
3.2614666305016726
2.6352345489431173
3.5009478565771133
2.5793901714496315
3.255459103733301
3.2563383728265762
3.4333210613112897
3.3281107591465116
3.1466845059767365
2.6567191504873335
3.053476970177144
2.543266542023048
2.4673504382371902
3.449851935263723
2.9739874431397766
3.1014055262785405
2.609350408660248
3.2223602905869484
3.1230049352161586
4.0280758063308895
2.732249108143151
3.6812502187676728
3.6479129067156464
3.167331906966865
2.707867852644995
3.0420211595483124
3.018746162764728
3.1527745542116463
3.5888638445176184
3.555805194657296
2.6893639194313437
2.5663655032403767
2.5130668410565704
2.7328860929701477
2.9906172617338598
3.211166030727327
2.4223102065734565
2.7785669488366693
3.6777997254393995
2.70337114459835
2.9774924837984145
3.328078815015033
3.8633186703082174
2.2564118234440684
3.303827518830076
2.699457159731537
2.6896139523014426
3.700915204361081
3.2003285808023065
3.625363829312846
3.0395309554878622
2.893669368000701
3.2856823755428195
3.4572557867504656
4.099584519397467
3.8073753570206463
4.148592010140419
3.3767884937115014
4.882568326080218
3.653653349727392
4.003045393619686
4.458848263602704
3.2414298250805587
3.9050178732722998
4.769018143415451
5.947490276768804
4.595828125718981
4.774928391911089
3.983386554289609
4.2650722078979015
4.504125108476728
4.858745694626123
3.9038251168094575
5.941280025988817
5.128024369478226
4.576663702726364
6.685785217676312
5.31679526087828
8.33944177115336
5.974814230576158
5.934122927021235
6.22719118790701
5.616869750898331
6.279893798753619
6.251868100836873
6.391428417060524
5.047518685460091
4.906410901108757
4.98005226906389
4.215748684713617
4.620554848574102
5.8202315317466855
4.428151968866587
5.671798478811979
5.759217306040227
5.512651315424591
4.308303442783654
5.797851326875389
4.73228200385347
4.820574640762061
6.925061728805304
5.260581390466541
4.708034595474601
5.515952836256474
5.377850002143532
4.896672177128494
5.341280830092728
4.167182618752122
5.0632142489776015
4.586338002700359
5.559006213210523
5.198965191375464
5.621142101008445
4.8661026996560395
5.2922829708550125
4.484200569335371
4.372219072887674
4.219270804896951
5.300752284005284
4.024343674536794
4.804271870292723
4.28173743840307
3.703368755755946
5.7162745404057205
5.1557816420681775
4.965686350129545
5.045178626663983
4.051942421123385
4.931867050938308
5.713124310830608
4.259478188818321
4.97346304776147
4.992248910944909
4.92323913006112
5.414469122420996
4.3027199022471905
5.240012522786856
6.697098528034985
5.866823426447809
4.352282704319805
5.082431042799726
5.475546583533287
5.012100598309189
5.388011889765039
4.794282175600529
5.335884921718389
4.186403136467561
5.268322416115552
4.850015939678997
5.203030566684902
5.334122878033668
4.3001635279506445
5.336452740011737
4.219687472563237
4.72756477817893
5.539856251794845
3.871595273492858
5.647356657776982
5.758003223221749
6.437792537268251
5.679727551527321
3.462053047027439
3.6842232206836343
5.07092777849175
3.6214741715230048
4.184947658330202
5.75706163328141
4.52841626945883
4.162579323165119
4.314059072174132
5.35911184316501
5.450440941145644
6.628723532427102
6.194816127885133
4.88361723581329
6.083415418164805
7.799936078954488
4.44824902433902
3.8616443937644362
3.8854439195711166
5.514772322494537
4.612156103365123
5.045684187673032
3.9354932382702827
5.396819434128702
5.607856999151409
3.8445866766851395
4.840486551634967
4.06140036508441
4.542281497968361
4.859680630266666
4.883661570958793
5.245426442939788
4.293915621004999
4.1144713764078915
4.3072680700570345
4.261480900924653
4.466975904069841
5.054448409937322
5.9616761934012175
4.605201960308477
4.3430662346072495
4.970765084726736
4.662097170716152
4.807565967552364
4.264300249516964
5.22163364617154
3.41019492642954
5.698099709581584
5.0844546048901975
4.826566338073462
4.700881887692958
5.294265258591622
5.786734851077199
4.552712605334818
5.159848130308092
3.980120289605111
4.5201228889636695
4.698938068002462
4.389425591100007
4.8881981913000345
4.834533078130335
5.700258267112076
4.400883979164064
4.523822531104088
4.20792548591271
4.403427834855393
5.129224497824907
4.4777257076930255
3.4694979595951736
4.731191570637748
3.6692977393977344
3.782559269107878
4.788291831035167
3.7983168025966734
5.8811984192579985
4.680093297967687
5.50891233002767
5.617586026433855
4.41241504624486
5.277281251735985
3.667669991729781
5.299827498849481
5.2192044160328805
4.2174957864917815
4.987104929052293
3.6077230870723724
4.758246449753642
3.988195354118943
4.779972914606333
4.034287129063159
3.9238246204331517
3.9150178460404277
3.9513502726331353
5.174460789188743
4.006478792987764
4.642063423059881
3.9170537521131337
4.6300046015530825
3.6256323694251478
4.305994330439717
3.790438447147608
4.50601259060204
5.398799468763173
3.9082984100095928
4.170855505391955
4.007654728367925
3.8987901085056365
4.133034369908273
4.396029437426478
3.7540302760899067
4.3804162330925465
4.211835412308574
4.271540345158428
3.9995484391693026
3.9485914467368275
4.390531749930233
3.579356712056324
3.4508355418220162
4.41140880715102
3.978470573667437
3.5708612594753504
3.349120310973376
3.6242339983582497
2.9442433619406074
4.202324015554041
4.458172933198512
4.295673063956201
3.6049150028266013
3.2103183432482183
3.6658431438263506
3.48142882110551
3.2929960461333394
2.9224954899400473
3.715987124480307
3.6646647898014635
5.588638663291931
2.9921660660766065
4.563944575376809
6.006002388894558
3.8435008311644197
3.5304915902670473
3.241297817323357
3.8338348905090243
4.602123500779271
3.941558802034706
4.150915702804923
3.260280577931553
4.125894075725228
3.790043082786724
3.52671424113214
2.795832446310669
3.616180730983615
4.028809812385589
4.181426513940096
4.913817966822535
3.229568241396919
3.6273430599831045
3.0177807356230915
3.3980727770831436
3.9954049240332097
3.941471773199737
4.405630552675575
3.883981125196442
4.065618058200926
4.265733820851892
3.7644786948803812
3.094049820676446
3.458480902016163
4.0053162726107985
2.828561679692939
3.3594201479572803
3.851659166626632
2.8600569071713835
3.732939715264365
3.1213701791130006
3.6951536640990525
3.6126017118804157
3.744204202434048
4.174405505415052
3.408985830610618
2.998749267309904
4.4525542999617755
3.61869847914204
3.7383539711590856
4.032426321413368
3.6086718873120844
3.577212024247274
4.047884727828205
3.490085616707802
3.288610406918451
3.72358151525259
3.865097118075937
3.635648124385625
3.223133374005556
3.6089564154390246
3.3584414585493505
4.179700560402125
3.577160458313301
2.6187633774243295
3.3665559904184192
3.1333534391596913
2.7062633424066007
4.113726122304797
2.899004933424294
3.144287157105282
3.479310945374891
3.8018143619410694
3.391341482521966
3.6245041857473552
4.067423495929688
3.0426435691770166
2.1728786109015346
3.0427002671640366
2.6518693829420954
4.754180860705674
2.4570406335406005
2.9028311481233686
4.5542888273485005
2.999180431244895
3.206701420014724
2.91524357534945
3.072280220221728
3.2456670734100044
3.2292907156515867
2.8243653271347284
2.7562415888532996
4.23144885036163
3.4438280295580626
3.342550863744691
2.4268455707933754
4.468972252449021
4.501533545786515
3.1394070531241596
2.497844281140715
3.5710377062205225
2.9258637106977403
3.3153300893027335
3.5682474232744426
3.6197660118341446
4.983139719348401
3.572013149270788
3.4519836904946715
4.669862111099064
3.880266113439575
3.1375745269469917
2.92748811817728
4.741691940464079
3.7508370196446776
3.3344101342372596
4.463878573384136
3.9230588697828352
3.3486200857441872
3.5909925824962556
4.352887712884694
4.0552400248125196
3.4435176828410476
3.0827705797273666
3.139536446193233
3.5970105116721243
3.2379226584453136
3.6861582214478403
3.9283412941731513
3.0140198974404484
4.418104267446324
3.5777061483822763
3.5507171174976975
3.9230860515963286
3.4781758496537805
3.9027023266535252
3.5353971337899566
3.601096316240728
4.819209402892739
2.0775489194784313
2.6533331531099975
3.5458778059110045
3.4478237323928624
3.393724796595052
4.76865038019605
3.761931587709114
3.768098965520039
3.2710769451223314
3.462467697216198
2.819509250111878
4.6370446565561
3.1454681882169098
3.3383820769377053
3.805355061078444
3.7938530922401696
3.712546705501154
2.446701726410538
3.51568571315147
3.1634321468882263
4.067132532829419
2.671997805358842
3.093282396439463
3.8342581323813647
3.127749315928668
3.6100151061546057
3.347458097152412
3.8244892824441195
3.012864365708083
3.470916918478906
4.696492992341518
4.118861642898992
3.671740289311856
2.763910918496549
3.9473313675262034
2.9690453531220555
3.9316482811700553
2.875688628293574
3.521918622776866
2.928879145765677
3.5436251426581293
3.1136104757897556
2.8169390307739377
2.6281695789657533
4.030390552710742
3.3982275284361094
4.035415328340605
3.179453360848129
4.005461067892611
3.446037647780031
3.547741827555001
4.414351831190288
3.3590325627010316
3.0137309443671256
3.535670562181622
3.1536988792940974
2.9034685166552663
2.958233962999657
3.8625453962013125
4.122450882103294
4.213477661833167
3.6860613350290805
2.676792044658214
3.1410497608594596
3.3351942361332476
2.5058952872641385
3.4828414558432996
3.5276808228809386
3.782003507949412
3.574052616721019
3.367422948591411
2.834105401299894
3.928069228772074
3.1367321154102683
3.7494016443379223
3.262904586736113
3.1233886210247874
2.9670489062555134
3.341848332900554
4.1183831742964685
4.206710320431739
4.052218590164557
2.852354913018644
2.177362087648362
4.915234423009679
2.6352313342504203
3.837807815056294
3.0249389212112874
1.8190937938634306
2.7028605060186237
4.64174366183579
5.2568624834530056
4.490906042046845
3.1947972427587956
3.8229047034401447
3.503724194597453
2.9194602258503437
3.529838970163837
3.342230220325291
2.7191863474436104
4.041496070334688
2.0000268137082458
3.8995239567011595
3.3045720665249974
3.3119165792595595
4.007676757173613
3.097514234483242
3.1277122406754643
3.409356706775725
3.2925413337070495
3.6225664340890944
4.084540369221941
3.504066415829584
3.385154047748074
2.914720193017274
4.577117549721152
3.6670792766381055
3.4211159478873014
2.643594636581838
3.2999420042615384
3.322507071774453
3.683157238876447
5.00516804959625
3.1504280865192413
5.230860162060708
3.4388407631777227
2.927359088556841
3.160236826632172
2.8943452725652605
4.463468044064939
3.4535123656969517
4.069051008904353
3.4787523278500885
3.6226252587512136
5.673718132078648
4.224071261705831
3.6558780584018677
3.4921961918007582
3.587613062467426
3.3760663664434105
3.1692034378647804
3.5521307934541255
3.742691040970385
3.5820148384664208
3.4849789175204933
3.9846431601326913
2.8676605545915663
2.338618967682123
2.814104024786502
3.690115653676912
3.2432685662060976
3.8532760622911155
3.9403452158439904
4.445329514564946
3.766736460616812
3.7361605495680124
3.6289709112606943
2.714143304852769
3.2769150836393237
3.7143824421800673
5.607979371212423
3.8691755461040884
2.5781670522410423
3.1324148760177195
4.308282522717491
2.786094192881137
4.039725200040266
3.514291126979515
3.1692200950346887
3.0231956792995334
2.9419135621283203
4.096140403766185
3.955677641555667
3.494328055996448
3.8148855299223214
2.4899776342790574
3.4139341809786856
2.6105720596387982
3.979725776007399
3.4297331320121884
3.688774604583159
2.9836563556455076
3.119992576306686
5.081709239864722
3.446210744557902
4.956790482159704
3.0462026989553124
3.9158411072567105
3.0657712647225708
3.5171517462003976
2.8796361989807338
3.0009761813562363
4.056588861858472
3.295576843433082
2.6745111134368926
3.738143391907215
4.7052566728089005
2.8662721200380474
4.86985559144523
3.9220529550220817
2.8933388139121234
3.156239155679941
2.8817644705995917
3.1225723477546126
3.474446843378246
2.64172844379209
5.239514581859112
2.8735121693462133
3.629827182041481
3.6748153404332697
2.7378556842450052
2.94101598742418
2.3575000108685344
2.2555041916202754
2.212939280550927
2.161413709865883
4.191170183708891
3.538793766638264
3.7081083168741316
3.2282602973282337
2.913788517937064
4.570000496460125
3.515149185899645
3.528111342340708
3.0509937489405274
3.6327694673091173
2.976343201706186
5.252106400439516
2.964680168312043
2.905067164218053
2.4873162978328764
4.335816758451983
3.588665710762143
2.6299678813666105
3.345248157158494
4.393007525475696
2.280372616602108
3.8192539298906922
3.7505943125579506
3.666733252350241
2.465596971102059
2.8585766076575965
4.723124156938866
3.029441370861605
4.193658528616652
3.8352510079275817
3.2020373842678964
3.4100408158265054
3.090949226403609
2.6743025854229927
3.7964114481583238
5.388181415619329
4.167009386233985
2.800480144796893
4.2360646582674235
2.818731087492779
3.7030878451187164
2.2850304301828146
4.937152930069715
3.098007768392563
3.115908842533827
3.9304451625794172
3.181588628096506
3.684515702072531
3.0666254200041294
3.433941599680111
4.478433097712696
2.955831981729716
5.7587966688442975
3.3210013173520565
2.2471516504883766
2.7309053549543023
3.8443740711081773
2.8851392762735486
4.543750663055107
2.739737090654671
2.5561730961780995
2.8099325327202678
2.6213693502359092
3.5650836690329015
3.3993905254174024
3.156934618484229
2.900579975452274
2.991308615077287
2.6705209671054035
3.093734879279509
3.734276232076809
2.6062117007095367
2.8967262492515147
3.7889409260824323
4.074210884748027
4.6377058224752545
3.2729006316512823
3.1491159293800592
3.6468624079134315
3.8268329352140427
3.250998615520075
2.499972396530211
3.410868757404387
3.8032789730932564
4.878090135753155
3.5526937262620777
4.376139419851825
3.0117910401895642
2.652634658617899
2.7941508039366454
2.587995767593384
2.4973161797970533
2.2752893150318414
2.7544692538212985
2.613672779640183
4.24419051152654
8.565957089653239
3.1991988913280758
2.812406275450714
2.6801575328421405
2.59607100463289
6.86286306522024
3.7073449494801167
2.5101438936755414
2.6337361565725073
3.2299983940255923
3.3889369973986168
4.209533710883358
3.179511090901893
3.715183002038265
3.3912242092485503
2.2504464563891644
3.3454465129244046
3.1596382180536824
3.485233406147619
