0.2952314309659414
0.29394056380260736
0.22772484182496555
0.2512594675354194
0.3517103738267906
0.34932372558978386
0.30295569586451165
0.3181633145431988
0.34804402879672125
0.37358405778650194
0.3378351005958393
0.4534751728642732
0.4253375331754796
0.39670151128666475
0.387214099871926
0.40252532804151997
0.36569431191310287
0.38036056980490685
0.3889076527557336
0.3393001957447268
0.35334343049908057
0.3597492902772501
0.3875437212991528
0.3619758833665401
0.35114150325534865
0.37186939630191773
0.3529178768512793
0.3518638170789927
0.34733594430144876
0.38581141631584615
0.32191844627959654
0.33588741411222145
0.3395633595646359
0.40889534028247
0.33546100836247206
0.3056009265128523
0.31616866536205634
0.3426435694564134
0.3230520062497817
0.3414648659527302
0.31438589631579816
0.3065187251777388
0.3216608139919117
0.29746270802570507
0.31223348318599164
0.2754801198025234
0.28302427544258535
0.31701831228565425
0.3011294937459752
0.3000108151463792
0.33453418884892017
0.2986049330793321
0.29610163043253124
0.2733477587462403
0.2927622941788286
0.30498970177723095
0.3220125447260216
0.3100708868005313
0.29394213401246816
0.3127846870338544
0.2957157376804389
0.29158927709795535
0.3100389459868893
0.3340686203446239
0.3085994217544794
0.28467152372468263
0.2878187853493728
0.3091864651069045
0.30701476021204144
0.2739187715924345
0.320722951029893
0.3247550743399188
0.3109471998177469
0.29976370476651937
0.30673920694971457
0.29255458642728627
0.35210320178885013
0.29067395388847217
0.3112039850675501
0.30882976308930665
0.2893546594423242
0.28969929285813123
0.31607635831460357
0.3171803147997707
0.2998127760947682
0.32616263534873724
0.32567950105294585
0.34225581970531493
0.38654982252046466
0.3327336610527709
0.3300315161468461
0.358218363719061
0.3205895272549242
0.3568868818692863
0.3435429723467678
0.3599669669638388
0.3386474021826871
0.33787298342213035
0.3502377227996476
0.293451884703245
0.31983559497166425
0.33570899546612054
0.32759800902567804
0.3629551846534014
0.3517632082803175
0.32366945629473776
0.3026000598911196
0.3478327189804986
0.3528067205334082
0.358482924872078
0.36462805804330856
0.38745116675272584
0.35266793286427855
0.3958932540845126
0.35448536358308047
0.3856149195926264
0.3290409464389086
0.35233947669621557
0.3380581820383668
0.33857022353913635
0.3597822531592101
0.35943765204865485
0.35094655863940716
0.3760525056277402
0.3422464389586821
0.3470499754184857
0.36186341813299805
0.35473799327155575
0.3459821011638269
0.3458719371119514
0.3778255394427106
0.36704047059174627
0.3547710774000734
0.32838152593467385
0.3501434664358385
0.30554720252985135
0.3552632057107985
0.38305980700533837
0.3628921323688701
0.34845023904927075
0.37667925289133564
0.35741050727665424
0.33518347004428506
0.3450324520235881
0.3475960909272544
0.35187077813316137
0.35778482572641224
0.35449712292756885
0.3288260822882876
0.3548950400436297
0.3702894515590742
0.3356545795686543
0.3058477932936512
0.36733981338329613
0.36748796730535105
0.34776310389861465
0.3264132192125544
0.3427657214924693
0.3586929318262264
0.3563051683595404
0.38286731648258865
0.34301975002745166
0.32706781796878204
0.32859344023745507
0.3061527475947514
0.3269613336888142
0.3360692294081673
0.34785516292322427
0.3292787368991412
0.3568912509945221
0.3462505229981616
0.3117015296011232
0.33014760952210054
0.3278740760288201
0.3054481712169945
0.341725958744064
0.3152945718029514
0.3572415304952301
0.3423984900582582
0.33440231904387474
0.34459491941379383
0.3197217421256937
0.291873412381392
0.30830945289926603
0.34578364656772465
0.3361096409498714
0.32255666551645845
0.32562584371771663
0.34486012248089537
0.3451045178226195
0.3273116578347981
0.3502768120961264
0.3109966814517975
0.3225329614360817
0.32718763750744984
0.3392480952315964
0.3310031080036424
0.3248168114805594
0.3192222539219074
0.3155429718317464
0.3291263403953053
0.339753809326794
0.3049116838374175
0.3353369227843359
0.3369938173564151
0.332375873811543
0.35586071672150865
0.34286718536168337
0.32440086611313745
0.3328650254989043
0.3566967184888199
0.3229139316827059
0.3064508503302932
0.3096485204878263
0.3184623330598697
0.3231254350976087
0.33494746702490374
0.3426502483198419
0.3373119059833698
0.3360653812997043
0.3079517686855979
0.3394787445431575
0.3181526098633185
0.33746552327647805
0.32988782599568367
0.3535819635144435
0.31354190240381286
0.3309605084359646
0.3461660821340047
0.34889023093273863
0.353867796366103
0.3458788156276569
0.34118988167028874
0.36076804710319266
0.3456812358344905
0.34248748392565176
0.3563599366461858
0.3423567180871032
0.35380465211346745
0.3183816454256885
0.3201408482273109
0.37275103328283876
0.350352322566323
0.33245553501183167
0.3313197372481227
0.3666960768168792
0.3561669488553889
0.36734113667625934
0.3441329345223494
0.3211888865334913
0.3316489298013039
0.33295226644258946
0.34800715156598017
0.35599247633945197
0.3281830404885113
0.3135879257461056
0.3264359691529535
0.32512917910935357
0.31617501634173095
0.3397991366800852
0.33434775739442557
0.3382299581426196
0.33767117373645306
0.33008923451416194
0.3439508861047216
0.3333188180695288
0.28848107863450423
0.3416683783289045
0.29857314843684435
0.3394630543189123
0.29703737632371485
0.3103201426565647
0.3282004959182814
0.3166483409004286
0.31648677948396653
0.30108842870686203
0.30330333684105426
0.3230736231780611
0.35304111964069307
0.3298108600429259
0.3229128554230556
0.2850906024686992
0.3140043840976432
0.3273182706325315
0.3048128778464161
0.30700853298185393
0.3182104015140794
0.3317391242017038
0.31496468355180696
0.2972250992897898
0.3183830382185988
0.3231802148511633
0.30202619527699426
0.3342754142358899
0.3417748714564368
0.3200785852968693
0.3293314866023138
0.31075637455796823
0.3126518949284218
0.3135581490932964
0.3014476608368568
0.32199145178310573
0.308084866439458
0.30482000211486593
0.33312763314461336
0.3384616371477023
0.2807733763474971
0.3204558795550838
0.2844053137814626
0.29800908436300233
0.3233250647317618
0.30109872709726915
0.30693891376722604
0.34082126192515716
0.32895416603423655
0.2904339840169996
0.3343687666929327
0.3153549674898386
0.3028134052292444
0.2768016423797235
0.3002444181474857
0.322107684914954
0.29304179223254323
0.2875111709581688
0.31907836196478456
0.2946333747240715
0.28812489099800587
0.3100941100856289
0.34793086629360914
0.2998593547963537
0.3392877259175293
0.33659673196962103
0.3118512896471657
0.30479334777919576
0.3218394001596607
0.3002787458826788
0.3268567342311144
0.32599458878394216
0.3159659617813304
0.31457338528707623
0.28055150830186903
0.29797805135603994
0.30262515775393695
0.2883972064591944
0.30670446972362697
0.29657781758578494
0.3190506434184499
0.281642718880903
0.2881183444405906
0.2840074277482927
0.29148477892158553
0.29222727625165135
0.3105714839184657
0.27289214258780703
0.2700499130296521
0.3127309097908437
0.29268961044726893
0.30556714721024036
0.2920641506789252
0.3144964422681369
0.2457985691144131
0.2687618552008644
0.2764762003789656
0.2825957670575008
0.3061891785473563
0.2770935214939527
0.2928758612833917
0.28463248012121767
0.2872129933675751
0.31743375066434965
0.2820527288131416
0.2889930752571672
0.25008423818508163
0.2840773443458602
0.2685907313134521
0.2692491564084776
0.2651543044485152
0.29218381393002346
0.268373012135271
0.26172847289126366
0.28752961521968246
0.28281759115634486
0.27737860823981464
0.2666289680637419
0.27513768296921626
0.2709425013163127
0.26424046722240746
0.26633308676537126
0.2675858436850831
0.28132978052599356
0.28444234613562003
0.2746604564599693
0.27839252940611914
0.2703036366729066
0.25528049241984263
0.2738705660449341
0.26702526723966
0.28166858322219923
0.2463404139271006
0.2693456840934232
0.2677638782770373
0.26538247714051977
0.2446186266024597
0.2731498589273542
0.27167321339948103
0.23726529598934576
0.25278702040668577
0.2650157406460494
0.2698175193509087
0.2705033003585413
0.22314793572877534
0.2358088834444061
0.24823397886939347
0.23319501744117588
0.28470351465512067
0.2500319056562148
0.24065052036894485
0.2661179325077683
0.236194355529733
0.2687764828442596
0.24309753807028756
0.2575957943336107
0.2504430456319824
0.25906369055155665
0.2413103823782876
0.23404809477506205
0.25099080841755494
0.2464334268006496
0.2527603194466792
0.2556101226946339
0.24605733979842626
0.25587048643501475
0.22858310979790986
0.2747077271924354
0.26708482089452446
0.24553743068827316
0.24618339556036517
0.23446401726687327
0.22827339876675978
0.24310805031564087
0.23334989571594633
0.2256896488252096
0.256997968244832
0.23269473272375762
0.2467603501281701
0.22728432063013315
0.24128955410560593
0.2552988699753769
0.21923296299064532
0.2502034239587374
0.22113480075495318
0.24698025721590966
0.2314457771135494
0.22025947261136025
0.24728527577826753
0.23664889868814498
0.24113637098344043
0.22559343610191718
0.2401980312424712
0.2386759330984205
0.24288820585934445
0.25128866371233016
0.2281055537168868
0.22245173901319504
0.21482295746682212
0.25718376494478434
0.23520959407323971
0.21658830071100965
0.23851260694209486
0.2120312909828499
0.2419757813331671
0.22864815703360364
0.21710995250032283
0.2178810461773537
0.22763302986277267
0.23072313907323405
0.23081995896063745
0.24236171651864424
0.23402002674993128
0.23658938944572583
0.22424866346409544
0.23666652850806713
0.21257455018348992
0.2329876974108629
0.23279823624761775
0.21548768848879263
0.2117145875818096
0.22192000225186348
0.24035956047009677
0.2359022696618922
0.20523913408396766
0.2236771340831183
0.2378528331173584
0.21421489256317727
0.22619084070902318
0.20834089058917016
0.22855182242346928
0.23164220986654982
0.19308624451514333
0.20287130813812837
0.22915231494698673
0.20946006040321663
0.2226285157375969
0.20237604237627238
0.20788410809473135
0.21756566513795406
0.21825339453062043
0.20923105691326782
0.21084137947764248
0.22234438388841227
0.2205335225444287
0.2164545995183289
0.20060234729317017
0.21595139169949107
0.21030562752275728
0.21722317623789422
0.23846913789748214
0.21267352701397613
0.21889835616457276
0.20975848453235812
0.19898182427277789
0.20308360795024782
0.1971160182438325
0.2246653535112273
0.21134745219023898
0.21447203538264148
0.2181352281186264
0.21444809276727028
0.19906918209744617
0.1897352420783136
0.18268969186465256
0.2167967598652467
0.21497113240184262
0.18850198428845033
0.2101831624750048
0.20230387191986665
0.20299223909387365
0.20297600311459973
0.20516148064052686
0.20880276698153466
0.20784180785994977
0.1880979306588415
0.20975492123397999
0.19366850759251975
0.23435057722963393
0.21038035684614442
0.20560365213896148
0.19501196913188323
0.19030645964085124
0.20672077449853532
0.21592215332202613
0.21161613427102566
0.1975245125941001
0.2088780774793122
0.2033300134644378
0.19686307487427257
0.21157712340936996
0.19375498295994475
0.18465127496165223
0.20723400186398067
0.21853977936552837
0.1953203521843534
0.19762130567687564
0.21880833624163643
0.19513899405137636
0.20971387316239998
0.1900965700915549
0.21128384690382518
0.20374747400637716
0.20764837189926766
0.18282999144867063
0.1930064695479814
0.20622243674006313
0.17889178660698235
0.18885194629547186
0.1976581483904738
0.18616083031520247
0.20031471026595682
0.17974742464139126
0.19596902944613248
0.18990050116553903
0.21230207066400908
0.20100460719550028
0.1979927364445757
0.18592103553237393
0.180830958095612
0.2021220521419309
0.19695677448180504
0.2055055609671399
0.18181552470196038
0.205615480983397
0.18991915555670857
0.18702394439605996
0.20026963567943312
0.21934062559739687
0.20709680207073689
0.19929710371070541
0.20195583885652013
0.19618863877258264
0.22035907546523958
0.20477546929032542
0.19950046777375974
0.2200171294680331
0.19777528385748155
0.19787949402234517
0.20843317048274912
0.19806305263773538
0.1843541407433804
0.1748870903684292
0.1673461405443959
0.2198224022577051
0.2260459233657457
0.1956998639216181
0.18700175394769758
0.17358876843354665
0.20162465874454938
0.1807813741324935
0.18682072978117503
0.18665839068125933
0.20291789769544266
0.2068167633842677
0.20364890375640243
0.17812481833971106
0.18662355266860686
0.20910616652690805
0.17863620561547577
0.19949004228692502
0.1711959522217512
0.18701465454068966
0.2060422588547226
0.189954154251609
0.19447180812130682
0.17906282885815017
0.1897735520324204
0.18984188680769876
0.19378279254306108
0.2015985349426046
0.1735503768431954
0.17137413608725183
0.19117905423627235
0.16404759345459752
0.18725362300756387
0.18762256440822966
0.1738689534831792
0.19097791469539516
0.175827592931455
0.18354042305145413
0.17611298512201756
0.17261420999420807
0.1935551288188435
0.1933471258089412
0.20258817012654617
0.1914125689654611
0.17647967851371504
0.18398123903898522
0.18638444776297547
0.1697051871160511
0.18507997671258636
0.16808294350630604
0.1810201074986253
0.16808170979493298
0.19670128406141885
0.1767503748415038
0.17924216753453948
0.17072693674708717
0.19127159859635867
0.18160985011490993
0.20192208915250376
0.16881173761794344
0.1807471752690617
0.18502855522092432
0.17893849496613257
0.19366986749810167
0.16800949492608197
0.161852747638477
0.1769430837011896
0.17512233671732247
0.1560379168658983
0.17240210651652887
0.17495630620396696
0.1845125247782562
0.17439873062539846
0.17184281453955919
0.1653841914376244
0.17642968200379983
0.1846119775727857
0.17941417422844097
0.16676284113782458
0.16700872461660765
0.15310234314529225
0.17212064482737333
0.15846562696970068
0.1512253308610525
0.1483042852487415
0.20125420426484197
0.16992461803602055
0.1786254472390283
0.1938724534411449
0.17862123920349404
0.16833477193722501
0.18775107429246418
0.19127637440396938
0.17754706117557362
0.17139720320119523
0.18999490854912437
0.17693564304499887
0.19064016596530564
0.16950599344272632
0.18891226101550274
0.15488017213647254
0.1947012535383692
0.18570254341466352
0.1713422010652721
0.18552122847177088
0.18583190900972113
0.18761009248555638
0.16903549700509757
0.17067008771118708
0.1841046909976285
0.20486592224915512
0.18489841881091706
0.17056752866483293
0.18882436948479153
0.18600761619745754
0.19640781174530275
0.1724735620082356
0.1876187476736959
0.18146108725341037
0.18338651899830438
0.17377502187446225
0.17041798373975325
0.1804089384386316
0.20722568506607786
0.19219784360029735
0.17646299005718902
0.19948485746863298
0.19648668784066103
0.20839362824335694
0.2115141045942437
0.21725174965104088
0.22186778904870152
0.17987477110000327
0.18288669530011248
0.19385216404043604
0.19833767047384754
0.19795476885337848
0.18717235792428255
0.2053358615085017
0.195299470302416
0.17764356521365698
0.1649555115873227
0.20212628121953458
0.1840027798898518
0.2151507542876061
0.2114325803995598
0.2150819102243986
0.1962357820739271
0.20459723992098588
0.20294092077529058
0.2025376392120961
0.19309404576779343
0.1968346003559418
0.21198704789276235
0.2060828615212813
0.18482173688244075
0.20478855530382134
0.1781891458085738
0.23046681197592989
0.19088643416762352
0.20384767587529495
0.18560681634698994
0.1911267046816647
0.19928029841685202
0.2300079207343515
0.191533056931803
0.18389917351305485
0.19658068430726416
0.17580457945587113
0.20683308618026786
0.19966214784653857
0.1974258165428182
0.18632841898943298
0.18618095148121938
0.17581113037886098
0.18651859283272643
0.17985384397616144
0.21525742727681063
0.19185681579983793
0.1905056683026487
0.1881313160120044
0.20358931901864707
0.19077332559390925
0.1643558962678071
0.19141942854912486
0.2114990643458441
0.19147102066199295
0.21167585017974488
0.2044460728939157
0.204968495760113
0.19656078892876394
0.21034183220763225
0.18489215571025852
0.22594686664524488
0.21423903605318628
0.2123910097288899
0.22196649237594102
0.18016970239114016
0.21213311722385697
0.1977846736263018
0.18697779192007147
0.2131787137768697
0.19811882349313237
0.23613357089925557
0.2122799952630885
0.22268179946695454
0.19295708072604612
0.1807027120667044
0.2235135264636483
0.19086543412413448
0.20483191865787376
0.21115752871264704
0.19362175594142172
0.19517223350703716
0.20114977555931546
0.20059381463215686
0.1978939065738814
0.22856243948626798
0.21976419555721804
0.19474816710862797
0.21272415404382627
0.19035705339047126
0.17258574183506425
0.21568424243014306
0.18164954033272807
0.2018113781377906
0.2058977419801522
0.19269748029182665
0.1938147142645903
0.19445769043522887
0.18961913717794232
0.18457685290195514
0.2080579404719174
0.21948152565164492
0.20606465337914415
0.2193698307091836
0.21779736783355474
0.2065026941418182
0.2082172001391882
0.2020966298878193
0.21397099657042418
0.18659838277380913
0.1976956173311919
0.2091986834711861
0.1917662142077461
0.2270020806172397
0.22606106373132206
0.19491849764017388
0.20052786724409088
0.2161590139148757
0.1964098964817822
0.19368860618851613
0.2079045930877328
0.20632332365494221
0.19855128071503714
0.2138386854203418
0.2043909373896895
0.18647873227018863
0.1940323566814186
0.19369563294458203
0.19280312374758068
0.1883637793653179
0.21202899966738187
0.22262725062319078
0.2190547379432246
0.2044844087504316
0.20690491519053467
0.20629451604327187
0.22981005621841177
0.19435473253543023
0.21304436787613668
0.20004527099081315
0.19865531151299365
0.18024460700689815
0.19766437893849798
0.22875429410487413
0.18864944754750468
0.18944016128079966
0.19057044305372983
0.20423806930193678
0.21192082649213262
0.20448758237762377
0.19879282914916985
0.19495756359538063
0.17789798352168873
0.20039408199954778
0.21697330323513597
0.21955777588300407
0.2065100179752335
0.20664745059912093
0.18687718876753934
0.21616014442406595
0.21423278193105944
0.18127316898608115
0.21199879760388285
0.1963241056073457
0.22006803285330534
0.21963363225222565
0.20265030112932436
0.2060773392149713
0.1998521324712783
0.20719104475574568
0.2323586921847891
0.21985049697104841
0.21314106811769307
0.2230040559079498
0.22259528856375255
0.2154253372718813
0.22222361213061959
0.19040922177373432
0.22137819742783904
0.21942418470280245
0.22600612658425234
0.22853046300588176
0.22176116349874064
0.26370354276150465
0.24113034599577077
0.24105223920196295
0.22232697004801594
0.23757800279418007
0.21585432506981306
0.20590224405168556
0.20361695208703168
0.2318195189582184
0.23893973702797666
0.23787350242491812
0.2335693467175588
0.2430499763286207
0.22921485270489939
0.21367223467677832
0.2304806117899716
0.22104530507931486
0.22001591371372342
0.22070516675012186
0.2267786786542274
0.23034888743131887
0.24301642188220285
0.25342964290757664
0.21616259231814183
0.22397191482014023
0.2233481978182681
0.21748602131265216
0.21227339960751124
0.2228153465257492
0.21805487215169705
0.2415407855878584
0.22950865112943575
0.217103730305098
0.23762777767842636
0.21732177364174277
0.2462785312673077
0.23540886986302212
0.23265756081673317
0.23306330063496716
0.2196394537895685
0.23858232575003058
0.22880106981028803
0.2182978846540209
0.2220195748086553
0.23185166451730765
0.21885504620149732
0.20945331585244276
0.23945382094825618
0.19210395694244653
0.21155296690994874
0.2310623865632806
0.22161914853495546
0.2266400252119638
0.21662902724347077
0.2171263245109003
0.23306858850992285
0.20113501520245336
0.22746279457351193
0.2140245953341946
0.23474452292430215
0.20722622287576087
0.22874472936382517
0.2172154365980532
0.2189927518775221
0.21640844218200073
0.23313153797062114
0.21490809752140194
0.2173837797017768
0.22049353600596078
0.21634413485298865
0.21729073260212317
0.2028083829791285
0.226079820538871
0.2094498802907765
0.20766171815921552
0.23398649779846892
0.20838944026036188
0.2108868820942007
0.2030099397234153
0.2136279208934866
0.2182906472880859
0.21127701067598537
0.2231644023268018
0.20588773500639945
0.2070183104078751
0.2031231192231644
0.21233934060728643
0.19575984505354427
0.21675358462380245
0.2059790179191623
0.22923920233733952
0.21883765025995672
0.22038979618810117
0.20249062997754663
0.2108167556580156
0.22370268392842263
0.22439437059802003
0.2404472651251126
0.22424356103874743
0.1999854977184441
0.21537785907275975
0.21152182333753444
0.2188122717780061
0.2161530256853439
0.21169558499241248
0.21756528291734867
0.22625654772855341
0.2308097881905269
0.22676552351913415
0.22605708154151216
0.24012776097515598
0.2316955430433154
0.21414881269447505
0.2089730182196945
0.2239856478117872
0.22309632517863065
0.21598380856448784
0.21583560240105726
0.21721831770264544
0.22253150382312015
0.23153547392576002
0.21523134954622947
0.20780461971298791
0.2060377266316209
0.1980623381678015
0.21704321127617732
0.23433672133251093
0.22008901651133783
0.20545364660210907
0.21735863795038313
0.2230127843504306
0.2199226741795428
0.21562363891280256
0.229275136400247
0.20146767862024717
0.23871839721687138
0.22764666646253318
0.22648174184723757
0.22383129395893775
0.2196051946375519
0.2242497068073135
0.20537154623889364
0.22350096283480525
0.2106262993765995
0.2016790360212326
0.20938921155175194
0.21694716269848868
0.20973531543973864
0.20842584134556177
0.219117814718973
0.21787742777602878
0.23316211672866438
0.2162322754583021
0.20088095634471714
0.2420392197182798
0.2224645766275605
0.2039379608032741
0.22399257495999336
0.21307077032961244
0.24237345478783442
0.20499190928663794
0.24062097729660395
0.22351392153210528
0.22080368780362325
0.2200599167583965
0.21445050768143548
0.2224063515428483
0.2038764168075689
