7.0198517856842955
9.128012469853275
12.053154092864133
9.820538880070671
15.450793536379933
15.568210197146982
16.588149939663708
19.553040320053697
18.982626578770578
16.287715879268944
15.483935154043138
16.53220028616488
19.78987911902368
9.655214669182897
10.384466467890888
9.476721315644681
6.261660388670862
6.517992470413446
11.783652823418379
6.7308171624317765
7.663693972863257
5.696925546973944
5.034478274174035
3.353933271020651
5.007506411522627
5.782447711098939
5.783040313050151
6.004688142798841
4.907010529190302
8.210176362656057
8.83288206346333
8.377211159095168
9.066646115854383
3.242185228969902
11.659725348465145
10.270991983823478
5.540279165841639
7.3433716567233205
5.259739609435201
6.148229902610183
9.184537176042795
8.984840720426291
5.097736991941929
4.929949625395238
8.221675396896899
8.893354760482907
5.355205977335572
8.452713528648019
4.673872483894229
9.768675195984542
6.31698639318347
12.618946885690093
6.729769614525139
7.751508929766715
8.60556129552424
9.155150952748954
6.362548181787133
6.200989937409759
8.535494115203619
17.388270227238536
20.905728614889085
11.946361389011145
11.68862109258771
13.36232619266957
7.41039074305445
5.586953913792968
11.939336029812694
8.159184344112873
12.236570238135755
5.302290006540716
3.5435712849721313
3.949424086138606
14.019268032163382
6.138172694481909
2.1050195703282952
11.654768182430416
9.031239767558873
3.1071394504979253
11.222837285138667
13.124728879891336
5.850231770426035
1.7847467986866832
3.3508891789242625
9.629922893363982
3.2822810956276953
7.90799350803718
3.258820603135973
3.486664825119078
8.790201404131949
6.682601080276072
5.65676784189418
6.225407654419541
4.679646720178425
2.951202887110412
8.396077200770378
6.211582405492663
3.9040857912041247
6.7994080958887935
3.7947208541445434
4.871901308186352
2.3116366025060415
3.5138290021568537
6.9198507238179445
4.80928457621485
6.20083724334836
5.034045240841806
5.298043832182884
3.061648575589061
7.2500249510630965
6.780718750320375
3.8143565924838185
4.47953014774248
5.508224952034652
3.3471439532004297
4.636753957718611
3.8667921191081405
3.738209890201688
2.765181594993919
2.8311800048686564
2.9159269761294127
6.708090633153915
4.484782796353102
6.495957939419895
3.739538663532585
4.2871503215283155
1.3260321165435016
2.1440863143652678
4.121278567239642
5.789525216445327
3.857449390925467
4.238241464830935
5.8290250627323985
5.617575460113585
5.635630155913532
4.902413576841354
4.697550859302282
3.55766872363165
3.2346849916502833
6.933996418956667
2.7914366368204355
11.295584018342197
8.3163633486256
17.491904938593507
7.269551244564354
9.273125647567213
4.858899392653257
4.6500865910202265
4.381991104222834
2.5997420474886894
11.549566155299544
4.5133938398212194
1.38159603998065
9.55502832122147
9.134305810555816
4.327078428119421
5.901178235188127
2.47252252465114
7.664781730622053
5.005350912455469
2.546660717576742
6.57821974856779
4.064231700729579
3.7431016066111624
2.7215528758242726
2.0721072615124285
2.2005805536173284
7.212237464264035
6.254192212596536
6.28976788604632
2.773866478353739
3.6725018457509577
9.895221909042448
2.4445401690900326
2.1708937301300466
2.1725806444883347
5.494755514431745
2.688830413389951
2.6593578858301044
1.6358990506269038
3.095681901089847
1.9259362700395286
3.5348110920749605
3.40707828104496
1.8775508678518236
4.786407124251127
9.067104676738381
2.3720233645290136
7.031599534675479
4.0384782971814275
15.974241092801094
4.063247868325561
6.7803136464208364
2.3953592157922685
5.190505327656865
7.362710593268275
2.3325721519067883
2.054105030372739
2.3872140143066645
2.2620444926433265
2.2169556925073266
2.1522966315969825
2.620148637332022
1.541111996397376
9.619694182183594
1.7378549091517925
3.9403587877750397
8.43265379499644
1.9510005642659962
4.019958559889346
2.249030906241387
2.6780235138721764
2.2200019536539912
3.87285187933594
9.604120687115937
2.2239102669991553
4.126316146925092
1.7468442348763347
2.1681525046005845
9.603196704294533
1.2619699742645025
2.339546335861087
1.434564420953393
3.276285798288882
1.6057676146738231
1.882477312348783
1.0857061804272234
2.051509360317141
10.490300078410655
3.7344895070418715
1.7954487819224596
4.634707004763186
1.7027078587561846
2.876088728196919
1.358286495320499
1.4629864506423473
6.273768602870405
2.027489961590618
1.4042914253659546
1.5528641948476434
2.6401038290932775
1.3786769532598555
4.980973124504089
2.7325397059321404
3.9222417953424156
2.195778800640255
1.5349239567294717
2.5760286897420883
13.815846377052367
4.997883488889784
2.188355723861605
2.840758415404707
9.90059150243178
1.7253766683861613
1.6609392846003175
0.9906607735902071
3.5218120622448623
2.4474122477695346
1.304856259841472
1.2215773868374527
1.3457807307131588
1.1414818484336138
2.8656775229610503
3.896079706028104
1.1838589678518474
0.8805123933125287
15.493699937593192
3.6653834711760283
1.160558508709073
7.09084426658228
3.284782357979566
0.9789928959216923
1.9652205999009311
6.035306184086949
2.327467540744692
1.237523180898279
1.5286842519417405
6.126964043825865
2.922088396269828
3.938061328139156
1.8802820555865765
2.239474218338728
4.615941952914
1.543389381840825
1.3209578525274992
3.581631182692945
1.8129892614670098
1.7225449196994305
1.4455138859339058
1.0329055194742978
3.454026084393263
2.005826353561133
1.1574754975736141
1.8994477442465723
1.1372412983328104
6.82130914600566
2.05269479053095
1.3857542094774544
2.4550223974511027
1.5312976934947073
1.1977594261988997
1.6791701093316078
4.58065057406202
1.1658544042147696
2.4122273274697363
3.585265332367271
2.184415529947728
2.4944760287180543
2.2291112372186035
2.3925447366200387
3.0065288180485368
1.6362341647036374
1.2685685832984746
1.3500391752459109
1.6611372984480113
3.7086942554451525
1.4112754203379154
3.193702216260135
7.0312009966000915
3.1275133760645986
2.4341975040733814
1.2858735043555498
3.5399738047271967
0.8763168002478778
1.1960074421949685
1.3366523892618716
1.3580673090182245
1.4782034331001341
1.226275552995503
1.5718329078517854
5.876310750842094
1.5245565613731742
1.5897419909015298
8.975012477021664
9.465287130791694
1.6056056492961943
4.665036513004452
2.4211111187469214
2.6966957659460604
3.167741813696921
1.5802574725821614
1.3208090350963175
1.08518873504363
5.384254555217922
3.1328838486224413
1.1839325674809515
1.3480383581481874
1.337162563111633
3.6115368152968585
2.1968135186471045
1.5991314947605133
2.167167015839368
2.294549643062055
1.9366044634953141
1.2371895683463663
2.088747733971104
2.48870431445539
1.1553228325210512
2.9665564908646047
1.6938968659378588
1.175684493035078
2.1861265003681183
1.3713715197518468
1.2841239175759256
4.690828265156597
1.387381391134113
1.1029839392285794
4.896962167229503
2.684084593784064
3.493899504188448
2.259741337504238
2.7581259426660836
1.8976428941823542
1.9332731463946402
1.311373197240755
5.27358825574629
4.307156227063388
2.2261328268796206
1.6272137453779578
1.9835644999984652
1.2280663973651826
1.6186881293542683
2.0243517882190645
1.1746234139427543
1.8372587442863733
1.6555992218200117
2.5556226924527436
2.4210954811424017
2.3102127383463085
2.54622139967978
0.7898318800143898
1.797577694291249
2.1407505199313164
1.560861199395731
1.4815307701937854
1.1960375213529915
1.680601552594453
4.272561843274161
0.8602724522352219
3.372306444682181
1.3079395722597837
0.7785855690017343
2.025255912914872
1.4262550664134324
0.6973164831288159
0.8325936356559396
2.0876295450143516
1.5543048847466707
1.7956578838638961
0.9025802887044847
1.5242206361144781
2.547536778729409
3.424541804473847
1.8436350442934781
0.89814812107943
3.6258012680336833
1.9298940878361464
1.1441987396683544
2.212878620252013
1.6191893254872411
1.06308303354308
1.061229799175635
0.8762639630585909
0.9561233238782734
1.1116859717294574
1.875899508362636
1.2589885871857405
1.1892946469597518
1.0792112853378057
1.5867264198604971
1.4338645939715207
1.5017119909171015
0.9764030617661774
1.493607561569661
4.812622638884932
3.0091645969077945
1.3999358196742833
1.3842946593649685
1.0522061029914767
2.9889893080107868
3.3810378294438124
15.30578848021105
1.1458811066113412
2.0652888191398233
1.9193393331952393
1.1676120883785188
2.675835531903431
3.0014003936666995
7.4811215698719025
1.6666560529265553
2.0952864855062217
0.8809120531659573
1.2660596370697021
0.6837717315647751
3.968564311042428
1.3441535711754113
0.8077247287146747
0.7548640749882907
0.7501406990922987
0.6569965935777873
3.5173934812191874
1.6356809069402516
2.772093903971836
1.3936689167749137
3.9288114786613733
3.1797207528725266
2.0342216312419623
1.585619696881622
0.8832133903633803
0.642011248273775
5.203891127835959
1.6793891754932702
4.44547554361634
4.444174204021692
0.7777675199322402
0.8949858907144517
0.7551304586231709
2.0164040848612785
0.5207057946827263
2.133807271718979
6.220798260066658
2.141595150111243
1.3732117915060371
2.025077216560021
1.084598504472524
0.7852055518887937
2.316600729711354
1.5711178600322455
1.1770648539531976
1.5790821996051818
0.7219937823247164
1.6134763415902853
0.7685259960126132
1.0706766936928034
1.9719518986530602
5.907911480870098
3.821614836109802
1.6414407310076058
1.2095439617987722
1.1263999049551785
2.8157282748725265
2.248341306578368
2.042342842556536
1.3446960896253586
3.3498276299797
2.2404146573971957
1.321507501648739
0.6512284728232771
0.6039995660539716
0.33982768235728145
1.2444239854812622
0.8315601060166955
2.0367236738093197
1.0903851040638983
2.257073601242155
1.6315043084323406
3.2796298591420054
2.093609506264329
4.869674173183739
2.3031677450053394
0.9714182161260396
3.1737626281101257
10.159156147390604
2.594698612112552
1.4237691541202366
3.0160305860918015
3.0649297717027366
1.0368230971507728
5.750016336329281
1.8456657878123224
0.761957082664594
1.2416572582442313
2.499659408815205
2.4391011553816497
0.6464338339865208
5.4357620272785425
3.117776381317526
1.6611154726706445
1.815773190697655
2.767322355415672
1.2160725651774555
1.005283361300826
0.8093484684359282
0.7275915124919266
3.9431640887632966
2.7328906785696745
2.0743517098017037
0.8923548334278166
0.8915264408569783
0.7443653582595289
0.8734640176407993
1.8418251988478005
1.0889639602974057
0.9155754381790757
1.5554385399445891
0.8141941386274993
1.538166977930814
1.1997599832247943
0.8002322646789253
1.4802882787771523
1.0102044695522636
1.1917776300106198
0.8597065771464258
1.1735441086348146
0.7500229286961257
1.4750261397566646
1.0075066213030368
6.8046781229786575
1.3765664000529796
1.4864951900672168
1.0336391672026366
2.08600449655205
1.9000257381703705
2.495359206572175
2.5349967340007424
3.235774500761181
2.7750468156300485
1.5577793372794986
1.9734053944703192
1.581650057574734
0.9455539106857032
1.3907073966693133
2.1785408463329077
0.9867871932219714
0.8046609743032604
0.7630026796832681
2.6466236421838403
3.354398754425347
3.651373765664175
1.8832801606040448
2.505379560170695
1.0609730656724423
2.2748024889733642
1.0713198555167764
0.9455068134702742
1.0418067143764347
1.1404174042399973
0.5287221346516162
3.0703758895397186
1.5666301054880023
4.349619590910152
2.4110358455218375
1.2928507635369897
1.8558270535431802
3.5781748155131936
1.2537401851732284
0.6394316884689033
1.1379367674235255
3.230827409774065
2.5658404191490263
5.4386645660270005
1.8256737743504345
2.270648605655879
0.6958245951682329
1.0583096402697265
2.0895536011084914
1.0249259953852743
1.4974397951737046
0.9465068113058805
0.4824799047783017
0.5479609838221222
0.9996117013506591
1.327909413492307
1.2732989978976548
0.8158269156701863
1.7954428363591433
1.1068517030216753
1.0344843456987292
0.8578548692166805
4.646376302931458
2.0248955888673663
2.0028302017599344
0.9536859854124486
1.4267804608680308
0.8261274967808276
1.3092918971087784
1.0758542974945158
0.7016257389914244
2.3113285114523023
1.2898571137338877
1.08408737112768
5.655028781387955
1.01668642135337
2.072897502919659
0.8235560294706374
1.0935397881548852
3.9560429432895035
1.6328722387552261
0.5461469090078026
1.438634218648076
0.7977879035752267
1.613387456163764
1.8401020418386906
1.1733237181324512
3.326659022597596
2.1153309317305684
2.849636963568628
0.9134445406962186
0.9959684286732227
1.0745615598279983
1.4502597993705422
2.3535275377798826
2.3315641882363707
1.6615462985355407
1.4469792898744345
1.303019765065983
0.6634971145540476
0.9648102577775717
0.8278852747753263
2.673898126464337
0.8064123364165425
3.1743493617977947
0.6661119889467955
0.922994541702792
0.7249664757400751
1.4681230168789625
3.443753921194002
1.6290136952884495
1.5226674326695502
7.626272717723623
1.698806123342365
1.4053244534879923
2.6412843745201826
1.4196465192362666
2.771865750430152
5.350330835673958
0.7988219850230962
3.7118054868187755
0.7858619645703584
1.1825709217227995
1.404548954218626
1.4224767193663865
2.69938385207206
1.5376765632536262
2.9332233886234462
1.6398342824541032
3.454435125924647
14.461284190881997
2.3490697043016553
6.037274214904755
4.154050244949758
1.5669068908318877
13.098158522043377
4.657474064733833
4.4737398899160326
2.414693936239928
3.9212334756739438
4.649768418166786
3.105800822377205
2.0088346526026726
1.9467414626851678
2.695367777021602
1.0414433262776583
1.8826650227420032
2.0092875892296433
1.5760098034515977
2.07696973439306
6.323640891816467
1.7594684562645853
1.0240182725246996
1.726232701446861
1.2611780182924122
1.0093144660349935
2.3439099190291017
1.4490125034935772
2.9278424764052033
4.673933136509731
1.3525713419076055
1.6650333302095532
14.871739401947707
5.406727956375107
3.072846938855946
1.3002337887883186
1.317113235592842
1.174179423134774
8.658672848949209
1.2232361799106002
3.003321378491819
2.5373609848320484
2.6827855613082647
1.3348497808910906
1.123726676683873
2.5686172035057098
2.4083774487953633
1.8969098669476807
10.646984755527228
2.5858636198099703
3.118477929616347
1.3432418745942414
1.5332157257944345
3.1803511953912675
3.230156550416723
2.3039848785847425
2.267431401880458
4.8920990764163435
1.4788501139264554
2.1700919836293906
2.0761848292313516
2.308797169243917
1.1519962712191045
1.0391141178552061
1.187138118315488
2.0066007568966597
2.3205578569322824
0.6266682459972799
0.8384811866562814
1.064014794304967
0.794348876690492
6.527012550504878
4.056341943796724
1.5863625654019415
3.5859466162510216
1.1662174775265157
1.816244786605239
1.9395580247510225
10.082193655427545
3.413865847280249
1.743569843005389
1.5449827662669122
2.3223088167142123
1.2353433691896498
1.1211204377468675
2.5004166681319475
2.66159965028055
1.7268675989471376
0.7067574255634099
1.5590135890524834
1.2482376894913614
1.2010232529137284
1.5385569860227406
0.8961168727837503
0.6929699582979083
2.801651638932526
2.1864513035397977
1.4970786517951638
1.7017956324853003
2.088679020991549
1.8684202579315752
1.2255053317639977
1.5913419262506068
2.034519702894613
1.0055317813530564
1.6829150838311762
1.4429567742627114
0.9965093596838415
0.7254668402019888
1.1923288411926478
1.7274655816145241
1.3753793160431087
2.021376641234383
1.9171965182758868
2.2548280640039593
6.001419984968379
2.803373248083517
3.053496074397117
2.5042440071702003
1.04922616481781
3.4728413375560194
2.0197061989456415
4.768286435166374
2.917703832965344
0.873079176992178
6.913379011908546
1.9892044498119503
2.783565471880138
1.944176691584289
0.8867133124731481
2.1904405131936073
1.3747666515409946
5.725754123879597
2.25432380172424
1.7028824302833527
2.8177470546215773
0.5823610289953649
2.2128010112792253
1.863347687292844
0.7194862710312009
0.6970454002730548
5.824621123028919
1.221549243084155
2.2695360388606787
0.9534231445286423
1.8336994415149093
1.4434084228705615
6.952059432165697
5.489324835129082
2.05778927099891
2.121297606267035
1.5336471213959157
3.480619825189933
0.7852283804677427
7.452541389036924
1.996539075858891
3.03528123954311
5.5740533992648125
5.5566687940154225
5.262585330056027
2.301000098930672
1.9109842642210424
1.9857915157917887
2.918151613790542
2.473910817876458
1.081398568698205
1.458151820115745
1.2819204390980303
1.1499110881704837
4.293074568035081
1.3558396720327437
0.6037862347438931
2.154965183697641
1.4514712381642312
0.861684339819476
1.8563277141656727
1.3099256078712642
0.8324505279306322
0.8508325577713549
1.6875176168978214
2.4930880637839437
0.9390158215537667
0.7303729841951281
0.782957179704681
1.6044752958696336
1.2554929808247834
5.073333844542503
4.086932515259832
1.8770021970849484
1.3524045122321695
1.4811223356518894
0.8563672790769488
0.7542469988111407
2.802790786838159
1.7061329022981226
1.0774087568279356
2.2067413018085063
2.224234729539603
3.13149302569218
9.41677176905796
2.676237733103335
1.7415577087085694
2.970571744488552
2.2355638132430613
2.5738279244396836
1.299249296542257
4.009523499989882
3.490218924358487
1.4157200176268816
1.574321550084278
2.2309698699973524
3.7815736099146307
2.0358317410573363
5.968320680083707
3.5087530254386365
4.624296959955245
0.9935930368956178
2.3163174458313733
2.078490159707144
3.2408215533941984
1.8726433091796935
1.3194253933615983
0.9321823217906058
2.3267059698700905
1.13074900675565
1.4659043331630528
6.960633794311434
1.9147440111264586
1.7896706401370466
1.437229113187641
2.048504580045119
1.4501473361160606
1.5209728819318116
1.1711061133537441
1.3606443686876446
1.5151191425975412
2.0022889054380357
1.442787362728268
1.043160495813936
3.047808436444029
1.3710021486040205
3.005815240321681
1.9497256739996374
1.5273727420717478
0.7668568207882345
1.0676892403280362
1.1005532189738005
3.332282162969932
1.9223708875942975
1.3702475118916482
2.5194066362455487
3.2289949252735823
7.789131866069511
4.173879860434681
1.886272435542196
2.272534755524248
2.0111676182132214
5.746712100692093
1.3411138029769063
2.9081404912285507
5.524063331773505
1.0869226839859039
1.8979727730620652
3.034290579846129
0.8014160012826324
0.9879995542578399
1.1379789269994944
1.0482730366056785
2.7423148995731026
1.3051464804448187
0.7865255966316909
0.703666738467291
2.3611544638406485
1.497332040918991
2.483088897075504
2.0027723065577447
1.4608184478711337
1.6591744122561067
2.4607809318695217
1.9845574845094234
0.9394419817253947
1.8154785386286676
1.7121084090322256
1.8444641169626266
1.936849100049585
1.400876443600282
1.10972475935705
1.045163834001869
0.9993145163170993
1.2843961189500988
1.6741602215915918
2.1041459415573627
2.233146185753867
9.602018747245893
2.0919108823873103
1.7672163653187454
3.210824361536652
2.747335770400241
1.1295804816763848
4.054359396453947
1.4846354036126286
6.088300641160458
2.5260564228519797
1.4740044618956745
2.324096284341067
1.179534840863198
4.2645813366398215
3.499534889124334
1.8492975609842688
2.2313109806273133
1.5679858149960637
1.4383090736810118
1.6882904106751084
1.6081428595352918
1.6750611171592027
4.04783050599508
1.4210634781047702
1.0969114108011127
2.856651628622785
1.7555323780979961
1.2545726904645562
1.4841623555403203
1.737778277369216
1.6035738138016313
1.4229522456880659
0.9677190820220858
4.327394812600687
1.3016761825419962
0.8152280866634101
0.6803396050818264
1.1314838672988117
1.438363966299221
3.2509074141271412
0.9502323663327843
0.9063543861266226
4.412817074218765
1.1415431331843138
4.723413256695494
3.057924709515646
1.6679594730958343
2.2895658598281443
1.1489941293839365
2.574402686441317
1.1285643868613988
0.4183215533848852
2.13041959493421
1.3060698206536472
2.101728863781318
1.7438198125455528
1.6781659286934882
1.0824362435378134
2.2004440224263817
2.932322812266648
1.4891627277247608
6.485406468156725
3.741616001818329
4.3928744196891785
4.546889608260244
2.6065211463719606
3.522514062002301
1.9196450132876635
1.0512916224543005
2.2382349115796387
4.178950540255755
7.1647160914726555
2.8836761387065053
4.72800418920815
1.3309289598837495
2.6719488243106753
1.9037767038680613
2.976490938104689
2.066095625050366
0.6444110544398427
1.6783641695510596
0.9937475563492626
3.9359567121136934
2.82209416013211
2.6484873928129673
2.268221923382953
1.6535649343859404
2.9091123684775084
2.428873262833804
1.516011991072446
1.594898800831288
0.8812967487610877
2.6023866205941886
0.76002376829274
1.5941681212279946
2.549750465201214
2.451875419355929
2.2118804573547095
2.3117227517068386
1.3746659187600017
1.5521451672539115
1.8058646619319916
2.0493807191960514
1.7363231745548546
1.9245016572531313
1.8343517964240164
1.0936552439816296
4.154161762446165
1.8780329446308315
1.8132494683377445
3.1433384779375046
2.4543029982596636
1.3857388347387314
1.1931260970886797
4.217151818331331
1.4629349287133664
1.3117111993487924
4.765008723596111
1.823076224885881
1.9400826871860772
5.38196132844314
3.1000332310795784
4.3637060397304595
2.8980663476977497
2.3718359866179526
2.1219111650716513
2.4643272985704243
7.332867075689137
1.7765323650091887
1.9950901297852397
1.745825070887804
2.0569333333987743
0.9501362545415759
3.9910994288511574
1.530587910208851
1.555600333493203
2.8046809006482363
6.87550256960094
1.8544736576732248
0.8022820553742349
1.3384989127516747
1.5391246459912509
1.8108402921352535
2.3206146627198905
5.534017154946923
1.2847182743716985
2.2762842674273998
2.596017544157803
2.4201332156080753
1.3252014559693635
1.4737653513439
1.889296275563538
2.878243734827265
2.3230955658946186
2.6241405103355646
0.7979274450335652
2.0662469614762813
2.2172921001911163
3.68553235149011
1.7797062129247934
1.1388389160856605
1.934293189784512
1.845178492832929
3.187384697375819
1.9459464359097183
1.77109130541794
1.7603818806819618
0.9490887899883091
2.702061769552529
1.298530544852838
1.0605537111405283
1.5510153614450246
0.6774511835537851
2.01546688308008
3.5770282223820686
3.0478938893647864
1.2357502127997577
1.3068135771900415
2.566315181320533
3.96080127870664
3.1088609013240784
2.789490067632869
1.8339703269302845
2.6927936498541385
0.7616963097825646
1.326766774058342
3.91167697054334
3.14290913566947
2.4223448294214904
4.065647112438455
7.829601833596826
3.64034908474423
3.397894776891917
0.8827717443928123
1.6296578971669078
1.6535697437357157
2.1799639095552266
2.0772810955531895
2.0181613378226757
3.0422011124901474
1.0917352128308266
2.085796043742448
1.5129999595228583
2.3632577541284263
1.7024123065639287
2.583232262637466
5.014409302733839
1.893630498321727
1.6466688332147896
2.1533834210131317
3.7668246432440355
3.2005730285309255
8.121609849855304
3.2144856576342136
1.9169246216770262
1.2226401278749108
1.2317293139640242
0.6287742294371128
3.459543463308364
1.19809854705818
1.2136883391067386
1.307158661307767
2.398792428895831
1.6445814296603203
1.3607586456928402
2.7730253321351483
2.536711783031933
2.1484714031685144
1.894247580319643
2.737988698994741
0.849640547297895
1.662558481330052
3.062264974345453
2.0718242032453418
1.0252225992735475
3.21441821125336
5.234868391649798
5.6930719702504575
1.323553352849558
0.9229894131422043
1.5719018829986453
1.667817598208785
2.8896548959892243
2.4249798925593495
1.4873778523178771
1.5944719158578664
1.056705090100877
3.349019327899441
1.8247220676857978
5.441054905764759
3.5412758085876703
2.0441260836087167
7.708043201826513
2.482839082600549
2.1687191838864237
11.540857744170353
8.580448648426682
6.6821580128744245
2.4456893359310925
4.715999162755907
4.33113276376389
7.176935786381364
1.3732611250597984
2.921073359437287
1.4239656229037791
1.9374267056118697
1.6423402739455923
3.6232597581110895
4.792795275803655
3.6582518133800477
1.3843858751934022
1.862945173168555
1.3537661214359105
2.118945935042575
2.3388261024374515
6.383415340678766
2.2604965954087675
2.311747110914439
2.651154074119404
2.395785146858543
2.747053410857916
3.0187190554570407
1.267864634981379
1.1730183674953878
1.6735151140019298
1.865064547630027
1.6301727094687521
1.2482549202395603
3.96997377788648
1.144748582271859
2.9493140971753746
1.5478338540997356
2.9079957720823586
3.925516250077635
3.438512816792354
2.106283827451989
1.8872175671858713
1.9915958335623145
3.6809833778534085
0.9912643041461706
4.159666687250137
1.3006265310104936
1.5139122444670647
4.486047447426245
1.081591651076451
1.9857374511193484
4.56616121577099
2.5688205070327967
3.7871943693608046
3.1886059500975534
3.667657549958676
3.619118616450578
2.908686463953927
2.591603902168572
3.8887278507463634
2.401180613320321
1.6355623446870595
2.2868410933297127
1.2784080433193594
2.6854710857151076
0.9724091314710677
0.801622538943775
1.7344075660221279
3.152811245759949
3.0064123675692827
0.7615433940663934
1.0490286166314036
1.9104400689247996
3.499534507514909
1.1453401502221823
5.21903493697755
2.288616713369265
1.4919264470227063
2.9780038066674024
2.153523361776024
2.86021266807802
2.810668298974633
3.373637553770095
2.6558161641005427
1.6395686524920166
3.226873411796987
3.270011148415506
2.084936761064455
3.322586358524859
0.8953552418388426
3.904460818041116
6.258863263297826
3.2993599670007825
2.755030344473198
2.466924721142277
2.195167670957744
4.100555855315179
3.6040501538664103
1.47529291594401
3.0791903133504093
2.697327845264226
2.1812421625945717
3.0124257863499224
1.9681061203591526
3.9527345423121005
1.2023754841648042
2.798349209362641
2.3281354061327875
3.079581117955968
1.942905998788774
2.8379830908961594
1.7270899577997625
1.5269099900033325
1.7186720753088593
1.2340465041343123
2.532601864542812
0.8985542613081634
1.6685931221581995
1.442453178577125
2.2356193845625967
0.9908939595334232
0.882033197209239
1.5264676769729704
1.6285964897833765
5.565669279079884
2.2651322833262384
2.341969483997673
2.325544345891103
2.0108349872753024
0.889723050640896
3.8179104616865516
3.9849825587589294
2.2753548910841346
1.3709784403908998
1.7740095918998122
2.141451289644465
1.6555646328488365
2.8790685958229005
2.510178816039115
1.9121252582408488
3.874936586013064
2.289086984237656
1.626214379677549
3.058993913466111
2.09088165150024
2.370232725283131
2.472520681330934
1.4126768533606082
1.1369158453308046
1.6391398936975747
1.2100366121158004
3.3307918002828956
0.9301963050384074
1.8530583975370973
2.890456478809938
2.125634231371805
1.5004526430275291
3.2581563224084675
2.563134697265923
3.2347734356299043
2.5508369689341635
1.4843764149118215
1.952835493022576
1.2216413072310388
3.986192800104618
2.7383333295583725
6.668553336523473
1.6348908091895282
6.256024920148775
1.5719034860376269
2.963922636350617
2.769813352730125
3.021710654720664
1.8015253588091582
4.373798517743126
2.168704512529075
3.9621387307997793
1.7233413776848465
3.7610747285652906
1.4098383265081793
0.839652176713571
2.81905662198551
3.479832047596574
3.5934147827792913
0.7131394692696631
2.8859362460207194
1.3815650057513267
2.61439963709563
0.4882408347912133
1.629128441447392
4.410071588121355
0.8443584265187383
0.9834703244268894
0.7362648147391155
1.7696476753335446
1.474486703518778
2.6958189660217613
1.4409227073192596
1.9865207911934704
0.8674078802578151
3.231173952575773
1.8112610639072955
2.7064388126600534
1.9082559698726982
1.4739284818060696
6.952657950343564
1.770964652998373
1.9809174593538046
1.9697428038343787
1.0878876016940922
1.165117214084603
5.498953912174329
1.897905080812052
3.2914592020679265
5.251333828782663
1.6217999220825732
2.6555447624996305
3.320572496857494
3.296398433856666
4.107441261410713
3.266086761141196
1.4042237219400704
3.679556692717597
2.581321750069037
1.5829158097039908
0.7970438203774393
1.2983200496528298
7.045965973287821
1.5492996363900602
2.1019405068363994
1.346994654275477
2.6485690244007856
3.987748458283022
2.116470168810338
3.76262773363851
1.0118131118360907
5.172698260517791
1.980549243511632
0.8288423052290455
1.8278282061219215
5.499540240969509
2.3060640569310635
1.8462492870166898
3.1197917088866234
1.569407382979989
3.4849410883616656
0.8101590145379305
2.4461707156151533
2.4950686877127737
8.523843589005992
1.7331507315393537
2.8586748889647424
1.3670452660880983
1.0503654044587165
1.4056399106048048
0.781274645589292
2.0357726828660816
1.0620386572554708
0.7957277907989919
1.2489655937533826
6.587356691481546
3.35704680159688
4.773033052915707
1.4480335721746087
2.0143859169911593
1.7496816257480532
0.5249070087447762
1.8677156028570607
1.0722825727425516
1.351931998739019
1.8528636789415032
1.843602909008041
1.5707683722721413
1.8127223877236247
0.9371682144701481
1.5829894600901753
1.7196538404095918
0.7953278033528477
2.5284308549016714
1.4595394525676966
3.058413646183908
2.611338810296729
5.232564883073792
1.5589279127307236
2.5121474573388696
2.2060898777563125
2.8180312102194875
3.544747532112524
3.5425683963112533
1.645363226532936
2.923958516563289
1.991075165104121
1.8002255505416542
2.0027165226638317
4.215902373660356
6.857700559310615
4.685883114114404
2.630915200803429
2.2668358362279832
3.341332030715421
3.2618772727437317
0.7114899465814233
1.6386849724221975
2.075071513419971
1.0116249667480588
0.9732045871205628
1.3600511896656826
1.314392662839964
1.4507300246041268
1.6665474139153957
1.068007912253961
2.215749424765818
5.223855850519612
2.144070784561336
3.371874680509791
1.4395550519693643
3.0402909305412322
2.447693704860285
4.265877036144957
2.1249542094301432
5.0409945719875395
1.928533400874585
2.626935228705406
0.9546130067901686
1.674727006116882
1.9078540557529777
1.7713337272871286
1.9923670650459826
3.8027389177586883
2.7158687252085656
5.230562925804406
3.8093232503160834
4.0430618992540985
6.307242474751547
2.7279788786545396
3.0330777559429407
2.7118830259423703
2.173505261540413
3.055097819538787
3.130953163607046
1.8516592362429947
4.502950158901513
1.579476068727672
2.950723412912339
9.496644355123863
5.283351529855281
6.470246219076216
1.6563073704019189
2.575227413093671
2.701690452406183
2.063809751998633
3.4450366622768342
6.765239104395732
1.8879913501441479
3.415899880696088
6.590095929335803
1.5290097289253026
4.876523593440652
2.6325988066382706
1.3238327726721764
1.801327988738194
2.814110544975847
2.1912058636080474
2.019368960754946
1.5036836902145296
1.7915891436859965
0.8888467428041622
3.624274875037372
3.5002774009481072
2.5600645400118083
1.886643886566162
1.460771665442735
1.5723403203301132
3.2436686465516686
5.100874479860067
3.757304481230676
4.074949114583433
2.7325986970681697
6.427354922518134
3.4375883757602423
0.9653005390428007
1.9760687354719266
2.2936509368009865
3.6970321405678988
6.288163166493177
3.424394214292988
1.2121692344080657
2.722903680521995
2.6073445442598313
1.105405748123303
5.574657328426838
2.359344548312947
9.46480091731064
2.8545250496827066
4.211307289311662
2.325038960436359
2.300548664992675
3.0722310305573046
3.225532279815525
3.3709937396924943
4.606870763935149
6.232234528288245
5.595025666523725
7.259431232931092
12.97340434184298
2.5000826232135296
1.204847210785374
2.20427059289068
1.2551235780119896
2.0646264667157084
3.958478453801945
3.365314091788605
0.8726421329192817
1.688607671763748
2.7833132611121982
0.8180416687391698
1.0940832037013024
3.1315718754194677
1.788727460661903
2.9423466296866536
2.1511556273326278
4.6797068731393665
1.4709941614419222
3.606303656240925
2.1946418818552047
3.0485275362152606
3.531395028810948
4.235622054897249
3.340061313472688
3.961724129039794
6.830506823025644
4.332838871050626
3.655289423884824
3.8140695800539106
1.5532453914638609
5.712761958362535
2.3180345222353935
2.668633052613586
4.392715785186738
6.784372219117358
4.246052374597639
2.049179359106347
3.953335784608498
1.9007659386843443
1.7532088544685394
4.340349666075781
2.2703357932623476
1.3880749854724854
3.6078070283401757
1.2422555312514305
3.2257597947027534
7.553504582028836
1.8087548392359167
2.9979536929167807
5.272339014103636
2.8635954707860947
3.3041067994199693
2.150395504431799
7.063471969217062
2.289676226209849
7.194618090754375
3.22533115115948
2.124834825983271
2.9016262609511614
3.1768212460447103
2.0037226737476885
4.908846940146759
1.8884739908389747
5.429857041453943
1.5148660650011152
1.0065779539290816
2.175915124360472
1.8036269291769713
3.761414644541219
2.126120659057051
0.9998580641113222
4.311513236258179
3.2272490952163935
3.4997993397992104
3.0238028715830296
1.3164193925913423
2.2902930640848354
1.9002090024296194
1.2226236993446946
3.4203466528560966
3.9191956450231373
7.966963409213349
2.99021432409063
3.5175700038671494
4.266525449696928
6.299215999664739
3.996275575365871
1.8282411131076515
5.342690285760909
3.545350539730862
3.2096746284514666
2.4618560385424644
2.8319203157443553
3.1746724199038
4.335985047626309
1.130873467773199
2.424971444532275
3.7800705120898783
9.669270711485296
3.6722807534970343
2.73108635796234
5.841761943418533
2.8816156801767647
1.2230465856846422
2.9539498602971435
4.701871789991856
3.3242690477054566
3.0762452236376703
2.553962430683896
3.341376687400043
5.739307035692036
5.184527480974793
1.7526591576170176
4.6048985393717885
2.4220670298673213
1.2372926420066506
2.7006118982098997
3.2397786064539105
1.4836307719815522
1.8064749338664114
2.5421269717626274
3.7755971760489047
4.093793644569814
2.733684576814994
2.0850695124827325
6.693340361351147
2.4847482899203897
4.002419984899461
4.446674145525321
3.4257394396699965
3.998700601281598
2.475390443112701
0.956993066938594
0.893509509973228
3.8464745318051428
1.5810273170936853
2.335765857482329
4.546150301350281
2.030127576785162
1.9012199121061713
3.409641806734726
3.634280381258577
2.724892241647467
3.1285320417955518
4.497281580464914
5.616958196973428
2.17972410377115
4.819540525088087
1.8991594852413982
3.0618435239885002
1.065880503039807
3.1963501959107816
5.053053911309689
2.1215523921418935
1.0923564322292805
2.7435888645704836
7.44164227345027
4.360589197371155
2.530928468797356
2.4320985949598253
3.671682048588991
3.8565591510850936
3.9908550600521266
2.977158137364313
2.8549966188147664
2.6796262189745903
2.608585438458249
1.2824424649588764
3.375498919049278
2.858857268001884
2.8598096917849034
4.819578822702169
3.733673784416169
3.625097409123555
5.964416996110231
5.07734954264015
2.9414238133467734
4.510100492509082
7.95192383415997
2.962715505855158
2.1734680575318635
5.177984922891483
3.3396186982281506
2.391876994865015
3.0894774470943958
3.1962668583728373
3.908623858820647
2.753488990943879
1.8683644109405577
2.1688865704927593
1.9785674740560353
2.901927217375487
4.357090208213776
1.7930050119757652
2.4566546028945595
8.338435252662748
1.891627698438242
2.4017326424364
1.6695516970939934
4.332757547963411
4.416830885922536
1.8794208124745637
3.3095093574374914
5.095594887621701
1.8137828342150897
1.3088723989203572
3.1210538926534355
3.2490674988366663
2.4516515186987817
3.593497741734609
7.283153745345771
2.980495400261134
3.4878322007134557
3.331236117053777
1.6454001020174474
2.3003434473648667
2.9827184178866446
6.302186582470313
9.438576566753909
2.5164079680107534
2.1486211642622948
5.729525992413983
2.927015990484506
4.445907512446865
3.9064616528339684
4.21967752231285
2.5998617049772292
1.988765157526359
3.4346440953668207
3.1770489977207035
1.4412540863268077
1.6213564125355333
1.9652500315569341
3.4441661664750427
4.627329562325031
2.9946126039139926
2.346550261368975
4.146182298427448
3.6221983674913645
1.884463937021792
3.701407783664763
7.3595608421601355
3.137300784466788
0.8294348989147693
2.8283571717329323
7.516140164574608
4.923123494721949
3.6072668449487537
8.211800817400217
6.012606273405254
3.368094614241272
9.66640225239098
5.629137430340052
3.951117034535855
1.9948045103810728
3.7383521136362106
3.0687185088172555
2.0000996876042336
3.4755336933303624
2.8947003544308245
1.7084166440181434
5.141715265344828
2.37847534683533
5.299706729128957
4.924761964473873
3.1298907906748354
5.055276090046391
3.8064561390783638
1.889129106886685
4.033873740350828
2.626196558121592
1.8480045734904706
3.3916870036628097
1.6767258846666664
4.88347834139131
8.341293192235753
3.623966410988942
3.6303337949793786
3.218363966792822
2.7971754239406437
2.9565369409974664
2.0706227102782577
8.346568883862346
1.9505367015954107
5.065595691325143
4.511814600322396
5.095512389438227
8.599718995625153
3.2928699033800513
2.5864763683639467
4.386308143381029
3.0348944989964366
2.6307183241005987
2.9339265695307404
2.508627233793959
3.3507017167285085
3.4758851330261678
6.711391045944765
2.9624497801996768
6.155945430509746
3.0782209620811045
8.119278015801683
5.419335588812828
4.106625452404842
1.2730470530223101
2.8864076542668045
3.555503988172859
3.044975286349654
1.7036309863906354
5.472659405553713
4.951737504452467
9.94547514198348
5.462833273690194
3.599578890018165
2.9070426053367555
4.808539486024529
1.7017034711316228
3.448201877763495
3.0845239306800067
1.6070010967087
3.2116866149008274
2.1463531509507447
2.4873661501333117
3.561758845578879
2.574243345297873
5.850939569529146
6.645215063821524
3.984180432977155
2.002134698210284
6.095762547571212
4.1665130238980055
4.042388851521537
6.4695262629538774
3.8830999862402678
1.6351065027993172
1.6735024233348668
1.8903741969261318
5.687656146939844
2.4778474753256887
3.1108054441865534
1.7371766255237162
1.8808823397848755
3.890292836818844
2.4182773453649133
1.5726088846568018
4.188998928293586
1.2391203357838094
4.840110551798716
3.306059308582917
1.8002010346390307
1.221937257098034
2.246439730981365
1.3237956810044125
2.452917946735397
1.5755968112498522
2.452192019438371
2.6565263017546386
9.315473532071337
2.5183148726355284
3.226888183504343
4.17194190970622
6.073462307918817
3.788469099905342
1.6322877467609942
8.903506680158898
5.398812009952962
5.311914735008031
3.1386705560144037
3.539237683173269
10.275515458546579
3.253935386892408
2.332732966169715
7.831699644681066
4.957481787772849
2.9221387763973325
2.334679987980053
8.174510488286614
2.9177089605946094
2.7806336879730225
2.7022096172440797
4.062120704445988
3.6342852115631104
2.9718017894774675
5.302016463596374
2.678307776339352
4.307617028942332
3.8194306730292737
2.1669834326021373
6.169381589163095
1.9788048074115068
3.747492386959493
8.029476711526513
1.4978895508684218
4.422303021419793
5.533195920521393
2.332813641987741
4.718105396721512
1.7489627804607153
6.054570744279772
1.5298747464548796
1.726841700146906
3.980929366312921
3.690248386701569
3.090774209238589
2.2589421392185614
3.0983159674797207
2.399156055180356
3.009997021406889
3.5007749868091196
3.580076931975782
5.1765923702623695
9.169969917275012
8.347418538993225
4.881569493096322
3.6395372711122036
5.168644882971421
4.925558133516461
2.6922937619965523
2.6704034777358174
5.512819175142795
1.9271644810214639
7.58238681149669
1.5449017202481627
4.324714264599606
3.4361679293215275
3.2525437243748456
3.2704087102320045
1.4645382359158248
2.120371745666489
2.1842409940436482
4.872290494386107
3.0716802708338946
3.4812819042708725
2.92758565582335
7.54830660414882
2.8003641422837973
3.951763409888372
1.758690998191014
5.908082776237279
4.120277208741754
4.397046115249395
7.175693983212113
6.718605185858905
8.46151480381377
4.825045284116641
6.92520879721269
2.213855382753536
3.1880846987478435
2.532556943129748
7.774656646186486
4.587821607012302
5.19645532569848
6.200734568294138
3.2913928639609367
3.1080044840928167
5.922159199835733
4.436522078001872
3.0805393257178366
2.172221154673025
3.9362423641141504
3.093578982632607
4.063364605884999
6.52153311111033
2.1304955154191703
5.45236396160908
1.8994297959143296
3.4256865547504276
2.201419020188041
5.457007630728185
8.180856261402369
3.629538184730336
1.7083995784632862
4.656173648312688
5.856471532490104
3.677647740347311
5.7575599630363286
2.748333622235805
3.141102449968457
1.9595794323831797
3.135080947773531
3.3467625819612294
5.175073831807822
7.026511133881286
5.549949839711189
2.5871458102483302
4.804169629467651
1.299486560979858
2.3143598712049425
3.4254936212673783
4.910938741872087
4.015506134368479
6.304227503482252
2.734080914640799
3.997035122010857
4.047135816188529
2.674268492264673
7.674296607263386
3.4777106617111713
3.1173133510164917
1.5631413117516786
3.017497856868431
5.810082158073783
3.5745633793994784
5.293645152822137
5.0568397818133235
3.8311244663782418
2.385188119020313
4.839910926995799
3.8541011582128704
4.825384454336017
4.4296997198835015
1.7899839226156473
3.2553275779355317
5.834664990659803
2.892751240171492
2.7170076926704496
8.456681080395356
6.709422626066953
3.2595893228426576
5.2647953138221055
4.005450251046568
1.392572060227394
5.085434766486287
4.096540501341224
4.282431770581752
2.983422719873488
6.22840070608072
1.9618288988713175
4.976485057733953
5.107005143770948
4.208988386206329
2.4247387966606766
3.96236404706724
2.730274134548381
2.9149052954744548
2.1097556105814874
6.391203168779612
7.879336977843195
5.661757003515959
4.755275188013911
2.5861605354584754
1.7737701595760882
4.030039788689464
2.265953599475324
6.509108807891607
6.558931628242135
4.276364958845079
4.386517744511366
8.730622122064233
4.395167427370325
6.187193289166316
6.1948216375894845
4.184466113802046
7.428803866030648
3.877486144192517
6.364223080687225
2.672605939209461
4.7687155802268535
2.8955423813313246
6.12819445785135
3.5401912520173937
1.3454792140983045
4.18762843310833
1.7076456295326352
2.095079171936959
3.6449597913306206
2.3642801155801862
4.468514412641525
1.4675886207260191
3.7668138544540852
3.4554793767165393
4.881197859533131
5.237443380057812
2.539045295678079
10.757587877800688
8.946570308879018
7.397817492252216
6.005980484420434
1.419274645857513
3.9492269568145275
7.379132659872994
8.368417126359418
3.4896713958587497
5.718466264428571
2.8972996515221894
3.568764805793762
1.7777631981298327
1.3575077063869685
2.6279225633479655
7.085529107134789
10.797953897155821
2.7101647751405835
9.97539021144621
4.515134394634515
4.617965011391789
5.334014688618481
3.6475855542812496
5.608597738435492
6.695670625427738
4.835285515990108
4.086049491306767
7.429194279015064
5.141948980279267
10.19001619424671
7.556963674258441
3.2190231918357313
5.438951563090086
4.975651138694957
2.4630204951390624
4.78924925532192
2.092863627942279
3.4748817963991314
3.9652511870954186
3.194109071744606
1.6352162004914135
7.2238367409445345
3.449498854810372
3.7930386958178133
11.536077692173421
2.5201146346516907
7.1434387364424765
6.160421427572146
9.12291602930054
2.4457114594988525
4.154024702962488
5.371338118799031
3.2622762387618423
6.20890550641343
2.4079661397263408
1.5924382787197828
1.9263407532125711
5.083501501008868
6.429981469642371
4.73659640410915
6.6890549508389086
1.722914637066424
2.447239540051669
4.09221932454966
5.46231236262247
6.2198775231372565
5.0762557031121105
3.5816804035566747
5.734057302819565
3.235644595231861
2.741867584409192
1.6761727491393685
5.660494290059432
2.467834225157276
3.8274778546765447
3.2123182769864798
3.8601580399554223
4.328144179889932
1.6301519279368222
7.8528518080711365
9.323632813524455
6.377073720097542
4.594371290877461
8.618773032678291
3.7594704749062657
3.7924529204610735
2.729636187897995
6.951505871256813
4.941139829810709
2.6725099231116474
5.60386590869166
1.6780449021607637
3.6750981179066002
5.202887502498925
4.7945529103744775
3.419346446171403
2.2904569774400443
6.2064622605685145
2.037803159561008
4.806109324330464
7.530512399971485
3.543627745937556
1.8217173165176064
2.0045957630500197
5.557069486938417
4.785874677821994
9.50864292238839
8.274616945302114
5.622293937951326
5.038098212098703
6.734809212619439
1.871653071604669
10.709108936600387
3.8498969594947994
3.799861605744809
2.7778581401798874
4.58314351295121
2.1000083899125457
2.1491319774650037
2.8212643631268293
4.20635639433749
7.4232302675955
2.509031363297254
3.1450702676083893
4.106627543224022
2.640927934087813
3.4270307472907007
4.038167552091181
5.705326244235039
6.174301627557725
13.820683105383068
5.459316758904606
4.847976278048009
4.1050311860162765
11.85958541650325
1.7470857703592628
1.814690018305555
1.805577538907528
9.337089027976617
2.2541797286830842
5.825112558435649
4.269548386568204
2.294541072566062
3.615980518050492
10.319076162064448
4.850974095985293
4.646324459929019
9.41176551161334
3.6036541766952723
1.8230687440373003
3.733667763415724
5.336759086232632
2.1508655403740704
3.238216534256935
3.7540288688614964
4.3226294703781605
3.8516416978091
5.670543893007562
3.1829076525755227
2.7268787431530654
5.645634650951251
6.169391431845725
3.7520262259058654
5.02536136796698
5.734224175103009
2.248959051212296
6.42298088199459
3.04341552965343
4.156437168363482
4.657937947195023
3.3748830382246524
5.794638535240665
3.4475353001616895
4.097652473620006
3.938893028194942
2.2182737875079352
4.534567396082576
2.485989327468569
1.3653187735213175
5.774757134062903
9.359106770583562
3.306253813561939
7.556543764140871
9.155350750400906
3.5543272457425554
2.7736808681298815
5.537772131581155
3.9320616871118546
5.7107186416784925
4.474254380142878
6.407541993354994
4.547260214412023
5.635310221286047
3.123568065109707
2.2994612022524787
11.016763360963928
3.621329804498052
4.277883445459699
3.8561933525497953
12.502588907641078
8.053649966678922
5.18543911737109
4.5825950597959855
3.3333611966125547
5.105382352594345
