0.3602028083987534
0.36179824540158734
0.5195672742556781
0.4382512700976804
0.5239751326153055
0.5041717449203134
0.5323237800039351
0.9450444234535098
1.2255471190437675
1.357250745408237
1.3995132897980511
1.245802849298343
1.3573045823723078
1.6062035486102104
2.072548236697912
2.6029086085036397
2.843213955871761
3.1431492138653994
3.024647595360875
3.356097485870123
3.6661009155213833
3.031320959329605
2.6950573548674583
2.2531522465869784
1.950341446325183
1.6013157186098397
1.4958679336123168
1.415410194080323
1.462793702725321
1.3384732748381793
1.3047882057726383
1.3602535985410213
1.2056447111535817
1.442160568665713
1.3913077586330473
1.1608539302833378
1.2899493011645973
1.0632406640797853
1.1934274977538735
1.0278414613567293
1.1526993396691978
1.3101247737649828
1.1325074958149344
1.3082260149531066
0.9738701905589551
1.044455292634666
0.9402509331703186
1.0656517113093287
1.1625200605485588
1.1193513358011842
1.1334797637537122
1.298815072979778
1.2890399037860334
1.1311428595799953
1.1253619373310357
0.9527068103197962
1.038378614699468
1.138851062161848
1.023547443561256
0.983700132695958
0.906586314085871
0.9149038956966251
1.113338324939832
0.7956883003935218
0.8679533142130822
0.9376896438188851
0.7629035452846438
0.9434520800132304
0.8705725646577775
0.7908552789594978
0.9236185185145587
0.7790460446849465
0.5994637885596603
0.7265715973917395
0.7801144698169082
0.6956211174838245
0.7851735921576619
0.8313276907429099
0.7810327955521643
0.8399410324636847
0.7169809110928327
0.6607018546201289
0.77263761498034
0.7779084625653923
0.743989703245461
0.7493031895719469
0.6955365829635412
0.7454336723312736
0.7075176702346653
0.85148786008358
0.714345320709981
0.8001787688117474
0.8484977579209954
0.8149929880164564
0.770510213682428
0.883230899926275
0.6527563442941755
0.711740801576525
0.7769110770896077
0.7138935432303697
0.7613190605770797
0.5979611470829695
0.679900323273614
0.7448771030176431
0.7563391274306923
0.77111083897762
0.7953200591728091
0.5501004955731332
0.8121894870419055
0.6858617169782519
0.7425512918271124
0.9919388403650373
0.7129670830909163
0.7954146543052047
0.6650524020660669
0.781177984084934
0.7922185817733407
0.7951370819937438
0.6387811100576073
0.8469503833912313
0.9539685335475951
0.620728281326592
0.9054511589929461
0.9163281011860818
0.8453579449560493
0.8842572204302996
0.8301211625803262
0.6998547366820276
0.6485973366070539
0.8091509765945375
0.8343528241384774
1.0241990336216986
0.8515781816095114
0.675780326128006
0.7760686683468521
0.6666111249942333
0.7020108038559556
0.770990070188418
0.7989337230101228
0.8752570983488113
0.8699803319759667
0.7222191307228059
0.7001134830061346
0.6823058964218944
0.8040876262821257
0.8655482898466289
0.820488405181095
0.7691134677734226
0.7609733848366886
0.7030783630907536
0.7072971740271896
0.8414871236309409
0.6559893779922277
0.785695270402357
0.6430790585000068
0.5727938651107252
0.7633846029639244
0.6198986794333905
0.7045591925270855
0.6834198795258999
0.6263511194847524
0.9731791778467596
0.693561197957024
0.9888511940371245
0.6876003022771329
0.7769242096692324
0.7139098602347076
0.5813316777348518
0.5988135174848139
0.6319084777496755
0.6371374770533293
0.7294852940831333
0.6217342561576515
0.5619887069333345
0.5950613131280988
0.6846895443741232
0.6295711793936789
0.8370226786937565
0.6985839817207307
0.7243641063105315
0.6082177837379277
0.6671232415828854
0.9346010305453092
0.7995941403787583
0.7592904560733587
0.6319304490461946
0.6014573774300516
0.7776383247692138
0.49894777964800596
0.7112278651911765
0.7382019897922873
0.6589658106677234
0.7093491898849607
0.7055829289602116
0.7154952080454677
0.8937930795364082
0.7901760474778712
0.7141312134917825
0.8289319493342191
0.6595346899703145
0.5832969713956118
0.7010576971806586
0.5474937632679939
0.6826931282412261
0.6457045231945813
0.6979426089674234
0.8454188772011548
0.6915528534445912
0.7234137675259262
0.8711951449513435
0.7620958348270506
0.6155525327194482
0.5792002335656434
0.7516968746203929
0.4654587922850624
0.5756847863085568
0.6847607889212668
0.8248666464351118
0.7767313045915216
0.944413305958733
0.6103769887704402
0.5851352291647345
0.7016385407187045
0.8184504790697247
0.8135748207569122
0.7727595793548971
0.7154419855214655
0.8068669182248414
0.7960763236042112
0.6382093694992363
0.7452951280865818
0.979907721048221
0.6635910540353507
0.6572632684838027
0.6680074471514672
0.8894118741154671
0.7149875808972865
0.6557121283840388
0.8209578252863139
0.8723976730834693
0.5271581618580967
0.7371060734149069
0.8705173542257398
0.9528102346230298
0.9663534900173545
0.8458575655240566
0.830828360049054
0.8558425575029105
0.9537835526280105
0.7003012378700078
0.6297383802011609
0.6407421992626041
0.7709559297654778
0.4514076290652156
0.7948401947505772
0.6723294542171061
0.6707384707406163
0.7398947442416102
0.6164923561736941
0.7254737371113151
0.7226015729829669
1.008114629657939
0.8327898078132421
0.62803317559883
0.8543960205279291
0.5533536633010954
0.8157393736764789
0.4419699599966407
0.6279698242433369
0.6499737077392638
0.6362153426744044
0.5263256330508739
0.6676398627460003
0.6168071229476482
0.6054894533008337
0.5578981915023178
0.5734610673971474
0.6010402522515506
0.6684108411427587
0.5860929768532515
0.4925740563776344
0.4746452234685421
0.517051963834092
0.8291494308505207
0.7134684028569609
0.6640053689479828
0.7071468657813966
0.5880973658058792
0.5531970530282706
0.4602191096637398
0.49857831350527704
0.5685925458092242
0.5526853511109948
0.6140547834802419
0.5603987369686365
0.4315480715595186
0.40601271321065724
0.5216328541282564
0.4747553626075387
0.48776519927196205
0.553224268136546
0.5577888530679047
0.5557140484452248
0.622139138635248
0.6003867397084832
0.5141765451990068
0.5266552165849134
0.5984618045622483
0.7084646737203002
0.6345183185767382
0.5605234313989058
0.6105952495709062
0.5266745546832681
0.5135734472423792
0.60106107336469
0.5259432145394385
0.5152607568306848
0.5466819207649678
0.5807142066769302
0.5237951272865757
0.550896558444947
0.5659725638106465
0.4739492174703628
0.5884457158390433
0.392231113743037
0.5087120288517326
0.5072094652568921
0.6719460508320481
0.5493238721974194
0.6242768459487706
0.4453280463349074
0.40597307216376066
0.666247587185353
0.46918801916763186
0.5121710542589426
0.5226664573419839
0.562818129430525
0.41490623401477933
0.5306477742269635
0.5125057841651142
0.5210406500846148
0.4656669865362346
0.4033832009881735
0.4834799016825855
0.49368975567631423
0.47665690700523555
0.4063419131562114
0.38351917173713446
0.524313137633726
0.5322468583472073
0.5255814441479743
0.38680283271241933
0.4965177505509928
0.39258144749328494
0.4753981501562521
0.434185687918216
0.41898095491342247
0.501081277616322
0.5298131448216736
0.5001466859830543
0.5013381445314735
0.4728686537127942
0.464878314291127
0.5538947628811002
0.3757337739225477
0.4459497731877491
0.5965947472723201
0.5354181563016027
0.44912351737730205
0.5555759698618203
0.41793553181923926
0.7413263060152531
0.49129345430992544
0.3786525512114167
0.4348114305175841
0.45534708572085947
0.4344926023622975
0.48737361875828356
0.46666457841638476
0.5181618451606482
0.44343574333470315
0.6045687412843108
0.4819135640282184
0.3616678760154173
0.3890689010731876
0.3938481784425676
0.5223167503718287
0.46393630746752024
0.48933171411044896
0.5694105818402022
0.4811802164185792
0.43352746532764286
0.3772326243342832
0.49228171061258763
0.43820794858038425
0.47764620766974986
0.3996136481873691
0.4665673840790987
0.4183510122820735
0.40280097688082606
0.4707564399577677
0.4193342245416716
0.35592900996562093
0.5069406204856932
0.4418239010265097
0.44255989766679704
0.4720569977071136
0.36228377069346607
0.34801926265936345
0.36310883378610015
0.37005560158286244
0.30622641230002046
0.43869302759412676
0.44189338525757194
0.4033867479301989
0.4439428363693878
0.4321632238570601
0.4323560690972954
0.38767629850190133
0.4173215215560049
0.4556776892859489
0.48672596469987184
0.39385033678263426
0.3820124255726114
0.37703892088029534
0.4495659436797723
0.3549173674546182
0.35562209878116846
0.5105176977813244
0.4588298298185691
0.5109599488787353
0.3026117413537577
0.36948875291273
0.38751700648572296
0.3543329833773896
0.40712459140922874
0.33708782109897584
0.3745318503351882
0.4452885156497359
0.3726942272624001
0.38290923833847046
0.5070341124664992
0.4116336009465158
0.3708256164100021
0.2903802788350731
0.3291450198739767
0.4142240622313693
0.31375076016411185
0.4839286128990352
0.4637528205057606
0.35757075308356434
0.3618973077973351
0.2960855336859822
0.38826463418081403
0.47981859638821334
0.4030191753990948
0.37120006466284394
0.3298206840408966
0.3846391618717462
0.36376312328502536
0.4055363398510963
0.35109368606936187
0.4052497367374599
0.2799156988039613
0.29175486287567765
0.3689619187498465
0.43049511162098497
0.4489233057247475
0.33942426450084895
0.3528987744357437
0.3654890786856413
0.38482093869242817
0.35405817860737443
0.3646946578519419
0.4465623942669481
0.3656565153505653
0.3494243287714198
0.3750754079082981
0.38951721496414393
0.32311083166860044
0.2998521310510114
0.36988582205958664
0.2718574316240847
0.4072572955628857
0.3131958859739825
0.3195703161181882
0.34268132224678993
0.33896210021339357
0.3567844592034817
0.2663988503627479
0.2656836190726608
0.38304519443772733
0.391974484664388
0.31102182157337666
0.35549898725003004
0.3774119089357555
0.35848707577679306
0.3757024798542261
0.3307213253574446
0.3099847665289417
0.4372741807019338
0.3513269362738356
0.34308755362872034
0.3491844611708075
0.4206252960721031
0.30014444049447775
0.2972665843553841
0.4168101304676384
0.3259199602762237
0.3134187462273985
0.36087615927681327
0.32565535069443285
0.3182897069491446
0.3994061229750514
0.3478043087525293
0.4422676066169515
0.3358029117807746
0.3314972650259733
0.3924556510755792
0.4396002893336117
0.31919982424005866
0.36060749425087124
0.360434825415723
0.35661912022624165
0.367020818288438
0.322097105323337
0.4267789894947782
0.388711215229705
0.34680209308862686
0.37671544041950256
0.3976260327035561
0.31945518939755857
0.27390913804993033
0.4726922280387953
0.38452046911697835
0.306604893412441
0.34851731511298567
0.3054621070623398
0.33735653455369174
0.5061850670026615
0.3531533911591396
0.34134405048098415
0.3106011329218745
0.4971350535051897
0.3119578229961917
0.3474820213159546
0.2971962441224605
0.3813511705957353
0.34436424961313605
0.37807419116143137
0.28030154679436237
0.3229183710645884
0.2975194159662351
0.3678770969854668
0.4135842378018424
0.346871069050394
0.319785765488632
0.31509169889613986
0.4271954804426059
0.2889330831822008
0.3182886963477358
0.3583254093537107
0.3977364560123533
0.322759528295137
0.37230679055210203
0.4160467979963869
0.3151036680210382
0.37413886561989784
0.37647704978007823
0.4185583282960579
0.3954996117390692
0.3566648695850745
0.4007422917056829
0.32905919186305255
0.38210390298627317
0.3556930226041004
0.34898352914024144
0.4164213987533003
0.37013630860019475
0.2876177279977128
0.35837626690045
0.29093516268767416
0.34845193510409445
0.35753817413933575
0.37148543365765363
0.3797712349332869
0.35565045836847275
0.3087769062258303
0.3532549774972722
0.44958796410355717
0.4205977196106687
0.29546999419108033
0.40118018933571875
0.34787961607798934
0.30608978623058647
0.39676019130274653
0.397765334462747
0.2686141792219132
0.3474921090528369
0.32085114577785134
0.2902302083093673
0.2944869155762717
0.32756803068332374
0.3287013894878328
0.3661393449874595
0.31629000103566796
0.30235485488083214
0.3018819142598659
0.34440407750662416
0.27313399652484804
0.34840690181590617
0.4089701002230868
0.3290398356039077
0.40644764387980103
0.2832038241904229
0.39024439570493996
0.3180605414090678
0.2812624080106616
0.2964546678122133
0.30967738397885114
0.3162575903115794
0.29365360166411847
0.368706822860986
0.3173785322578624
0.294987759902142
0.36237349233124405
0.3710691888118163
0.2699093553237617
0.3250051793875173
0.32041335001122206
0.24799644795712084
0.2642918489873409
0.3230329384095967
0.3699514934560284
0.3642541334265843
0.2693214035825804
0.33169454091694206
0.3159251918550581
0.3092174440389499
0.30987148522399366
0.31142125732731074
0.29007908049970865
0.1977079720236361
0.3551065663341433
0.2651588807348162
0.3226196593604982
0.32895105076022446
0.28198630397673696
0.29988282278645784
0.28957201133016497
0.2599978222278878
0.2839018029626459
0.2850149703444913
0.30486407328862697
0.3167611525859684
0.2398203363409266
0.3552687495248392
0.32411987299565226
0.28534508019220084
0.32142441056203097
0.30209003668278456
0.27188790997024626
0.3457496447954327
0.2984792731003836
0.30730424902867526
0.28908414021134377
0.2784057770622894
0.24547262920532376
0.3207993741380051
0.3496743873693049
0.3683405303163454
0.25492701516486704
0.23926520382519811
0.3455433298368007
0.3309661846142262
0.32902834599372
0.28853320237249136
0.33001274103298783
0.25677428720518947
0.26522481022402644
0.3502525206422433
0.28550031187478453
0.26516316703055054
0.22091527259908617
0.3622482151258737
0.3252962176920846
0.236285648541525
0.2598900875309482
0.24710397806484252
0.27478660352062434
0.28359789005480707
0.3513573626987636
0.2159454256761819
0.3018633567262441
0.3177882768213749
0.32868665864225477
0.24709193652961403
0.31900133308954537
0.23055420175660402
0.30601730942726135
0.28683743160218
0.2679043043171987
0.37067358184140176
0.2832050612196326
0.39145138894673437
0.33645358437206596
0.252101918682456
0.3063115100376308
0.31293555453885347
0.3048474738607183
0.2946095550432801
0.23092858074232936
0.3118144712643698
0.34926869079936296
0.2884563416009769
0.3626742730848491
0.3046307049226016
0.2675439791055396
0.24191502283792943
0.30595373117830604
0.2783902183873579
0.34052864951081574
0.24889250891283154
0.32025772414635867
0.31199364038184285
0.30605861521326005
0.23133122618310153
0.28864732244983315
0.31679740420076996
0.26297758135478944
0.45074299431871623
0.23859287390951067
0.301096387906
0.24795836093835533
0.32141062640585005
0.3675928700249642
0.30440886528231204
0.2971406396245584
0.3173817932838574
0.2895985438954085
0.3382617982570082
0.3952341702533886
0.2783052094746381
0.2421939007472247
0.29290184867568314
0.29538971988949925
0.27072273090016097
0.21038971142843366
0.32854531839257106
0.28681331663392484
0.29040165210608393
0.41424538753926754
0.25712500396184623
0.35115848609711975
0.31374198419507593
0.3254537608008832
0.3481515704188496
0.325822097947821
0.2221105854259804
0.24602224468253553
0.25858823815360665
0.39157530129887164
0.19458472286351025
0.29343697405420244
0.29222329042386264
0.33511032222304493
0.23775165318511426
0.2729203407652676
0.25922215066384524
0.2622837150702253
0.288814582163468
0.3411933472380042
0.2879377268254757
0.3219242435297929
0.2982562485849485
0.2584783713100478
0.2571488202083856
0.2662608491955325
0.24413296591956168
0.209525725687854
0.21226101729553193
0.19794155738782138
0.31991166435182095
0.3068615619558841
0.2896233346546069
0.26692172908224165
0.2222440376644954
0.32607658149208874
0.2404978236882016
0.34032700199168175
0.2567813446512446
0.2930328600341454
0.22166294464841485
0.2405296543147415
0.3291980657959357
0.2942031802376732
0.23862978862598538
0.2685832091374323
0.28907099552452564
0.21510131657123566
0.24133859865833074
0.44348582392558455
0.30434853793121874
0.2666206805733964
0.357647756813094
0.3354221318149939
0.27707972179632634
0.22055849561002105
0.32093884551431984
0.2619868171168491
0.3233390766545199
0.33938430377747864
0.2862030480755493
0.3404390779323876
0.23935697984416038
0.2901951689273119
0.29124042054172605
0.2458707808982581
0.28261315799318254
0.27876763488166034
0.27416606165934354
0.22697589604649693
0.3345616403967142
0.3217707315925509
0.26365156355313957
0.2554079639958218
0.31527283100876957
0.3173799947835505
0.29605646058917046
0.24554796982556581
0.32510935538448393
0.3043575674528256
0.3032303467625752
0.2590823449427262
0.2753547558095306
0.286322848405689
0.3176714389119297
0.3071632666978985
0.22464706609025598
0.25346483080647886
0.22026418545283377
0.26601907692383975
0.2763992839027196
0.24647911346983165
0.27903776487801224
0.27668606501538306
0.23266809934284538
0.22405985521618277
0.24338701786473393
0.2815989828668535
0.24252468213671818
0.20865085441619158
0.2763561550527811
0.2852740661473945
0.25050355575513095
0.2605295553803444
0.31827556825010106
0.27021003991831094
0.24821514799259603
0.26803453161846846
0.25830194843001664
0.2868067711824551
0.2278920825337991
0.2335396260023117
0.24244658718816936
0.21219293912872672
0.3559987146873027
0.2367691930849105
0.2142320709535852
0.3038083439460024
0.21246785495895892
0.2602535345358774
0.1887226109392941
0.2644401377765462
0.2751851974753663
0.2953604267677292
0.2495791367837228
0.29341435548849404
0.2723605561768636
0.30071391724050045
0.2703044366789982
0.25760275532957166
0.2818743378156796
0.27287159545812756
0.25202442635782063
0.3102222125744447
0.19748423621058464
0.24668167252093554
0.3122326662996784
0.19779324531555176
0.20404523791512474
0.29884570895228535
0.23202445066999644
0.28381853085011244
0.2444441863335669
0.25967172789387405
0.20323056052438915
0.2956802494591102
0.23028158769011497
0.21039666596334428
0.23264108237344772
0.2457537594018504
0.1803284502821043
0.2069233573274687
0.23755603609606624
0.2518221706850454
0.2647472396492958
0.33345793886110187
0.21822147036436945
0.2263210411183536
0.29531534772831947
0.2155279036378488
0.2538319156737998
0.24361772241536528
0.26565671421121806
0.22193692438304424
0.1981709550600499
0.20991017669439316
0.25467728881631047
0.28916443209163845
0.2379208521451801
0.2044842030154541
0.24965934199281037
0.206879545818083
0.26430500485002995
0.27933639532420784
0.2533898513065651
0.21735446364618838
0.30300966859795153
0.22562034090515226
0.2041781935840845
0.22862691385671496
0.3154871561564505
0.18610701616853476
0.29199733620043844
0.2962844712892547
0.32833022985141724
0.24421011679805815
0.24126246548257768
0.22280192817561328
0.2567483176244423
0.2891498622484505
0.22197873308323324
0.22947444301098585
0.3126895031891763
0.3085940449964255
0.2635953737189993
0.25959247653372586
0.24664651439525187
0.2511628553038463
0.18670719326473773
0.25658402557019144
0.2281765779480338
0.23724369204137474
0.21683316375128925
0.2460431169020012
0.2860369930276647
0.2818372168112546
0.27292531495913863
0.27966828912030905
0.20599477214273065
0.2537764321314171
0.2628365212585777
0.3140447854530066
0.27960295288357884
0.28423886315431446
0.2321993910591118
0.2169430914800614
0.20509949431288987
0.27009812998585403
0.2589891152456403
0.2431363620562479
0.3239752617664635
0.22361871576867998
0.2508023810805753
0.20504946075379848
0.25005936447996646
0.27643286425154656
0.22799354430753738
0.25079312158050016
0.19080701027996838
0.24762265593744814
0.2334867297904566
0.21105359971988946
0.23777986387722194
0.23008475871756673
0.2576233580475673
0.26039867603685707
0.21739074343349785
0.23926304758060724
0.22564683691598475
0.2382841195212677
0.23025638447143137
0.20924380142241716
0.2576671486021951
0.2357018218608573
0.30871577374637127
0.294378713471815
0.19376599369570613
0.25304073467850685
0.24013553943950683
0.26115516014397144
0.2961423307424411
0.24229712132364511
0.19549062685109675
0.24543120490852743
0.21898841706570238
0.22231132769957185
0.2790056245867163
0.2715908536920324
0.20702149043790996
0.23015461990144104
0.20792389597045258
0.24133832298684865
0.24348545167595148
0.26590848923660815
0.1905185942305252
0.23261523921974003
0.2426152580883354
0.21102190320380032
0.24757507594767958
0.24060051096603274
0.38224360992899165
0.2459639598382637
0.19373188284225762
0.2489539892412722
0.22913367138244212
0.24886611988767982
0.23515244445297867
0.2919580090092495
0.24479415745008737
0.3304234445095062
0.27417528664227575
0.2972707364242524
0.2829854302108288
0.2221878479467705
0.23730369622353464
0.3205114312004298
0.23357782885432243
0.23706569045316428
0.2969336328096688
0.1947977882809937
0.2328300626249984
0.22707936819642782
0.25753383070696145
0.2626789159257896
0.2793921635020524
0.29153243103064597
0.20837960171047598
0.23098925326485187
0.2762605188181624
0.28996854496654123
0.2237380089936778
0.2600468579912558
0.30278212670236826
0.24642466439399868
0.22046329802833498
0.34935591788962483
0.2502045889850706
0.26537040004041046
0.19537519000004977
0.27991118538193405
0.2504760135198012
0.26620185864157975
0.2323059239424765
0.2397045821417123
0.19912445882800967
0.23037172365002334
0.25180744857061654
0.25809408677741885
0.22821255691815168
0.2798838457092643
0.2507265463937074
0.2306848062435165
0.20546630781609565
0.23955959046725184
0.21575159044004977
0.24464882852043957
0.23642216087318957
0.24288827436976135
0.25314242811873555
0.2460261523956433
0.2151134351734072
0.20064469648059458
0.19334216439165175
0.291845514671877
0.23523144703358412
0.2593139245873317
0.2406911514699459
0.23058670992031693
0.21434914716519415
0.22996619308833033
0.1826386385364458
0.22846313088666648
0.22772153362166137
0.23659061919897795
0.26282007014378905
0.2387979660416022
0.22069876355817541
0.23098493029829115
0.22794682334642857
0.1980491194408387
0.2906818992923945
0.21033654629718512
0.20344101579394192
0.271067590569146
0.18845189223065972
0.23484919779002666
0.24169265548698604
0.21689097105991095
0.19802706455811858
0.2848358382470906
0.2415150855667889
0.2269164437893778
0.2345988800516352
0.20453433296643198
0.25871413736604154
0.26424935774412006
0.2249213340692222
0.2101055343518965
0.24677273456472903
0.2120741120306775
0.22601430083159357
0.2499519136035815
0.2628861813573167
0.2714144052006304
0.25458038493525237
0.25362005026545376
0.2763787319418043
0.2701870425371453
0.22328186477534473
0.21106941858306527
0.25978365645278245
0.24280261201784015
0.2519474155269563
0.3092640807153657
0.25771494454238564
0.2683746620314196
0.2047326611354947
0.21658687409944832
0.2526186868781224
0.26081554032862186
0.2742706179851666
0.25859820400364697
0.2766923566814512
0.2146837068721652
0.22754232096485794
0.23371869348920882
0.23913309013005346
0.24762560648377985
0.26586560858413577
0.2531174496980384
0.28670159820467234
0.27922585292253643
0.28133772406727076
0.25865001539932564
0.3957571848295629
0.28343718603719026
0.35977403284050524
0.276329934829846
0.2847978656645864
0.2842130461940542
0.3742655464448035
0.2931397019419819
0.30313438491430134
0.3020552240777761
0.2583518502069637
0.27832994086202234
0.3524840928148478
0.25993282289709896
0.2847022811183706
0.2675941822817549
0.3004776576999575
0.33905517507810146
0.30148582835681736
0.2996403028955683
0.335607748827897
0.2709494618466124
0.2772903979057446
0.29500228504184633
0.31695895409211516
0.32401968468911946
0.2568895985605195
0.29486751870717853
0.30546083592344075
0.3010454309405759
0.315615147119388
0.32619504490867257
0.2935762316919863
0.31760083697736263
0.3674456470180303
0.34114012692589313
0.3196742433356121
0.26500394043978304
0.3142794674495235
0.2816782273584977
0.3487604211550206
0.3176967219915241
0.34137573884800076
0.2851944740395993
0.2677640481851995
0.30357792717404664
0.27767858980223536
0.24524708627723157
0.3190247635357082
0.3247334676561877
0.4287206990411505
0.34069385135080665
0.34388855192810297
0.34942706441506743
0.38220481260214
0.31843925680732355
0.313257425557822
0.28013876476325095
0.29422616155352443
0.32224344729911536
0.2838966229464859
0.37094814237207174
0.3256939238635823
0.33690831367857754
0.35428986011538655
0.26694805442821234
0.37745430925861
0.3258560971589759
0.38415080960839987
0.3790389858186245
0.32817632448859513
0.30853244836907834
0.3056900182273239
0.32466426864266396
0.2973084708210081
0.37296741968020797
0.25998935266397893
0.290971708483994
0.2676493164617568
0.36635396687779576
0.2906484961276874
0.3017309904098511
0.33047337271273136
0.27184104162734
0.33931480429600924
0.30126745568122715
0.3747215694747865
0.27548646519426256
0.23639947455376387
0.34993834840133786
0.29155636834912
0.31622135057114065
0.3211136588361114
0.28861384419724345
0.2856123831588775
0.2657939859200269
0.40886827115900815
0.2729307325789705
0.33597586292307824
0.28153150028083473
0.274043679703027
0.3042120320023969
0.25702385243494064
0.3363146495539695
0.3170862136175856
0.3396808501565829
0.31756977818440646
0.3139103481080383
0.3259876328520477
0.329744556453079
0.45731382886879146
0.3447393245296553
0.378036153386347
0.29253247915767133
0.3010397950420156
0.33020768966525793
0.35169319715350866
0.3175214237999171
0.27933148841839284
0.33600615861359984
0.3426377633586526
0.34979170514270663
0.3050630626967177
0.3510294749867171
0.33760454633738846
0.27689501259010285
0.2977905838051811
0.3909886877518147
0.2869495340855792
0.2831796782556921
0.3221662138821557
0.24991137685719877
0.31683295930270106
0.3201356508070603
0.3207419024547562
0.32632047520019114
0.30013882578350604
0.33484356896951795
0.2740974066546187
0.2538180345436558
0.3121351848822087
0.2958651757799089
0.2694377372972667
0.34782315546181053
0.28005188051611185
0.2918462447123602
0.22981038759462535
0.3068113155895844
0.2841681418940425
0.26666171685792506
0.305469315382652
0.282285904395394
0.2977847943548113
0.3406867664307356
0.28739480359945446
0.254832842387259
0.31993513728957623
0.34533095033839345
0.31415974406991154
0.27283768565393984
0.3134291226742789
0.3240468791918829
0.3335910285823047
0.27738570619840175
0.30182849522680044
0.2515849160263315
0.2776648780563846
0.2701890751486644
0.3038595652906224
0.27306393382605165
0.32472282205708325
0.3038107755128294
0.37549881043378264
0.2932505439966917
0.2509084253106266
0.29403299430850893
0.28599515149835497
0.2827524052700028
0.23864395124837756
0.3052665765862912
0.2471392434090376
0.28397514461539686
0.2565510334679857
0.2727726148441434
0.28499575483147055
0.27931493369396776
0.28219639777671546
0.27422978065442294
0.2752806256758049
0.3125075721181929
0.3706850039307028
0.24837259482592344
0.26679285906720906
0.26144625211600214
0.2648026681272313
0.31014301907271147
0.2885304968804121
0.38007134496001527
0.2557313885772601
0.2242196633014828
0.2708039096323773
0.2695598501013592
0.2829842839855701
0.2624800062039867
0.30697712395340204
0.3221955434419215
0.2571555720642209
0.24679928470868617
0.2664505580905825
0.29097354563418776
0.25309805280994624
0.25144768960308284
0.31810206396039575
0.33514276961795986
0.2805831200676039
0.2416348383994773
0.23550374514888972
0.3358551564742811
0.2626273799687624
0.26991745294071734
0.2602461230708286
0.2911751530482434
0.2534151381114498
0.3073051527608186
0.2641608185367659
0.3262584211770445
0.3238581195473671
0.23602731706341729
0.2715353741077706
0.38745160517282784
0.2985526822740212
0.341738254763186
0.2739635754842311
0.2706147982971743
0.26033583865500987
0.3646430189255625
0.27847150852903724
0.3087370749562979
0.328662823070772
0.27037375431973487
0.28358936205040663
0.23305962164886296
0.2448410129873082
0.2394237848930061
0.31428653886541724
0.22438409307505935
0.3193291701609269
0.26274167571682483
0.27069945563562214
0.2714631666895002
0.26648958190344274
0.20445046748500317
0.35843813058454543
0.27146013593301177
0.2636842717183754
0.26588185771834105
0.2947758296504617
0.2635991941206157
0.2495250396314077
0.26478544948622584
0.31710839131847024
0.2969036272261292
0.23034162924159318
0.20645299076568335
0.22132151201367378
0.2700112775200978
0.2556487489491701
0.26291691861115396
0.28550667909439653
0.2852014990639873
0.25703815557062626
0.23173743637744337
0.2287778746103868
0.2931268769316375
0.22573387098964304
0.23888218065258116
0.25781372690107673
0.24568224023096263
0.3159176881890744
0.3299536344129592
0.3138569326256402
0.2887419967446476
0.25848485669121146
0.2550367183284834
0.3285245763254352
0.25403250532690436
0.23742251010844484
0.21140885713975877
0.2332958335755393
0.2797709084697999
0.28916052426211536
0.23426566063426435
0.20069550769403577
0.23718552116770297
0.27737881580833346
0.27572905214037746
0.29595271626021713
0.2804605062119663
0.1954923613811843
0.4056276483461261
0.25996061199111864
0.2558755582431331
0.29687508230563253
0.3115614539710805
0.32526903809048235
0.287889497471042
0.294890308752656
0.3834739494486712
0.25856540247332305
0.2964311894029379
0.28780974878463894
0.22871938825119287
0.2730598821071908
0.22729867021553218
0.25343193975277245
0.2615042234538123
0.3203907981514931
0.23482505953870714
0.257269250578247
0.25160229427274317
0.21803790563717484
0.2825338641414419
0.32114515535067767
0.24058578332187608
0.28003201831597835
0.2521269256831147
0.2947814939543605
0.27377634088043123
0.24038272735197097
0.21153216698439792
0.24418903549667448
0.29310444253496826
0.26125722855795175
0.24318183888681233
0.27748922060709447
0.23048940382432193
0.26033985358662903
0.32399634062312543
0.23092901951167732
0.23229824751615524
0.28917687956709415
0.23775584110990167
0.2824389669112861
0.2205370848532766
0.25139436864992604
0.301638855249621
0.2625428973697126
0.18853730463888496
0.2654158015502617
0.23563849611673504
0.24029412178788334
0.2879002309637144
0.23462446266785264
0.25392250972799957
0.247304541466292
0.20425149123184383
0.28133793582674116
0.2444053414510563
0.23476496490184218
0.21350257203448564
0.32295564736705273
0.2034924579784274
0.24070754495915025
0.3166757706203498
0.2275617792038247
0.28289791592396796
0.2782914130948484
0.3306590880965814
0.30336778453784063
0.3593894662335515
0.28763733350206167
0.18742851132992655
0.26215324678923935
0.2663780414732173
0.323593040346168
0.28385818854440004
0.29301185230724514
0.26432910026051104
0.2807467384263873
0.27158125687856227
0.27938139613252133
0.21194359404034913
0.22116955509409308
0.2415260390844196
0.22982058057095855
0.27047938550822437
0.2121267689508386
0.2018498191027902
0.24498905148357153
0.27512463997118175
0.2612175021786243
0.3186287919525057
0.27576842810958624
0.29803218913730234
0.2441038791439496
0.2550164529820904
0.2558572942507453
0.196482949773781
0.2895109743112698
0.235004979535006
0.19824704458005726
0.24501924082869664
0.2968028023606166
0.24847470404347405
0.270051485626027
0.2463918060529977
0.30163634213386104
0.25931203784421086
0.2332575109321624
0.19230101723223925
0.28664655366446823
0.26104292494710535
0.23074909520801157
0.19103420746978372
0.29738300084136426
0.25871734763495624
0.295654512476176
0.20928438752889633
0.23634643235709518
0.28011057106778026
0.2373100914992392
0.25484521908219904
0.22306459589162841
0.24225641088560224
0.2319610447739251
0.24783847690559924
0.27600593760143965
0.2196183999767527
0.21966561034787446
0.21628386672819033
0.19206806173315272
0.21505225368309766
0.2628223879728466
0.2595423611346632
0.27734398434404284
0.2320067638065666
0.2390601154183969
0.2853375127306208
0.232333650928922
0.24025181418983266
0.2828415628755465
0.2984894678229466
0.2448974412982352
0.2070142673328519
0.23403619846794754
0.20264270558254793
0.2497098098974675
0.2764421168831177
0.2792335132835433
0.26516145694768056
0.25215348682831973
0.22023643658030778
0.23973453126382083
0.21914605144411325
0.22527679783524945
0.22577755519887432
0.22015504713635892
0.21601699537131935
0.24992955540074036
0.19491865776944906
0.23280605871696025
0.20507644780445844
0.22267421369906515
0.257217823935207
0.28338854637695476
0.23988557094708085
0.2426772047765553
0.2852405838784762
0.22837042371975258
0.26228501729201525
0.23374383128248155
0.2796138928970322
0.26210114813875407
0.2828286514268257
0.26937662065029144
0.232966550916899
0.2626598863862455
0.27888538280967623
0.26330679294187576
0.2584754575509578
0.25767787848599255
0.25244992203079164
0.26149400509893894
0.2663136313785799
0.2006742326193489
0.2420122878975235
0.29996700829360634
0.23957914719358087
0.2108243477414362
0.24586955754784867
0.27929595025489107
0.2808811056893319
0.26118288724683225
0.22024378465721384
0.33106067427434027
0.26001536071999
0.21492714347550645
0.18116147199179977
0.24410513025941327
0.23603343276772648
0.23493091523414478
0.21331606863532215
0.21835435432149097
0.1971994930645451
0.19089836813509464
0.2609868956496939
0.2160938472370617
0.23477561736945063
0.23182831017766148
0.19311104656662792
0.26549653423717245
0.23059562052367255
0.20778250694274902
0.29853863292373717
0.2534669269807637
0.2190825475845486
0.2392028090544045
0.24045319360448048
0.2808493684278801
0.2782194589963183
0.2529829959385097
0.2532883773674257
0.2416878369404003
0.17867925914470106
0.18979596358258277
0.19502354500582442
0.18899225699715316
0.24847639503423125
0.3011464378796518
0.2063522975658998
0.19392709585372359
0.2393478656304069
0.2670807683025487
0.2401865841820836
0.2846079166047275
0.2684061515610665
0.21815861098002642
0.23402436875039712
0.2639507777057588
0.26196654193336144
0.2610368096502498
0.26606771716615185
0.22758298937696964
0.24538147129351273
0.31080031068995595
0.2047547263209708
0.17817970196483657
0.2408307088771835
0.26876279251882806
0.2410865870770067
0.2701617237762548
0.2466972601832822
0.25198792410083115
0.2618562113493681
0.3137242602533661
0.24081039964221418
0.24669441033620387
0.22672227845760062
0.24200194119475782
0.2009847491281107
0.18944093689788133
0.2868351766373962
0.21429626777535304
0.19216464518103749
0.2194312897627242
0.31119202921399847
0.1900537345209159
0.2832541867974214
0.3012530427076854
0.19888700684532523
0.24287992011522874
0.30846646684221923
0.27730475447606295
0.291146797593683
0.3104026117362082
0.28128644364187494
0.21795630553970113
0.2339837522013113
0.24176018178695813
0.24430684669641778
0.2583475431310944
0.21523023321060464
0.19012536166701466
0.28613083984237164
0.23812584741972387
0.18827243929263204
0.23901002539787441
0.27676383196376264
0.2458020022022538
0.24569559056544676
0.2331687796395272
0.25891653465805575
0.1590129592223093
0.21212201926391572
0.2554129679920152
0.23227605246938765
0.23466229531913996
0.2617200007662177
0.2527827776502818
0.26626281515927985
0.272300815442577
0.25332536012865603
0.24974406702676788
0.25344833440613
0.23336458369158208
0.34329181333305314
0.26637252094224095
0.24420471722260118
0.22347701236139983
0.2684772675856948
0.24468357843579724
0.1991799761308357
0.2140185350435786
0.22972003859467804
0.286565727496054
0.26991181063931435
0.2510583531111479
0.2727912366390228
0.25400789931882173
0.22793808265123516
0.27426983264740556
0.22326234338106588
0.23098196717910469
0.19554390502162278
0.1805778568959795
0.22948729479685426
0.29234897741116583
0.2022797412937507
0.2647105940268375
0.32302787504158914
0.31419138284400105
0.25289093708852306
0.2664979268447496
0.30192897748202085
0.2608037769095972
0.23173666768707335
0.3050338648026809
0.24181570316432044
0.23890308989211917
0.25074449577368796
0.27562256302917376
0.2206664474797435
0.22803360945545137
0.29614240024238825
0.3036356092779897
0.23857181833591312
0.2363437809399329
0.2622577524743974
0.26953912066528574
0.24108365882420912
0.2723573938710615
0.2225757713895291
0.2526259688893333
0.2725968161248602
0.22193524311296642
0.24864522414281964
0.2210037502227351
0.28814044618047774
0.2771271105739288
0.24693731009028852
0.21284255402861163
0.26248193357605487
0.2923151416471228
0.2654569656588137
0.2388863149099052
0.25161124335136265
0.2381003221962601
0.26051499345339835
0.3466035125311464
0.24644475104287267
0.26666749524883926
0.24322034057695419
0.3123297862475738
0.21815811237320304
0.25435072678374127
0.24001500819576904
0.26952795463148504
0.259428087156266
0.2528906631632708
0.2570106112980284
0.2572962630656548
0.2594947767793201
0.29488026682520285
0.32391271693632007
0.25586826202925295
0.3102816737955436
0.24899588903645054
0.25915795017499477
0.3334259082330391
0.23927495221141726
0.25080147525295615
0.24465817655436695
0.25756837020162493
0.24839957110816613
0.2633276175474748
0.25824980973266065
0.2793685488868505
0.26933417096734047
0.2675562486401759
0.26571153942495584
0.2691945490660146
0.36584148567635566
0.24987812846666202
0.2824338406207971
0.17914810171350837
0.2476404012995772
0.26179704343667254
0.2302265459438786
0.2587543788831681
0.310770915762987
0.25747625913936645
0.2633665747125633
0.24172497377730906
0.2849581080954522
0.2518934509716928
0.264060428366065
0.26256888487841934
0.25486553087830544
0.2632790447678417
0.2479241156252101
0.2454741506371647
0.25727869785623625
0.23010912036988884
0.22047948790714145
0.23808727401774377
0.2487268828554079
0.25999031751416624
0.2715819946024567
0.3436673891264945
0.27069866249803454
0.24583184835501015
0.2596532593597658
0.2336177178658545
0.27025345782749355
0.26155160227790475
0.26084026554599404
0.3064986141398549
0.26206806558184326
0.3125626117689535
0.26255072047933936
0.24681235186289996
0.3189911764347926
0.3276293308008462
0.31252598587889224
0.21692640066612512
0.30310328875202686
0.28899428877048194
0.2294214804423973
0.280514327227138
0.1980240880511701
0.2708875894313678
0.24552556627895683
0.3095057245809585
0.307577139348723
0.2897806267719716
0.25979404186364263
0.21865336236078292
0.2849379440303892
0.2536450376501307
0.22366377094294876
0.27245532197412103
0.27773484389763325
0.24961596261709929
0.24936318187974393
0.29612725076731294
0.30463923467323184
0.32700514048337936
0.30115557298995554
0.2842328087426722
0.2881353165721521
0.31111794942989945
0.2809134883573279
0.3006770903011784
0.2953247536206618
0.34363413183018565
0.30284621426835656
0.31556903349701315
0.2577448884258047
0.3325718987034634
0.28751966799609363
0.30176685412880033
0.36616845370735973
0.3040442451601848
0.34994110895786434
0.2717516762204468
0.28049149247817695
0.2577805311884731
0.2893427958479151
0.23754154948983341
0.2821483906591311
0.36055616999510676
0.36378545383922756
0.3005935692926869
0.27026762219611555
0.26905542775057256
0.27104373869951814
0.30137586453929543
0.2745807188330218
0.2710907922592014
0.27667172683868557
0.2927706961054355
0.2972860091831535
0.27800472418311983
0.2958500903332606
0.30326915567275137
0.29488079983275384
0.2796727296663448
0.24190660321619362
0.301456083660014
0.2667063409462571
0.3222093867370859
0.2522037714952603
0.23675568867474794
0.31349495495669544
0.2818702501244843
0.29330060339998454
0.26735904125962406
0.2769595782738179
0.31498188816476613
0.27590092667378485
0.25320207281038165
0.2679912217427045
0.2823330422397703
0.284939605393447
0.30240309482906014
0.25354644656181335
0.2641961061162874
0.27262856846209615
0.2584882639348507
0.23620647541247308
0.26476499263662845
0.28368749062065035
0.2831013179384172
0.27641201682854444
0.31923545349854976
0.3405287927016616
0.3772430440876633
0.3166969104204327
0.24948957294691354
0.3303875888232142
0.35970817774068564
0.31648100644815713
0.2525974332820624
0.33782245533075184
0.2939289144705981
0.25499463884625584
0.2917679703095928
0.3154972633346915
0.28796788258478045
0.2988244959851727
0.2545048623578623
0.26335034100338817
0.29760517610702664
0.2263163016177714
0.2961850946303457
0.3120746946660802
0.36617769743315876
0.27591664635110646
0.2957277048844844
0.2642339310841635
0.25135130260605365
0.3199757731053978
0.3057754455367103
0.29602662357501686
0.3181068062549457
0.3264557917136699
0.32043404516298324
0.30123782355803996
0.30720755096990615
0.26800515223294497
0.33757049206178635
0.29967341979499906
0.27025041938759387
0.2770289775216952
0.22149205091409385
0.2585311074508354
0.24541426333598793
0.26111613772809505
0.322653359384276
0.28889266040641814
0.32309224433265626
0.2529130569892004
0.267592859105207
0.298923623515293
0.30561866343487054
0.2615967848105356
0.2655353141017258
0.3043019659817219
0.26905468746554106
0.31184798816684633
0.3492664365330711
0.27691231295466423
0.31677474710159004
0.28052880172617733
0.29216348472982645
0.2838394620921463
0.27357514505274594
0.2546993714058772
0.2657625946449116
0.34730445872992277
0.25367307278793305
0.25120606762357056
0.26401607890147716
0.278431890765205
0.2475638259202242
0.2489291315432638
0.24047610990237445
0.2869726774515584
0.29282045492436737
0.3035478440579027
0.23599946848116815
0.2962076539406553
0.281149543938227
0.39343321439810097
0.25146013067569584
0.2881357872392982
0.33633001800626516
0.23655524000059813
0.3127273921854794
0.2760902658337727
0.31389348639640957
0.3045623223297298
0.27446132339537144
0.3016369097167626
0.2574352517258376
0.31683681963477284
0.23442136868834496
0.2333840080536902
0.2444924177834764
0.3730469848960638
0.3396058607613668
0.35125020903069526
0.3215768103254959
0.3021381924627349
0.30168993351981044
0.24212870025075972
0.2628124714246951
0.3402488371357322
0.30232494859956205
0.258609053096734
0.32405662548262626
0.29377670818939805
0.2734612786443904
0.35025463241618127
0.284851492382586
0.2527678639162332
0.3432009187527001
0.2761269232723862
0.30105695547536016
0.36505316686816514
0.2492716507986188
0.26951830950565636
0.31258701358456165
0.29108598351012915
0.30201751028653234
0.25024135562125593
0.28570936352480203
0.2791877056006342
0.30793549201916903
0.33357332670129836
0.2874316016677767
0.32598792389035225
0.3316977663198486
0.2710390117717907
0.3409653636626899
0.3031358371954411
0.2726191417314112
0.30056077579502016
0.3411005239468068
0.3683838633587584
0.31627503456547856
0.2710596676915884
0.30002228543162346
0.2871153268497437
0.2692067149328068
0.33043750876095146
0.34239085554145277
0.276768442010507
0.31337322772014886
0.33852497197221965
0.26512629876378924
0.3184911492280662
0.26506780297495425
0.3236526974942535
0.2873999689472839
0.31051631865557283
0.3174927042564377
0.30879364267457277
0.2608831743709743
0.26101526501588523
0.3243164010345936
0.30930739623727277
0.24905122758354992
0.2475528762442991
0.25099527451675385
0.3219094662927091
0.2505759889027104
0.25783406174741685
0.28963328909594566
0.2498481313814409
0.3291974544990808
0.3039200830971822
0.30639889545273036
0.2742267607245594
0.31953779805917293
0.34625754272565246
0.23249422782100737
0.23191359918564558
0.32399253570474684
0.2593025346286595
0.26851915288716555
0.36153330269735307
0.22411089739762247
0.34319095010869205
0.30414962593931705
0.31993806024547666
0.2962178667075932
0.2850071613211185
0.29842272168025374
0.3059136312222108
0.3482874413020909
0.3079920682357624
0.2772585222264752
0.31202432489953935
0.2467117483029142
0.3022720627486706
0.2530020388076082
0.28154982859268785
0.23272138950414956
0.3228728430112824
0.2529180602869019
0.2871447040233761
0.3023717370815575
0.27180835034232587
0.24325539299752563
0.29549655225127935
0.26020364940632135
0.2570058418205008
0.34910403471440077
0.2857142408611253
0.2742595294257626
0.3503422747598961
0.3021208690479398
0.2687262916006148
0.2357084999093786
0.3078119137790054
0.3764492336194962
0.3382481762673706
0.22264884144533426
0.34355281136231497
0.316651082248427
0.24066761205904186
0.3086275673704222
0.3693917050259188
0.28743540949653834
0.24224429088644683
0.28716379299294204
0.2912515711504966
0.27856923872604966
0.3194984479341656
0.3259850104805082
0.2271913212025538
0.3458899949910119
0.3412460987456143
0.26744684018194675
0.2648635437944904
0.26445779006462544
0.22748912498354912
0.2489681817824021
0.3117739452281967
0.34255933348322287
0.2747160157887265
0.3047685804194771
0.2940290755359456
0.2783736289711669
0.23431938351131976
0.3021852734964341
0.21568953548558056
0.23243129212642089
0.23764350992860273
0.26158256840426475
0.32863738806918263
0.2243398861028254
0.2916558146243915
0.2951032939599827
0.252251764992252
0.2620853560511023
0.2948566352715716
0.272532481350936
0.2582074215169996
0.27888024610001594
0.24321075587067753
0.2228509916458279
0.29876318818423897
0.20459189888788387
0.23701194266323
0.2531063915230334
0.2731281708693132
0.31426041305530816
0.30682040739338845
0.2482937847962603
0.3143599481554702
0.3383753716479987
0.2672339848941192
0.24856472900137305
0.2526236108969897
0.2507468400290236
0.35871250822674483
0.2794293211773038
0.3326899122912437
0.25671021454036236
0.3805768615566194
0.3467476643854752
0.2314254550728947
0.30250887700822204
0.28064671345055103
0.25589855713769794
0.2510607910808176
0.30407466157339513
0.27380601706681773
0.3005414413055405
0.28696089156437665
0.2779502719640732
0.2376962365815416
0.3097616753075272
0.23729073721915483
0.2937471537152305
0.2708159522153437
0.2986384076066315
0.3317627140786499
0.2141719549545087
0.22838156705256552
0.35614763118792325
0.27765734249260277
0.2480841976357624
0.31308082526084036
0.2864064227323979
0.271739311167039
0.2772253663861193
0.3084176821867004
0.2505313032306731
0.3385801345575601
0.28544275427702814
0.28853705152869225
0.4045179358217865
0.2584502885583788
0.3114213974913582
0.32792617415543646
0.23794048238778487
0.30642450804589316
0.31418021279387176
0.28833314863732085
0.2871088969986886
0.3031300058355555
0.24851486552506685
0.34199725126381963
0.2077725643175654
0.34409520582994446
0.3609689619624987
0.2695642651524395
0.30808687093667686
0.33000949036795646
0.29018640937283635
0.27873066149186343
0.2404055988881737
0.2665909181814641
0.2884159004315734
0.26590536278672516
0.287208134890534
0.2753325472585857
0.2963235870702192
0.3457014075247571
0.2841861170018092
0.2910744710243307
0.2819214230403304
0.313496459973976
0.2577453912817873
0.28599482018034905
0.27993057610001415
0.2657189250458032
0.31826024735346437
0.29657523334026337
0.26400819164700806
0.29058495070785284
0.22264594968874007
0.2647453297395259
0.2668225527741015
0.2530829570023343
0.36193799995817244
0.28175842808559537
0.30331893847323954
0.29957710090093315
0.2650353079661727
0.2796413004398346
0.27017848938703537
0.382992607424967
0.2931787461275235
0.30885194888105616
0.2638323043938726
0.3048928420757875
0.24770875356625766
0.31853677867911756
0.28336260362993926
0.3307837691390887
0.25796334084589034
0.2523903362452984
0.2615813072770834
0.2689982884330675
0.32471367449034005
0.2971134395338595
0.2857354419538751
0.32440213940571994
0.2544495272450149
0.2861232962459326
0.26099208870436996
0.28440783434780315
0.26606018259190023
0.199685528408736
0.2883497633738443
0.2606060840189457
0.2055377117358148
0.22971017775125802
0.24558381544193253
0.2516064370283857
0.2977543438319117
0.3094397991662845
0.27313110150862485
0.29410858114715666
0.2575370520353317
0.2607170232804492
0.25559989060275257
0.2914095827145502
0.31659080600365996
0.27899626921862364
0.26416313310619444
0.25161745969671756
0.29980832198634744
0.3058879408054054
0.2893108488060534
0.2822242615511641
0.29610318946652114
0.25221328833140433
0.28845614078454673
0.2531183962710202
0.38570029858965427
0.3072974222013727
0.2559052318101749
0.27352660219185054
0.2726558647118509
0.23582185490522534
0.26230834785383195
0.3110837978310883
0.3066416345536709
0.28541453572688624
0.26512781670317054
0.24690646084491163
0.26637259777635336
0.2658711045514792
0.2320036101154983
0.2573093610117212
0.29019473772495985
0.2614075487945229
0.2414471834199503
0.2780326765496284
0.25717571727000177
0.252299280022271
0.27687456959392875
0.2458396528963931
0.30942390323616564
0.23621754662599415
0.2754440668504685
0.261718955473043
0.28460306907072663
0.2805956714437343
0.32069008535472676
0.3470973346848041
0.281886798387859
0.27343999210279435
0.24285634036641568
0.24029189976863563
0.24319829128216952
0.19798655936028808
0.2730256795184687
0.2544057941995561
0.30240013101138175
0.247334364335984
0.2806773755582981
0.2869122114498168
0.20649136923020706
0.2631677249446511
0.19899833563249558
0.2464558951323852
0.2723268311819993
0.23339488444617018
0.24624039069749415
0.21848514024168253
0.25588961329776794
0.263101298478432
0.22457441641017795
0.2934725863742642
0.3437280466314405
0.2542513260850683
0.3280515349470079
0.27393573557492346
0.276910072308965
0.31026064639445394
0.24385067902039737
0.30964462156407535
0.3042118569719605
0.24330493761226535
0.2583892477559857
0.2462339854100719
0.21871186146745458
0.23622250970220193
0.2294095093384385
0.2433523004874587
0.22405840759165585
0.21752149012172595
0.22551685571670532
0.26095207361504436
0.26495217089541256
0.26359212561510503
0.302489930880256
0.23175999708473682
0.25303269654978067
0.24516421073349193
0.2634862579870969
0.24670174112543464
0.33138048998080194
0.30285484972409904
0.25977854465600103
0.22900917747756466
0.26208689040504396
0.21630268287844956
0.32037744007539004
0.23592645092867315
0.26468449470121413
0.270368201774545
0.2621382906800136
0.26647265208885074
0.28304164233850315
0.25276952947024256
0.22534344263840467
0.23076712305191904
0.2675929258693941
0.25819803919875994
0.1758443722501397
0.26709897886030376
0.24835443298798054
0.21942349814344198
0.2720274425810203
0.29709626629482955
0.20884931448381394
0.22823812160640955
0.24163767870049924
0.2316583645879291
0.2465654820553027
0.23765472939703614
0.2405449957586825
0.2880819878773764
0.26105633296538144
0.2801451365230605
0.24424423032905906
0.21735083119710907
0.2127262355061248
0.24020285659935325
0.22468145308084786
0.2283021732000634
0.22615734167629853
0.19101386179681867
0.19165646872716025
0.20537211507325992
0.22354653652291745
0.2232753208372742
0.24489757738774642
0.2823921497911215
0.17493454331997782
0.25457272288622335
0.3346384874312207
0.19707295909756795
0.2881615700898692
0.25865812972187996
0.2643062333227135
0.23974809475475922
0.2390767274191603
0.2390636446652934
0.26540382159873843
0.23678732581902295
0.22703613387420774
0.2853443721542135
0.21201975154690444
0.25802151148673147
0.21936377428937703
0.20321564155165106
0.24815997533733025
0.25071365607436746
0.1972372885211371
0.283248042804189
0.2785438576247543
0.22744225594215095
0.257472193276044
0.2851865889970213
0.3052962035872042
0.23460109502775595
0.3089422162156552
0.2038075999589637
0.31471482798224315
0.2364207843784243
0.24628239660523832
0.31229954469017684
0.2106143492856063
0.21600057126488537
0.2389563552569598
0.26122429920360446
0.2387571933795698
0.19654054834973067
0.35335151670733467
0.2363398412708193
0.26962884864769876
0.2843987074447796
0.22336760303005576
0.28141717764083296
0.18526856938842684
0.18891954881837592
0.20248638180783018
0.2554587963386439
0.22403905412647873
0.20403782516950741
0.26294672046788037
0.22313340555410832
0.18888047424843535
0.2858757835929282
0.291137129010167
0.21828079514671117
0.21888007735833526
0.19025332597084343
0.20557952800299972
0.24650329467840493
0.2763243736117147
0.2358023328706622
0.26316669466905296
0.22431027493439615
0.18638695462141186
0.23336222307989374
0.2380742814275436
0.23375723755452782
0.2708942947210744
0.28406994411488995
0.23911123856669292
0.22643476130906492
0.20920045749517158
0.21523627609713003
0.22590663097798824
0.22413606522604823
0.25498639210127294
0.22841722064185888
0.24459486483829096
0.24505148839671165
0.21854382252786309
0.21238582098158076
0.2812852541683242
0.2787115991814062
0.23897616291651502
0.25409291964024305
0.2359623439842835
0.2799234747653827
0.24706733226776123
0.31491895217914134
0.22170718864072114
0.2297078637056984
0.25508727109991014
0.21712949877837673
0.22515706269768998
0.24049551063217223
0.23434963764157146
0.23852222168352455
0.24997441488085315
0.2547991584870033
0.23677010624669492
0.23735151637811214
0.2339139161631465
0.23331718618283048
0.26923743006773293
0.2752564740367234
0.2454064836492762
0.24533580034039915
0.2037822917336598
0.21183614403707907
0.25496671616565436
0.1938805709942244
0.22565332718659192
0.26296734216157347
0.24896721373079345
0.2030559164704755
0.2803141879849136
0.3103797925869003
0.23962220799876377
0.27063543756958097
0.269569659314584
0.22615459724329412
0.18994540243875235
0.2457369220792316
0.16177394217811525
0.22727658925577998
0.25684658775571734
0.24199124018196017
0.3172132081235759
0.30075502156978473
0.20670194295234978
0.25031626550480723
0.2457273295149207
0.22424731426872313
0.24208405800163746
0.21541855146642774
0.27287165680900216
0.2013507909141481
0.28749247174710035
0.23743801965611055
0.24083154537947848
0.2470311496872455
0.2634815586498007
0.31990553153445944
0.2438693268923089
0.27567905373871326
0.2157254780177027
0.1828831697930582
0.2634380229283124
0.23719264281680807
0.20944470493122935
0.2755278459517285
0.30202939052833244
0.28316947136772797
0.2619096130365506
0.25208911910885945
0.31169406045228243
0.30456893774680793
0.26538416458060965
0.23421162192244083
0.27655672311084345
0.2697779492591508
0.26047263597138226
0.2482606151024811
0.23492381104733795
0.21881968120578676
0.23201996833086014
0.2620968526462093
0.22615739644970745
0.2477769162505865
0.2693053336115554
0.3679587174556218
0.30125532078091055
0.24392908229492605
0.24122831667773426
0.26558565703453496
0.253783360356465
0.24745609110686928
0.2525770985521376
0.2072337275603786
0.2237709910259582
0.2804815664421767
0.29855293506989256
0.2087537683546543
0.28571470006136224
0.2228456860757433
0.25799455225933343
0.23720377945574
0.2546491768443957
0.313163572922349
0.32771622872678563
0.2629873806145042
0.29676866403315216
0.23738053120905533
0.25239188922569156
0.2017385758808814
0.16510156757431105
0.24565096595324576
0.2787590735242702
0.2700261404388584
0.23624967044452205
0.22917587676784024
0.26960152690298855
0.2874972361023538
0.2751145340735093
0.19312504102708772
0.22778415604261681
0.26227246393682435
0.18245142983505502
0.24175640032626688
0.2693732046755031
0.2635256350040436
0.25594077486312017
0.2612331237178296
0.2168192436802201
0.23683610034640878
0.3075287616229616
0.2462709053652361
0.19301133858971298
0.2017531584133394
0.2392902245046571
0.3472070300485939
0.2979312586830929
0.24111947213532403
0.2876891843043268
0.2013642955571413
0.24533854762557894
0.1988296077470295
0.2547114997287281
0.18548302666749805
0.2172002195729874
0.297252521966584
0.22595856024418026
0.20158203336177394
0.2519888096721843
0.21138452331069857
0.28627632884308696
0.2099269034806639
0.24230171530507505
0.21224483859259635
0.2160554495640099
0.22626762534491718
0.25950523605570197
0.24165742006152868
0.23278387251590926
0.2314220057829978
0.22430379085597538
0.1928044580632732
0.22858701876941181
0.25908990600515924
0.27568569797135534
0.26044820142643793
0.22756194228690768
0.2605115231422205
0.2650676127227526
0.239602881291556
0.2099496599818979
0.2195835587169443
0.19276746693584654
0.2374997405069215
0.23979335538451635
0.22758541439497282
0.285488582970131
