0.1085975743480958
0.0963665134186158
0.14834174733550753
0.12119154846004676
0.12371467751654563
0.1413628923255601
0.09887213310867082
0.10268603721124236
0.10446613829117268
0.09995482611338957
0.0996059557510307
0.13499480272002984
0.13022269819339272
0.1648579884931678
0.12096042972916621
0.13584460140918964
0.13741953499265946
0.1332156412954646
0.13752242220016342
0.14937101781742967
0.13999191164293734
0.15275235267290554
0.1297066483321032
0.1420035499968435
0.12516543754281884
0.1531438831516425
0.14631975549491472
0.11821487066481495
0.1319689533518158
0.14146756354489298
0.1255812350686938
0.14088143082472016
0.17360380734203318
0.15283148375283417
0.15556108307032446
0.17723758490922137
0.12505874597945876
0.17099814098378374
0.13097193470900947
0.12790471856737895
0.1395834366054487
0.1555364353495179
0.1557021517199928
0.16076183207110262
0.16276279661678927
0.15569138330988608
0.15484716666469467
0.1592252045843452
0.16258500509479745
0.16572126048936298
0.17306057608720948
0.1758968392857696
0.17681748216932647
0.15183696383132883
0.1434051851122149
0.15320424671017463
0.14325942716186546
0.14998468386943387
0.14525434305915041
0.14825343770644395
0.14832536447238454
0.1327134373386798
0.12398831601171878
0.15538697048395989
0.14957243851085877
0.16503049008542803
0.14866182112382376
0.1533578623430003
0.17384792395023396
0.17961341203726988
0.16659972190564076
0.13951940646347794
0.15081082920187328
0.15761528896700838
0.13401462084493687
0.15848120781629405
0.15999848222645596
0.1580327342981036
0.16576067308869824
0.17041164315924107
0.1380458011662995
0.18220705795010872
0.15534488805587898
0.14754529198035016
0.1479979405476115
0.15239158824260812
0.1681901699575974
0.14078101686118316
0.1511225163258132
0.16694582486525178
0.18368097990787646
0.1282048262492026
0.15045152436323406
0.14451960309907008
0.14047441077855183
0.1501707800944132
0.1284148214654124
0.14495250189793296
0.15238789618615556
0.1758323718322572
0.15476950742595363
0.13648613223995198
0.12785456133678963
0.13833432482351782
0.15107486213491939
0.14466445265134098
0.1582139094316517
0.16399036082657403
0.17539082004441298
0.1415685127776669
0.17354332125978544
0.1386983395586867
0.1523194063192932
0.1571080613102822
0.13324386184467585
0.14154674473320483
0.14534889120295702
0.18059820761482115
0.142639436873651
0.1541507175352308
0.1769159416653565
0.14275068066854146
0.15188324255905172
0.14112320111780718
0.14992567598801543
0.15222365605768573
0.13970742469427933
0.13494485160481418
0.145060649359948
0.18516689062016667
0.13595649504532048
0.15686983874547877
0.14482464333923417
0.1538989027703792
0.16702315697693848
0.17137110890143958
0.15309737606821727
0.18675482207618188
0.1537929819260171
0.15438368391551194
0.14217224893309321
0.1557900063580746
0.14887127815381973
0.168069307343103
0.17083855316013796
0.14641101624056319
0.1870848262524305
0.17882410657421133
0.1649193887187721
0.16124846935963433
0.1338201780927193
0.13547003259009216
0.16672662746987044
0.1603993924727547
0.13861876578084775
0.1530119600101898
0.1745976655256527
0.1627037804137217
0.16707242931261135
0.1674702774398611
0.17325278261705535
0.17243380754462123
0.17381274330909946
0.12935525682587468
0.1845025135371543
0.14101862825191347
0.17426733928004978
0.14852010276081273
0.18197109706670744
0.16242656463145977
0.1467032790169469
0.14955650211049942
0.17560120077541796
0.17436189342697617
0.1656908062795992
0.19355674097459996
0.16719792093499564
0.18686153447197285
0.15148314490215853
0.16399760587955825
0.1736636610730784
0.1916663676383905
0.18132495423196815
0.14976321876747534
0.1502883163630031
0.13712498228414916
0.22500278986990452
0.2122571810032241
0.13633108971407637
0.1886983213480562
0.18855100555811077
0.13177452349918894
0.12709626983269118
0.11964309243921889
0.21109094959683716
0.2719641600269824
0.1573658347770106
0.16901290195528418
0.2205693640280515
0.1352062737569213
0.11567894247855293
0.11872233558096923
0.13688186356739607
0.14730227035761345
0.17647674673935398
0.1457873252365971
0.16170728412544122
0.1474413232281222
0.16595700380275957
0.1383851105638314
0.16908857194357552
0.1666381291579455
0.16409304592525586
0.15808677671157056
0.15988716801803093
0.17173550118604908
0.14282632226968417
0.17845615823171102
0.17700525769760134
0.13409004248387646
0.17803770663886098
0.15131611967808567
0.14954835417302093
0.18910177674115403
0.15935338529379806
0.14364286864292808
0.15310370796942152
0.17393191944938735
0.1922511368029518
0.1906621192683815
0.18783033556246664
0.20352057920536026
0.19089441029791487
0.20648936327779666
0.20719066762831062
0.18574019987136126
0.23510974219243508
0.296132049174048
0.2396545836236328
0.2771983613492921
0.22731731639942154
0.29847945732763037
0.3662523487582803
0.2378335129469633
0.3147651276085526
0.21862394036725163
0.27807144972030073
0.3804397569037974
0.2957760519348085
0.3617013373877853
0.28155047120526433
0.3360523658338934
0.4109565297840163
0.33322400820907205
0.3134822060819715
0.2994530225987546
0.37019462848547846
0.31891268910840154
0.3022701992886141
0.4553593727760017
0.44229323940817267
0.3575651157880202
0.5988729305099696
0.5223635770380497
0.4622561102733016
0.6124508187640458
0.5959031980019063
0.622414784040302
0.6214701065327972
0.9033801311161369
0.7401023097336292
0.6653268435038626
0.8551711023319513
1.2624526587314904
0.9377604457549751
0.9260915252380073
0.990858705015853
1.6000711200758815
1.2665604297071695
1.2917872853577137
1.0868502869270742
1.5880498131737113
2.033319848589599
1.4702709754928946
1.3053265670314431
1.3048071628436446
2.1748625431209803
2.664590767584741
2.005575466901064
1.6419364158064127
1.6320559508167207
2.1901461547240615
3.400698956102133
2.589480792172253
2.0637023942545056
1.8766999277286232
1.711622235365212
3.108127764426172
3.8841925878077745
2.5425061844289303
2.083456540480256
1.7399874227121472
2.1555948993191123
2.8476674212142825
2.4976984467357397
2.0108473114669323
1.792624557390809
1.8147402149625123
2.4403036669827998
2.67138631362468
2.150912184268236
2.3273734766989946
2.1438218182884157
2.6663172906264663
2.997660114429891
2.585653697140515
2.4417787175625563
2.64937961101532
2.621851389296353
2.911119100637734
3.43839262239635
3.229113277979195
3.1272613126784563
2.7256521554663777
2.5741661060601473
2.990258893929422
2.812328184954822
2.851445927284658
2.711043583229184
2.628395383246243
2.632727887481451
2.8388576535508037
2.5683822222054005
2.7123999213799834
2.3982345955446362
2.476690102368593
2.710268221795559
2.612994186580181
2.3981154151260853
2.756886951625347
2.4816087437793612
2.5500537818297744
2.569657325744629
2.4769017957150936
2.335661320015788
2.5963237723335624
2.4859231510199606
2.548103497363627
2.5677129202522337
2.5499224942177534
2.7326728301122785
2.6656800461933017
2.8320170966908336
2.8329302528873086
2.796933108009398
2.832235772162676
2.805681181140244
2.564816452562809
2.7720958162099123
2.460825201123953
2.6980824321508408
2.7014371678233147
2.581435698084533
2.3149854661896825
2.680681907571852
2.568813741207123
2.4032711726613343
2.4403002811595798
2.5090384166687727
2.325471554417163
2.3738461872562766
2.6423718412406743
2.3672703956253827
2.4387946468777955
2.251223140861839
2.2603935692459345
2.386509379837662
2.0974632184952497
2.3579843621701
2.184518961235881
2.4129604641348124
2.2180005703121424
2.526004821062088
2.4643351862749716
2.514152821593397
2.3563188014068004
2.5796662705151117
2.4889961406001895
2.87221431450581
2.7406005990786815
2.4922821568691824
