0.24273198431183118
0.17619895256939344
0.1704862241167575
0.17272621070151217
0.13903113373089582
0.13421294576255605
0.23328569205477834
0.2789625667501241
0.45920741755981
0.5532413776963949
0.6267158614937216
0.7743391045369208
0.887539207469672
0.9560589357279241
0.9163010972552001
0.9234254038892686
0.9294912782497704
1.0915907858870924
1.6765275429934263
2.041001457720995
1.9670693427324295
1.7774747647345066
1.5184132270514965
1.2068485622294247
0.9584507264662534
1.0432773525826633
1.1492917081341147
1.030450914055109
1.4439289160072803
1.6300036436878145
1.5586374909617007
1.5373187931254506
1.5496648382395506
1.7546805464662611
1.4573470819741488
1.3075411948375404
1.0740122059360147
0.961481326026842
1.0717970365658402
1.2221117741428316
0.9476669374853373
1.067136752884835
0.9925496359355748
1.095163593068719
1.0163072710856795
0.9404547796584666
0.9671466574072838
0.8734698153566569
0.8745451830327511
0.8672184958122671
0.9504726945888251
0.7780479213688523
0.8483182415366173
0.7517864513210952
0.7714870804920793
0.7421816000714898
0.8068940893281251
0.6570158272515982
0.6593954681884497
0.6349774366244674
0.5763187848497182
0.6030851758550853
0.5763716122601181
0.6683771810494363
0.5914920908398926
0.6593454836402088
0.7589113563299179
0.654953614808619
0.6426237050909549
0.7155002425424755
0.5839536539278924
0.7033590390346944
0.6507036883849651
0.6809589918702841
0.7561308625154197
0.7571350899524987
0.8161008704919368
0.6357575941365212
0.806463226210326
0.6629692022688687
0.7724994574673474
0.8549266923218966
1.0030764872208238
0.8254221600946039
0.9665247336961329
0.8653362079057842
0.8134206836111844
0.9874791228212416
1.0171115507837385
0.8565092503558844
0.953085919143632
0.9050725749693811
0.9460084112361073
0.942074476275593
1.0446652367245406
1.031535092741251
1.1621636198833585
1.207823706092313
1.0233333371579647
1.3017560439184308
1.2244388845283538
1.0440683329943568
1.0629056708421558
1.0875577151309699
0.9811081998050213
0.9854112192988396
1.0984709723852575
1.155409169383347
1.0978886112570763
1.047782786656171
1.2003173371776938
0.9617153804283589
1.0532126273028553
1.307271842379123
0.8190497525501996
1.0341831957921386
1.100738646229729
0.9080883630085737
1.1657272696029395
1.1310952510684729
1.041945792036131
0.8932828567922115
0.9634281846228987
1.2566071557812393
1.0587621568702161
1.196456028148532
1.055941182654351
1.025539610069245
1.0322718599345535
1.1447370501700789
1.1273968792520463
1.0529861480463296
1.2531461634207517
1.1738768629729748
1.1972600577864796
1.1616289210505784
1.0709312832914293
1.021268781973049
0.9762513798195869
1.105933379381895
1.0548216002061963
1.1085330804344267
1.1658887544181198
0.8206002172082663
0.9537531980313361
1.283422333886847
0.943118064198643
1.2439261430408806
0.8063854184001684
1.2776236506178975
0.9519852476660162
1.4463523826561868
1.3159013378899544
1.153535184217617
1.0845223641954362
1.3641292890533805
1.3107606754638255
1.1212681336328387
1.2376333358697593
1.1825045901350677
1.0649058662820607
1.1326744453981519
1.2373059657402337
1.236959093483165
1.2037047646008432
1.304217284778133
0.9517928333953023
0.9806896690279245
0.9010792935732752
1.1014974580612034
1.2167877536267042
1.0207221189048141
1.1357660610228777
1.0304084091912955
1.1153777013532817
1.2822853880934417
1.4738558088429272
1.3130885746795684
0.9993072194047272
1.0275651700794697
1.0389059714507312
1.5546531355939806
1.2728897323831916
1.4941601711325347
1.4079391297418624
1.5967164116445929
1.3067749226465821
1.1058266116306186
1.3213150522205979
1.4302979668136686
0.8518824332859367
1.3196645502466708
1.319676296086982
1.3150608742143959
1.55903804092668
1.1142314714379609
1.1783428548369557
1.6486463327892125
1.5641542477533221
1.3218483033124357
1.3833050045650452
1.3424323992803693
1.448002054472454
0.9574809763580561
1.0653472405392677
1.3842633944004774
1.0226732515729964
1.3288068994879723
1.1971894288435578
1.3360700549092144
1.0580870166886598
1.6679794751107693
1.0516187925823033
1.403212970122695
1.2269568189512938
1.455988090019673
1.4015900186495855
1.0375236673280597
1.4159867940470576
1.1430165960919112
1.347686228575185
1.278048179578036
1.379502500174567
1.0789184418972582
1.5099912961013615
0.9794431980699301
1.1559996164869517
1.3110403744503856
1.457967298105359
1.071705156704411
1.4045266474131495
1.0473389001563191
1.0529255764558911
1.4232836156152189
1.3336768611334264
1.0744058603886515
1.3467674078419805
1.3596545159816742
1.3290948793292046
1.3229666815605015
0.9383380496874452
0.8369046808220446
0.858767605619505
1.1438250846695155
1.1265457074623555
1.5520237407181412
1.3655828265473247
1.1389372510602698
1.0912887699669227
1.350549942580983
1.2125488562742248
0.9082427527755499
1.079093715408817
1.2281516261864454
1.2191275104414672
1.0925844069570303
1.3893549013882875
0.9056676442269236
0.994539642939344
0.9855116311227903
1.0801163134165108
0.9173598173074424
1.0935879775788635
1.1760553827043623
1.497641273541376
1.3333684518001974
1.046814186964184
1.1146460114978254
1.350293734576553
1.2461487399414182
0.9410609842743725
1.2974052012432367
1.6518618040718138
1.1809200739953667
1.0192404461558908
0.9641980710439384
1.2001028880476952
0.9804948028177023
0.9563406850211322
0.8945644507184625
0.9925458147190511
1.20084377983585
0.9555429082829505
0.9977818885818124
1.0296064906287938
1.0646450169151649
0.9876559979747981
0.8951914054341614
0.8602524045854807
0.9856476231943816
1.0219638939015567
1.0374778546392918
0.6969680204056203
0.8561460026539862
1.0421788252424449
0.9174788906238973
1.0161276211729273
0.896543858689256
1.1680917802732438
0.8238114089472219
0.8511429408099502
0.9818959839176387
0.6178124051075429
0.7749219886027277
0.6412441832944751
0.7090953015722334
0.8464094476075843
0.9032225687988102
0.9095925263827667
0.4865913144312799
0.788945663254708
0.8013244110625237
0.650546760763973
0.7036724539939314
0.8258581417612731
0.6539937572088093
0.9481830580625683
0.7914638936053962
0.5698061601724476
0.8041554614901543
0.500025489134714
0.6364013701677322
0.8759147558594123
0.9147553971270099
0.8046591505408287
0.6387919520493597
0.8608542899601161
0.9789185170084238
0.7908583451062441
0.6495743634877726
0.6788259132299572
0.7086632538121194
0.7401088270125911
0.7970863240770996
0.8157578386599198
0.6394716147333384
0.6297389683313668
0.776815049815923
1.012245527585037
0.8397214538417757
0.5712166307494044
0.6432329679373652
0.5781876815017313
0.7595457412535325
0.7323258529650047
0.6452782028354704
0.5307999437209219
0.7866157398093492
0.8704018200514838
0.7356060819001868
0.6792239469941705
0.9117148289224133
0.617423074436374
1.0016135743353516
0.53763492195867
0.5400618293788284
0.6359791734721512
0.7516351984813809
0.5415008952841163
0.7624079592060298
0.5464455331675708
0.7493756983894855
0.8073798061814159
0.5707972529344261
0.53564134798944
0.610326453926973
0.5328594450838864
0.6985183168435469
0.7283341495785862
0.8228267701342702
0.775596868712455
0.5286535492632538
0.553737502777949
0.6767668422544375
0.6798035292886198
0.6777078515151516
0.6090053961379454
0.8555109471781179
0.7059042877517641
0.5632459197659045
0.741376668214798
0.601379762403667
0.6482600520830601
0.4520488482667133
0.5452239862643182
0.7992891244357452
0.48987812316045165
0.5427037673071027
0.7782089989632368
0.5928110780660063
0.7019039490260184
0.7269294098950922
0.7185206616995856
0.7690217904746532
0.851137614576146
0.5109439293155447
0.5118995087686926
0.6824695186223835
0.6524679400026798
0.6324328284244984
0.5569165757624432
0.44567355001345277
0.5796604054048657
0.6555375914322212
0.7489325113128871
0.7845367289846763
0.4571313299238682
0.6451462493278086
0.6105479006655514
0.6236705842893571
0.5688648074865341
0.9317816176917404
0.6277004218427464
0.5091899537947029
0.6872996623860672
0.7488845475018024
0.694800803088583
0.625149963540025
0.5853049281286076
0.7966909633250907
0.8820719619980082
0.8027282023103908
0.7524300848599523
0.618545308476314
0.6845441602636129
0.723004097584635
0.8021956719458103
0.7347719178069383
0.947334278607741
0.5281856073997915
0.5646924995817244
0.8225838087964803
0.8334018103778362
0.8347627046750858
1.1062606757041067
0.8071391769917682
0.7426626129308715
0.6108349661808461
0.6259835495147854
0.6182625682558864
0.9116636980324984
0.6733231038087979
0.7540045514469966
0.9966356030199677
0.6949762307340279
0.5679792122682557
0.670955452369526
0.5510250359075144
0.44244553055614233
0.673826334066689
0.5050218438263983
0.6145661534974352
0.6497837317874655
0.6655055352021009
0.6260794525733218
0.8654626170173287
0.6466128524625674
0.7014347376534715
0.6200299321208149
0.5039346979465336
0.6406047289492562
0.6771090326365083
0.5820101655554026
0.5942211822839454
0.8359921365045011
0.7005592494970188
0.7257181962486356
0.8155076537514105
0.7357993994373828
0.7355847858125344
0.6834523051511496
0.7508868135046214
0.6826342950807884
0.6157990940846503
0.7304934191051871
0.47184481157455593
0.6742614383110777
0.5544246649369597
0.5789531200425699
0.728745908010751
0.6279002304654568
0.7801645470317453
0.6878569712862372
0.7662133605917916
0.716669163084589
0.7302935476182029
0.6803626789478585
0.8679061873117462
1.2347845527110621
0.877931697294116
0.5995363411493599
0.7532238784478977
0.6942759908270091
0.7212221305817366
0.9276908843312413
1.0305706424405798
0.7118072689045221
0.7343225902877748
0.8132342386525124
0.7033516780938953
0.48123283055610955
0.588296138914302
0.8039144707145169
0.5575421658577397
0.4200538375880569
0.49461868579965085
0.41518552764318883
0.5099674159428105
0.7288187578087673
0.760416523553431
0.8441257050726563
0.4894519876688719
0.57437209028285
0.667894437094219
0.47434834216255695
0.7088244047481567
0.6327393192332238
0.7150845599826425
0.6011788464384153
0.6465255072107539
1.063390496885404
0.964860473992303
0.9462486552074552
0.6954902221914381
1.0084458998171613
0.7952070632018149
0.6043157138628885
0.8855346823111176
0.5534826101502404
0.5927061731927097
0.841978334239684
0.7384365637553856
0.6294149920577183
0.7971698269248009
0.8562589209759608
0.5361897129332647
0.5956653745379299
0.6855950248427689
0.7927836662856862
0.6472646647598594
0.6095833737635985
0.7292515515582636
0.43277552735526115
0.47947738936636597
0.6440728201414458
0.5717238786746748
0.6679460399900563
0.43374118069186807
0.6850086946506053
0.546104762237519
0.6728564971126616
0.97871876321733
0.7743655119556934
0.6320531625533476
0.587900175480172
0.6366339267697185
0.5520000711549073
0.7140141534619033
0.7785788809414953
0.5033682185458019
0.5290153058012947
0.8768844166770577
0.8249491800088435
0.5471645082579926
0.6664437415311113
0.5379005237482488
0.8815090070711449
0.6792701188242063
0.9596531529678032
0.7952053985791281
0.6328797012101859
0.7422392338048667
0.6586071733618155
0.7859402344329283
0.7349498553667217
0.7190096569247544
0.7113692938582972
0.7437190348282456
0.7679692293750122
0.5103905422147363
0.6349211353808641
0.8601665979949757
0.753428828669712
0.8401014850242063
0.768167435657233
0.5667583998292685
0.5041514150798321
0.5848900272976607
0.7507581498939544
0.6615748892072588
0.6928551412420347
0.6571557009592652
0.710535719525069
0.6575809814967215
0.6472979476675391
0.5775189198320732
0.7855105331400409
0.6719946191878989
0.8253484889864922
0.5940795801579952
0.7942144825356081
0.49800979252904654
0.4775706164073199
0.4780942974612117
0.77072782011237
0.8062722829636186
0.6227147442987189
0.7666761693544686
0.5621174264233559
0.645765213877894
0.6648405034793541
0.6990229727234691
0.4565029462100938
0.6939031631918624
0.5962358335964382
0.4867323098005727
0.5830714125186205
0.6439550588838756
0.4871391716878861
0.8637874802807346
0.5267735596280545
0.6434429776854813
0.44759158650413156
0.6731289131566882
0.6342058667214587
0.8043064624071121
0.543110084021464
0.7913960657315329
0.5218602448003367
0.7886987185338512
0.7521578654414043
0.678366529289633
0.749588172417134
0.6623439742252231
0.7448592203436419
0.6156207553576678
0.918429410085082
0.727366189355962
0.8052052119746804
0.5939276586286724
0.5534894311567768
0.9223686207551509
0.8916176338680089
0.5411617092322558
0.5717640408547595
0.5890838596969843
0.769321215688251
0.707336860592477
0.4798648356227204
0.6826376946410164
0.8092667192686349
0.8233079720521346
0.6565712230512872
0.7955457064090297
0.5867088341619819
0.6960003809072077
0.7319653100566939
0.9728125460678712
0.6912056364817545
0.5882926497142762
0.7173871846171096
0.5864994146395475
0.6370101396460086
0.7124298488488421
0.6226036523003131
0.7854532120982185
1.035214154399
0.9008357230341062
0.5833321708487347
0.8043637963710353
0.6574542773887515
0.6738878161413595
0.5921028875745833
0.6502193957567215
0.9201212171465158
0.8279786108760163
0.8769438993185759
0.6830370369134471
0.4464763733558357
0.40140873473137617
0.8687822590582073
0.5316334213130176
0.5678698192350566
0.7670650127111003
0.5322961335768923
0.8148374574957415
0.8249219037825242
0.9858351884176955
0.6217451862758026
0.6363643960794434
0.6429709517396986
0.7522917800815776
0.3463997063226998
0.562359323608689
0.7563427543500438
1.0554640070768073
0.5262843437958509
0.8728124052286148
0.679107726435177
0.9021718910662457
0.8560462068999186
0.7481054733507335
0.9237506719073281
0.6257718494161963
0.9432445626007393
0.9583318413933739
0.7639565839199349
0.5652730060974136
0.6752478426788002
0.5946898787515238
0.8804157256381586
1.0524920983007178
0.5750107649946585
0.555227882345207
0.63239689625334
0.5753134900005534
0.572721503325738
0.6986207998124883
0.7507017734460533
0.5983103618491441
1.0714455363340676
0.8328117309138179
1.0494169945595786
0.6608059736900032
0.5699244453571737
0.5871709057828411
0.5080054267309606
0.8788969659944996
0.6864677311386913
0.5225255289115012
0.6704688963945955
0.5671154618030414
0.6192666656570509
0.9440771720837802
0.8966146528255194
0.5666024705860764
0.747034628293477
0.5781255993060768
0.5902981770923361
0.7079551842762157
0.5458839480997995
0.644036897807382
0.42594094399828464
0.41025019355583936
0.8490019616438076
0.4911986355436966
0.6384442602284253
0.3985849543241784
0.8288345345063135
0.40189877594821155
0.527459362288937
0.6667658622609451
0.6665661077713594
0.684634045464918
0.47054486768320203
0.5716932107461616
0.7337740504881367
0.5765535766258836
0.5855452175019309
0.626491385162808
0.4681524042971432
0.960130782914348
0.535985411843285
0.6466281765606254
0.7300917360698804
0.6843161574797705
0.7767061439808458
0.5621466301381588
0.5386845055036247
0.47153988294303417
0.5616257138317451
0.6909791046055034
0.7804455261211842
0.5694869494764134
0.5505716056795791
0.5394174008397385
0.44989093393087387
0.5535342814400792
0.5025149474386126
0.7937278783647344
0.5052629535784945
0.6322987906169146
0.6283724026288837
0.37897893541958183
0.7095711617730558
0.4640036619384773
0.6789324069395661
0.5053407497471198
0.4664506217231974
0.3474885340547189
0.6567500930977985
0.6258564064046368
0.5515102574136108
0.8260674191405997
0.6246586139313877
0.8501940768910572
0.5096578508382663
0.6325932765612379
0.4641792995389551
0.5317342915805057
0.6507701920345426
0.627812689752318
0.7477749593090266
0.6309079489437863
0.4527307174867019
0.5690920271445066
0.4389777984470129
0.4870518120005727
0.6776966295437887
0.7949465207057074
0.3815123620443046
0.46547371603082865
0.699570165365003
0.46839511953294277
0.5433877711184323
0.34824757114984095
0.4578076391480863
0.8072594474069774
0.501871602027677
0.4302261065458879
0.6637145283166319
0.6064523955574259
0.8063831969629973
0.492703378200531
0.5689578222809359
0.629565425333567
0.5745544559322298
0.6039059951435775
0.38543559215031564
0.5256678410805762
0.5173776142764837
0.4407673637615517
0.45280539826489985
0.3502556639141403
0.5213061813265085
0.3793255576165393
0.4634750485420227
0.37450164335314184
0.6738147060386837
0.5063620726577938
0.49827517091762275
0.6366241608047858
0.6084211622364819
0.7097654551034793
0.5539428851334378
0.7552280137315392
0.6055495920591056
0.4402744135586545
0.5023273017723113
0.629549863981083
0.42116871156031266
0.5267217353684828
0.3770762588828802
0.48936977586708963
0.4120725301327184
0.5522759619634598
0.6061500086216256
0.6509485632413998
0.5386749572353438
0.5711676144273952
0.5632062547374517
0.47695636842399836
0.5299821684602648
0.4984166184440255
0.6075895632384345
0.6105471654445864
0.5699177520582452
0.4147397307679057
0.45747329108417034
0.4740081474883482
0.7288382877595723
0.39464895974379033
0.5532403949182481
0.6425208705477417
0.29819099488668144
0.4324420221382752
0.395485307672061
0.34316617250442505
0.4453690442023799
0.45678154844790697
0.4964666994055733
0.40885373996570706
0.5834896197775379
0.7803829583572224
0.4614975234726444
0.561452547670342
0.4365148921497166
0.6316319959005341
0.49809499183902517
0.5942309183301404
0.5285695180064067
0.5617250810028054
0.4736498730489984
0.6934163224650547
0.37349535286193714
0.4803694182774052
0.5064921025186777
0.5751973274163902
0.5637997882440686
0.5553980027325451
0.449621741368901
0.4139953937847167
0.4133710314054042
0.4014063432114199
0.4140429818071425
0.3651679113972932
0.4775135157397017
0.5334217520430684
0.6384087362093851
0.31804525206098333
0.4770364140858874
0.8704507716465741
0.3026579151628539
0.3943496468709782
0.4711677708546631
0.3865113283973187
0.5564068368403241
0.5282735006185248
0.45571832079440355
0.44017134816385806
0.5389019426656887
0.42888452392071486
0.4050705189583823
0.6624273586785421
0.4680921116960235
0.45884220593143255
0.5033557357382961
0.3877146014710888
0.39301862701540813
0.46439796732738614
0.5225011524744332
0.36130416800733656
0.4613554741954431
0.34960297675570473
0.44986885075923055
0.6555575504899025
0.3551932864356786
0.44078437227290124
0.46823177265468985
0.6105686852824874
0.5517020088154823
0.7016612025909126
0.47020602831617
0.2981494511477649
0.4620988593669608
0.6004151076776907
0.45572814001934603
0.474294489598833
0.4782651931163855
0.3909416109090671
0.5894261147477664
0.398665739572607
0.5363381995121017
0.4548847832484171
0.38678851118311286
0.3046043331269175
0.6002344151493162
0.7958264867193066
0.48596298263873905
0.5701722501544282
0.45576909836381674
0.5517450330662541
0.4190027877339162
0.4514305079355836
0.46153130289167166
0.648213698528707
0.30269357084762305
0.6340136249200441
0.5154798155417666
0.4184184442856349
0.5802605685894378
0.40264354564715177
0.3839609194546938
0.5430415263399482
0.470364072592929
0.5747456721146591
0.39665178139694035
0.4329935723799281
0.35777456779032946
0.38136454101186246
0.40908579726237804
0.6040597996907309
0.5171829910250381
0.779653997044079
0.4697758390684612
0.5292780103627592
0.4359483931912109
0.40640126552898437
0.4633895375300199
0.8020290811546147
0.6372394121135585
0.5821513517876156
0.4569139796658419
0.35222481813980266
0.6654500505537726
0.6288543911650777
0.5370127835776657
0.5064648903207853
0.4388817520812154
0.4336394264246337
0.5050146793946624
0.35685270524118096
0.5135938880266622
0.4903569465386681
0.38721773348515853
0.4374763126252219
0.4868497583665885
0.49733521410962567
0.38884211075492203
0.34846690465928987
0.33918114594416693
0.5481014581164345
0.36733678978635
0.3923666766495444
0.3465622940566391
0.4166896784445271
0.46888803417095914
0.3024892336106859
0.2807243486167863
0.3901843638741411
0.5217976348940283
0.3996295848628506
0.32907416112720966
0.5605610033962876
0.46148342068772763
0.30844771541887894
0.5087604875443503
0.6117554527008906
0.5370247464161366
0.476779266318772
0.5360509289312176
0.4248302134219557
0.6299292708281428
0.5246412532869726
0.5822670134948567
0.3354064754676074
0.3481275581289083
0.28264485707040876
0.3758981683058664
0.7846340165706351
0.6507064974866807
0.46963080228306353
0.5617579345125705
0.34757346782134846
0.37344915949506685
0.3704883090686053
0.5412416299805045
0.3968921506893821
0.5709101508837193
0.5883602976100519
0.5551508935168386
0.48353799019241706
0.415143521502614
0.44872924499213696
0.3116080315085128
0.5152505675796419
0.5006094246055
0.41113874985603616
0.514138605853077
0.49840988183859736
0.3025536633795127
0.6647749801632017
0.4505419305060059
0.616192318033427
0.3931034264387563
0.43953511537984014
0.42907715565524995
0.3637771583162248
0.5144430591026321
0.6091852276585996
0.547529743402265
0.29657646268606186
0.4610340782091953
0.30251424689777195
0.5778459052671678
0.6434532030834816
0.32103268190985546
0.4464313857606612
0.3955965603236109
0.6372669328702614
0.3773136673262343
0.49958395125577226
0.4372977465391159
0.45540149277076125
0.4509906948078424
0.5169032340636477
0.4874466434121132
0.3414479499915615
0.4933388077188283
0.6277814743807539
0.574105579406023
0.45690372295212
0.26854998304042965
0.42315571778453887
0.8071189859183505
0.35669583128765225
0.41810747620183975
0.5209984194952995
0.7654896869789809
0.5052795025985688
0.4741566645097919
0.5474424618296325
0.38984500005608425
0.40604338701814413
0.4179023747565225
0.3917834663297981
0.47280045226216316
0.47992143663577735
0.513995012093801
0.4119392959983088
0.36075426131719723
0.45178274146746844
0.4753583872807212
0.6307741043856367
0.6599735080963001
0.4065859937109053
0.34857461421051994
0.6106345350854099
0.4763992987573147
0.4795083435019478
0.3724089307943359
0.4805771162500605
0.28115352464374155
0.3104491332778707
0.4598710127756931
0.29373660183046013
0.4525106269866228
0.3945667246589437
0.47203005832852796
0.34702121693408117
0.3076309864409268
0.3043883806676604
0.37436448578955606
0.2516781063750386
0.6793333939276636
0.5721608787425794
0.4199147957842797
0.35622099367901683
0.4712242035311647
0.43433303642086685
0.4206482849549502
0.329721984337084
0.2980361556983553
0.358250105404295
0.33894292265176773
0.3186721774400212
0.4180383433122188
0.3607526124105789
0.48095412546535954
0.5759220256004483
0.5697255185223185
0.6125849600066431
0.4833927049767226
0.44600342883495614
0.3556984466849826
0.5709526670398191
0.4354052726412192
0.6977009640540928
0.30926100647775456
0.35444692883174866
0.3886694931425154
0.42236954433610663
0.5432047920767218
0.4439946811180562
0.5567361533176154
0.4700453645782545
0.3819167917827144
0.8653797395527363
0.5343738001538441
0.4865584569051862
0.45709592511411756
0.4237791246268898
0.5299962387653068
0.4337064527790062
0.31736043735872954
0.5956638931529596
0.5825490290881135
0.42182526004035026
0.495521119912155
0.5748626488493755
0.4271195641485974
0.2640161827439442
0.4880292350426316
0.42254587943898514
0.746896161348559
0.43313960335217416
0.42811027739662677
0.5070390329929069
0.7175902385497466
0.552873874315992
0.5641367461066693
0.6740147829987109
0.569613051135093
0.4152407387737185
0.6342138756299391
0.3426179345115088
0.6359492804622278
0.41953887848649174
0.35241003066767007
0.654936067876406
0.29825552250258625
0.7051252836827189
0.816624297411181
0.35600752278696746
0.3441301182610914
0.6329190656542778
0.6948395202634856
0.38281559164170176
0.3556208245572634
0.5919257873902097
0.37738182063912973
0.3334911761339754
0.38543815177399665
0.46889270562678576
0.6217415852006525
0.43383613927289844
0.5261288105975837
0.5264045699732378
0.3653849229449406
0.46039911510888487
0.3168681615497917
0.5309406855958514
0.34647729917196557
0.4737066391389817
0.40257321868557483
0.3519075611839071
0.33891917864093557
0.5161091147456318
0.7140830234857276
0.279177758959122
0.661812546546571
0.44505038927309215
0.3596499797422439
0.7177867171121761
0.4319658275344409
0.36902880464913324
0.5272301525110379
0.35579400922870263
0.3806202170671895
0.36075358669040725
0.3597905444330536
0.4742280619684607
0.3019314288976602
0.4854675273527391
0.4013507531490177
0.48859578859992325
0.3482468978036195
0.4210047135129571
0.35899025143589824
0.36838473204988986
0.2988614899222739
0.4860329363727942
0.5010610195458867
0.4038507721852511
0.43614322203211486
0.348228974675294
0.4538302273140289
0.37877526722149923
0.3536314497468993
0.2855244164238684
0.46689673443324864
0.2569286045618355
0.3904125182889402
0.3621095656999387
0.2210047752596438
0.3480081339366734
0.27099180361256003
0.3698591481661424
0.2401575863477774
0.5756993782706559
0.31678124866448343
0.2258696126518771
0.27675732219358906
0.2886568810790777
0.3070189853897318
0.5447397120296955
0.3383937964681536
0.5289563466794789
0.45239800884155557
0.37137802643701434
0.4043178188148886
0.33458268450340256
0.31047212483827025
0.253120242676232
0.43838988471543416
0.2506676182965748
0.2636930057196878
0.3336258720373735
0.3827285802690312
0.6764620940666646
0.36064267199253663
0.40572747762780637
0.3616127936402336
0.31523098942125216
0.41033600841183215
0.31807104032486677
0.4529026171658188
0.33973010448971763
0.2184644138906151
0.4193483771523461
0.3272707871510647
0.3690583516145125
0.45788847107905895
0.3232062457827851
0.30642980424454436
0.27058001747354865
0.4956856383359991
0.23948707367526367
0.2413208557991311
0.41266006662044674
0.2633965256391093
0.3135932984878309
0.4302676282241009
0.47481525235343724
0.4062354137422517
0.33959335362305865
0.34690832550404593
0.2974207192310132
0.3161189647507854
0.27411724999547005
0.3576156738563441
0.31026297982316464
0.3221286329207942
0.35007566993590444
0.3350795544683933
0.4018106586881913
0.28023747802944854
0.3816377896000631
0.40184601536020637
0.424271784722805
0.26798506267368793
0.5357633864623494
0.4081363588338718
0.36079336458351463
0.44835884630447254
0.28898497205227613
0.24926908471388742
0.31003439921187237
0.31848663388518617
0.3138531871372834
0.3918193566496484
0.43967238819459453
0.38577765418449417
0.3224023308721371
0.3434912467491813
0.32485991693101823
0.425285721081309
0.4718603498185985
0.3052760481950827
0.444509438239038
0.26158107520313933
0.6399251499096863
0.4146629279712215
0.5457005699281581
0.3964619472390041
0.3811054372927174
0.32435206562513486
0.42298686457797885
0.2683481373824179
0.36856182862538844
0.3113562553189695
0.34113314060959965
0.4375247493153438
0.301107770006638
0.38798489421606064
0.34439491538796574
0.4901481737033464
0.44255089410580695
0.2407935168594122
0.3268538923584856
0.26320847286842763
0.39003872382454574
0.3269197319750674
0.4620628046686761
0.5622765237931162
0.3702693416271359
0.4307053353986703
0.6059598565916531
0.40205539093585685
0.42488618806237355
0.546097025857307
0.34632968809455633
0.26582821749616414
0.47031568025704473
0.3547328097047284
0.3185863365069963
0.45704981382004917
0.3818425447680056
0.38055864081252366
0.4181888702441938
0.45607758057303727
0.2948316197725944
0.2610771076288074
0.4898381156963296
0.41134093527216464
0.30700764135690406
0.36920019518584013
0.3436590469791554
0.3809108452987857
0.3355756784440018
0.3294064036454074
0.2819095507147722
0.30947537219617516
0.443952317815274
0.24718642979860306
0.29710481624351814
0.6763491032179445
0.41142250288976356
0.5660449758870527
0.34879011381417513
0.34348176553612575
0.4038962456397712
0.543271315691527
0.4458300629630685
0.4041550250258297
0.6116595631465316
0.29252931976225227
0.32377784413984045
0.5000449172221124
0.4211105326539837
0.45502853131620213
0.40636317094322294
0.42791965074138716
0.30977965897182
0.548415461089462
0.22311538615031168
0.39079233224038035
0.28118106513284147
0.287145801295992
0.309415947413072
0.37070411012973636
0.3513014998170547
0.61671764991479
0.2561541123432107
0.47757947305217385
0.3174743682029657
0.3726698311511427
0.30493572884006426
0.30345720815239474
0.2865547137334943
0.3567101664375514
0.3717630987521261
0.42029727465705946
0.31863868376240134
0.4489092598669231
0.31903313158545643
0.3174272896721959
0.5990953075233847
0.4047748879529536
0.5031724675209261
0.3742382657947019
0.24673445103690028
0.35174311394803226
0.42368925199843943
0.34350567567162216
0.3543167248717509
0.26212274690624326
0.5261496502207592
0.3609854139504023
0.49339667218737304
0.3947290218202397
0.44479964405763894
0.3629379791673273
0.5499056308763102
0.3605632942635566
0.6101239209529012
0.4016385532449931
0.24916725314687937
0.3687918286304921
0.20099292014492676
0.5790371089824475
0.4428758439607918
0.31477266538422555
0.4736494579119608
0.5044665253371932
0.46643230208428577
0.4676188892335631
0.38877956283977255
0.25321262748911977
0.25564449978992343
0.3755545610329136
0.3284431090578437
0.35025802825111896
0.3896061808336526
0.4070456897607073
0.36518359594629146
0.35140610369853675
0.25963644398143515
0.29582181660225615
0.5311915809870698
0.2173492462025024
0.2617994137108326
0.23476533649954945
0.37130132457241416
0.7025224912213162
0.36082990240538493
0.3888060743920505
0.34009587130276486
0.5892593081807718
0.31718168512452394
0.447714660433121
0.2886393016669899
0.5941245950525627
0.6273472724715248
0.330991787253879
0.3673662121873349
0.40257514565018937
0.444651959114708
0.3396934358170256
0.20467470557196066
0.3475390250678174
0.3285364529583603
0.3570255129598081
0.5195611829403788
0.4173985735978931
0.587649172055535
0.438279242021963
0.46457349287811667
0.3893050396000035
0.22553815913852304
0.5058314936468378
0.31710704002762213
0.3452412664773874
0.6194229514803737
0.6192897470900789
0.348854296724312
0.3206857097684406
0.5260411577182822
0.3199467823142186
0.22787922830320895
0.44289726845454425
0.5073924147873186
0.42303561978042126
0.3693968285806477
0.331938678631559
0.4200504898908548
0.3900775482179597
0.33248824812471867
0.6999243276659399
0.2913763931719586
0.42826638207770884
0.4755286194558721
0.26609784411266446
0.5139251732034609
0.3229825345915742
0.3122097445302643
0.2769349279697053
0.39873807987896726
0.3739926465204917
0.29420635162387043
0.45330574514809996
0.38740163238253444
0.3265636299038306
0.5990861473837867
0.26120919140521437
0.3454529261798598
0.21743796969531104
0.4336632954655215
0.4395946126896888
0.45277198863914236
0.3491411528666504
0.4020265439758077
0.26243476278614253
0.3468816673848778
0.42654209688771516
0.46141744346823543
0.39859858027193695
0.2665614599827677
0.6132078971713781
0.4248951264889911
0.3035995338577777
0.2821954471291974
0.3058241057442501
0.2445321063278243
0.3531330517726019
0.323706407827558
0.4675851901411079
0.3632106725126505
0.2992376058246009
0.31897579645738006
0.4234034610562958
0.3685789988958277
0.32192262465832755
0.3725541754392907
0.2575602929573506
0.32235427777050063
0.3277317648171447
0.27423217945033684
0.2758309525088407
0.2505617257556878
0.4238640120602213
0.23574600147549063
0.6480999200139195
0.2735995426774025
0.39239271107362583
0.3676231347490102
0.3436561452690512
0.3039326698053628
0.40491688466863707
0.24481940967962146
0.30239108396926895
0.37760727060958743
0.3255174399819225
0.2614087572437711
0.24277964531211182
0.36353489418979734
0.3121893011848442
0.3090898199006915
0.20969376218272373
0.31896672071889043
0.4470770745538175
0.3069430874893442
0.3094878948177211
0.2691370717366226
0.421081748441793
0.3600257494254038
0.5116830213228241
0.4045770125812851
0.21131872152909636
0.3136922655394301
0.3605213201371953
0.3828123830608092
0.38447019236627966
0.35506018542218953
0.3148927904549055
0.2966173343011178
0.33088787575252354
0.2510815475252457
0.5290431906469166
0.4816198897897266
0.5321254043956287
0.3271725242957473
0.3942070050397888
0.34031903819413856
0.1951042647124268
0.44964208744931966
0.4762992331525311
0.3111914491164498
0.2943983357399702
0.4828447660547681
0.3109047678881325
0.43730493332259357
0.3451115127536468
0.36282705451594666
0.423739577003289
0.3930653916322626
0.4788159300806001
0.42331746517447755
0.6071995285456069
0.4887466380605474
0.365179093379993
0.3616199283278547
0.3592932384926826
0.4424252196622547
0.373585622292012
0.4364610173506662
0.45996741979615763
0.2818429722683504
0.2161234281375073
0.26596352449269034
0.40657203350565396
0.4992645657621324
0.31825831974856555
0.23119290766771883
0.31570119148818776
0.3553228270611726
0.2510485556558706
0.30069796118186787
0.3232773240888491
0.3027611362049356
0.36394188459962606
0.2572473916807212
0.272388597659301
0.46235471247928217
0.28200825268868357
0.5470873668673448
0.32928373519098386
0.3109357494977303
0.4373340959427878
0.22905879188328981
0.46859834663337097
0.43050262168981135
0.31030545238172635
0.5998086617328227
0.237743052537553
0.333984334487468
0.43258448399137706
0.344191012554802
0.3202516491874121
0.23272658087080345
0.46752276725601405
0.27039874717593193
0.43475503934314474
0.2959259121562354
0.31117019575322047
0.26730530615895987
0.18063591298414394
0.24869691208004951
0.3272249663132243
0.20789062703261152
0.417397117940709
0.2843920926679857
0.3540672220988199
0.32155439638881944
0.36963163112523034
0.31567006680415943
0.3219425423303619
0.38283079842221923
0.40024043107405305
0.20629456889582798
0.34922365442616865
0.29659169720252976
0.4866233443026431
0.35034329345216975
0.2990001798607409
0.2160827549523674
0.5188168967724778
0.5456333774491213
0.37284522358095273
0.2534035494318232
0.36202068720012903
0.31951126939384267
0.426344595849514
0.2954810914234258
0.28533988632261753
0.2148990443092771
0.33458057459210977
0.215742657717783
0.5340520937461406
0.22865422628819942
0.2973193845245987
0.3226698480430059
0.3045763932168484
0.5233314769575372
0.41665382304927334
0.2975249630981125
0.4370188213652
0.46733568207127973
0.2334320432273671
0.34297830186551437
0.3087910498143174
0.32142240362009034
0.33428783214185387
0.3317147316993214
0.2735566209303215
0.3408553885528818
0.3077898260089569
0.3404679296654649
0.4116701146122068
0.5056359196314588
0.4425827788072638
0.29365377308567986
0.26250720518874004
0.4063897840678692
0.4027416998287663
0.3951352441799827
0.3699451582506299
0.28463615622604266
0.23372071248013526
0.3967685724492185
0.25102937821066007
0.33990166190778837
0.3488622061558999
0.58434905129252
0.3099775233422406
0.4558164338232018
0.22874384932219982
0.21645416010869667
0.39454916038084775
0.2636910857982002
0.3286864613182843
0.26158967131050304
0.4014649610617198
0.23119842651067302
0.34980983118293807
0.41180441639153287
0.4146108759450726
0.24810569518012926
0.36081580619793385
0.3069695029989816
0.5053456499590538
0.29245754808653146
0.3826854783692397
0.2693950431421399
0.17177095642546192
0.3866708193672821
0.2330578586552292
0.34456209593918175
0.3282178195659071
0.29852484964067116
0.16930621239589527
0.3044772798893973
0.2045960749965161
0.24824847088893875
0.401585187879391
0.2553375310380943
0.27765331172849983
0.1809713674010709
0.34573987807380036
0.25102880789199844
0.3341066013672389
0.2830586045747623
0.310028824780602
0.30837103800149634
0.24188981781480834
0.34834788140142336
0.27156786946579814
0.35933545063016936
0.3867075251182541
0.2856131959124468
0.3420062953373417
0.47063405701192096
0.26851250673644245
0.33175377472070977
0.4590324128512293
0.28968243673443794
0.24582214624388143
0.2706858235760592
0.34249338402878493
0.2543232794268988
0.4394193945918232
0.2882927970495075
0.24080167280044407
0.363798025122378
0.274053933826508
0.326839889108669
0.2774558121454902
0.40339186653727666
0.1537636197754182
0.3735056252917275
0.24206373444758356
0.3237304207868874
0.31039736926322803
0.5702952796127647
0.2993714330950752
0.2706028112443164
0.2118614813662134
0.49944334710016847
0.4383346402901225
0.1740175163722597
0.35799895838135853
0.3315671680611558
0.3609252026071772
0.34316267946269363
0.384713058010675
0.26571206224616617
0.298627506068442
0.4418646452249959
0.23119758407119662
0.28104139503557235
0.21538950921967626
0.4484857160714455
0.292514281172771
0.3613129121949896
0.36868026957381517
0.28202042641351
0.3544910151977092
0.4392535144579597
0.319817846553633
0.3405078944633715
0.2138007763423957
0.2010491059627384
0.4452521799248643
0.4121030475362204
0.3056888786959462
0.29870210075750947
0.3221206875750795
0.4245417964993976
0.32297512906370685
0.5522333541302942
0.2444498962140642
0.399476695980411
0.24507923459168524
0.29355904273688793
0.3393675454426557
0.2646216775465291
0.24769808066776022
0.2870646624069195
0.4405810481403023
0.18382781144464388
0.2188596658525057
0.3099635927355848
0.264090929122176
0.3384061331162229
0.2709890866826754
0.2436250215396285
0.2612570303026587
0.28396309027448297
0.37560805946122855
0.2815580383175984
0.3541092849918641
0.26459485571831465
0.3668100953218527
0.46305619610939175
0.29929726995760575
0.34790812974097207
0.21939130843384191
0.4891868212725967
0.35590802642400376
0.2588253982248716
0.4250075399468187
0.19940108672017232
0.24373330478556454
0.36889455356867984
0.33531198446871713
0.22593209653859958
0.31714751350227743
0.30726099730236456
0.2758242220734246
0.22300968342460692
0.24256363161839545
0.25744566752109677
0.2667320399777964
0.16957371192984283
0.31024030706612393
0.3239856027648784
0.25737949914764613
0.367067412706092
0.29655725456541404
0.2538155271904543
0.4249706295086071
0.21638671931577846
0.2594410854508169
0.1934682158753276
0.21696666756179184
0.1858762075426057
0.35370555048575625
0.2220568485208787
0.2551029851892963
0.2893652090477565
0.3396022871491455
0.28797628742361825
0.3617472108157854
0.2737530851884494
0.24286791327453794
0.2692245325398824
0.25999527903539793
0.2511328495447598
0.3553501899161982
0.286769437529738
0.2951656721887134
0.2150493407296756
0.3452113943085784
0.2188563844750798
0.22419973439167415
0.17330118514124362
0.21899894459380043
0.23965495198018968
0.19136739646395048
0.20646768766972753
0.39919035302268135
