0.0024950407182586787
0.0005022432667374233
0.00188012312776209
0.0005606850018011755
0.0002984077193559642
0.00022042270632027794
0.0016839892504094678
0.00110065466492415
0.0005414971716390937
0.0006429181909197723
0.0025862402881102753
0.0015875328329002514
0.0013841210047758068
0.000989903854701879
0.003010954753108308
0.0019500940416037338
0.0020211610790283885
0.0018685322618239297
0.0037947246868270668
0.003046218701001635
0.002719973352668603
0.0023808378571175126
0.004516423889526777
0.002559492118507478
0.004135825480489075
0.0028358401443711045
0.005175487861379224
0.00466423078137268
0.004273437530173396
0.004159332799417825
0.007312175227980333
0.0048448803704559396
0.004057118255104797
0.0041712566930982575
0.006358705470574932
0.005990537711113575
0.005351773448637687
0.004827420953006367
0.00879264217724085
0.006591937398297887
0.005937329412972758
0.006486320574140336
0.008018778715722874
0.0076064742452217615
0.0067965535267831
0.01048771333626064
0.008823240073979832
0.00639264863821154
0.00811193124491183
0.01090679695516883
0.008141706757669454
0.009088293930290092
0.009608828087493748
0.009559000935496442
0.009938606095147406
0.007800470592883357
0.013045975212662597
0.009852409219547553
0.007292701494407083
0.008075936002569506
0.010537740450672572
0.01197332803349127
0.009757155668921769
0.009097704944451834
0.0115621570539588
0.00982522812046227
0.010122083637725154
0.010674620646568656
0.012082325789378956
0.009256360994186252
0.010452393487412337
0.011592332522013749
0.011262495232131187
0.011553565057056403
0.010454654295699584
0.01374256722510836
0.011371198143933725
0.01341227829516356
0.01074383026571013
0.0176373492613493
0.013301345975378354
0.013803441369418579
0.014747580098628532
0.017078421564292512
0.013883964206797828
0.014412306816666387
0.016807687506116054
0.018746477101558412
0.014116380794803263
0.015190540082585358
0.015758153629576555
0.017378664306306746
0.019557611941309005
0.016162580277523375
0.015822319659491768
0.01774883713824238
0.01840454222747212
0.018719131355283025
0.017025109706992225
0.018501080105124856
0.014893649699843081
0.016508396635799727
0.02034120218922908
0.018934256951979478
0.013333331975445617
0.01617625785729615
0.01988112860090041
0.019990365339253913
0.013983835934595845
0.021177987382543506
0.021770778690552106
0.021438572333863704
0.020435237132915063
0.017380398876412073
0.018297371792868944
0.01871984363970114
0.024008958251215518
0.026610728724335786
0.022878659034176962
0.020085870932234684
0.02584776123148913
0.03027830022983835
0.027799814066383988
0.0264221107463527
0.02427142538181215
0.018770080680042156
0.0280594657160691
0.02039699846318399
0.02686366733723844
0.031029854182634153
0.023621891801667516
0.021696669648008537
0.030782724543314544
0.02233328899819753
0.025119277383055305
0.023543295177660184
0.0315893210372451
0.026194469222900807
0.02668627667480905
0.03690967858165095
0.02275834534339083
0.030467258737189695
0.02852962297765771
0.03923919606495474
0.03445850694697583
0.025115874192124465
0.02865783575907699
0.03465840660101094
0.02877568937765318
0.030713452253621654
0.034291411848244024
0.03470921588814235
0.02942596486900584
0.03601743817853276
0.03754495304201555
0.03273584593262058
0.031157356050243834
0.03527828509504616
0.034725112996966345
0.03918846959459188
0.033698069770252914
0.04238736117622466
0.049392381180950906
0.039383952964271884
0.0321858595671074
0.041591418492316734
0.051758331355813425
0.04074029937692103
0.0404447977343807
0.03706588801651378
0.05107086062344024
0.0428098205011338
0.04364595729748544
0.0447811569829355
0.054188282450923
0.04462808544849395
0.042926713307679165
0.04384428718913114
0.04282785893519758
0.04628149528798531
0.043556907588936156
0.05067788466840284
0.05263503483729437
0.04937106521902024
0.05407464580639498
0.053529145145148505
0.05243605646319338
0.05122927810589317
0.048979742194205755
0.048903805120062316
0.04936812863161322
0.05683687013151939
0.056434441878082
0.03948222972758231
0.05239971295668511
0.06319817198163946
0.057561309571610764
0.06914852129193605
0.0556177828075306
0.05706441106667626
0.05572542260051705
0.04872829574014759
0.06384621514735045
0.05439618623131537
0.05168104016047437
0.06327492560012615
0.08184474624431459
0.05786240890301997
0.05617995940701803
0.04982594190369127
0.051556841393903596
0.05537678291875636
0.05608945317362668
0.04270873477435089
0.058380498452606844
0.07629120550700463
0.07735394512928906
0.05611884097743314
0.06045110688501154
0.06492777362655033
0.06533275913534453
0.06565767779466114
0.05658162705367431
0.06345472760585835
0.0787186319976172
0.07031595717126038
0.07209633911770652
0.0580821870098589
0.061975188236829126
0.06978544993762625
0.0659773426814354
0.055471511084761005
0.06908849269530037
0.055335439119517105
0.0666259080535383
0.07511568888730835
0.07123930989109795
0.07609145152673591
0.07469616898015374
0.07611081608047243
0.07959180738544092
0.07273804590658983
0.08170316696487134
0.06869453698891448
0.08069179117592284
0.08136773393198382
0.08293934430912486
0.08297017106087878
0.062452039043382396
0.08418704883202793
0.07681450495261728
0.07844158029550408
0.09376426690118754
0.08845079506153432
0.09297932288426114
0.06898709017724737
0.10119672711410625
0.08953953683229647
0.09571204157032835
0.09318716584990813
0.0746651557604159
0.0851733066750265
0.07565642159256175
0.09329431826674094
0.09070188092346501
0.0971593843318346
0.09603119302746349
0.09102933139606255
0.09067103470580315
0.09873146695766861
0.10651454964549992
0.104989789404327
0.09873256005904102
0.12051641631607465
0.11109856153127011
0.08072823382122075
0.11243606657596437
0.10727673626732169
0.0996151145356964
0.10653839088741719
0.09729417025544278
0.09889029872816378
0.10824064906745211
0.12441266028899846
0.10580084302029975
0.1201203836377446
0.1123183205591764
0.10068119004896776
0.1001724019925308
0.09047658041882234
0.12493144765525586
0.09349337500322052
0.11223160929420567
0.10820283496561717
0.09706258181643886
0.08883155425497162
0.1415840246252657
0.10156562939784892
0.11732607525516683
0.13002969087724844
0.1145801297865632
0.11843761739387053
0.12728195036138137
0.0922956040759725
0.1159191946095721
0.10322013700483587
0.10522833880125068
0.11844991579446501
0.10939955596966068
0.12685695048568285
0.11529493235110298
0.12382433774668401
0.11167103619732725
0.12120859671061433
0.11900705721698643
0.11879138094116384
0.11042002163915418
0.11666183191989585
0.11830958009030171
0.12646768911646342
0.11640816712825316
0.1095836821899522
0.12907172372843337
0.12474083931251305
0.1311811399316107
0.1544415343142166
0.126225911825162
0.11527208499903754
0.11937780715671815
0.12176803832389707
0.11902209793723474
0.11396869293993384
0.1514530804110911
0.14589235207843265
0.11868452304226207
0.12608692843437663
0.1319989267018015
0.1524884717421621
0.12354782407032693
0.10421627355138148
0.12015324446013359
0.13102181714145453
0.15749841440087697
0.13945170885729274
0.14867461814479097
0.14376718487121223
0.12723372051653664
0.1468000745943447
0.15038488606563
0.11771137580480867
0.11901427399161763
0.11846858877541981
0.16379529562610107
0.12193892749510413
0.14110110728730133
0.14270150144474478
0.14776065317165898
0.16302268195340014
0.15950619928010806
0.14697746963306205
0.15134142139765222
0.12245219311581587
0.12487234332136751
0.14161421650448652
0.146796670449003
0.15701070455027613
0.14945316821424745
0.15980462426334385
0.13570096567419804
0.14564798445272165
0.14616581662668018
0.1351248324797379
0.1513665155910953
