0.008350350577188692
0.0006475944727526439
0.002842862601106333
0.0035813765698264888
0.0035259386866357545
0.006467528973310266
0.005847707771181376
0.006307681138657983
0.008154760110880233
0.008677386684645683
0.011034881130697727
0.011610811448299785
0.010430211855112503
0.013460254342327005
0.013820368471066047
0.01343818266519392
0.018360849731390516
0.016001979378346576
0.01714384916808953
0.017000845778063933
0.017814879579499454
0.017360296823362376
0.020295931001403478
0.021819609333353363
0.025136383072400292
0.02396699537393765
0.02155712247362329
0.026629997165997565
0.029066083836199574
0.026312788129133402
0.03311791737811731
0.025768579132043
0.026618477412825747
0.03188802848757177
0.030273509489489925
0.03496874650528525
0.03743387211419513
0.027262294592108383
0.03238917705624367
0.03498732644830582
0.03907858625836269
0.0367289712754193
0.03478742580960059
0.02987120063099269
0.041384530211828974
0.03737125934075891
0.03932597697977869
0.03992378875607372
0.0399118142785273
0.04371871695412466
0.04465636374835924
0.03562653079756295
0.04048545817160765
0.042960014093301524
0.056399721174535955
0.05905063392341248
0.05492286551032777
0.050084750339937756
0.04992610214886639
0.0468738716302326
0.0548361094401173
0.0578523864642051
0.050871235230310674
0.05030620783955442
0.044874945085135565
0.05903464151072768
0.0577723980727427
0.0642886426728353
0.05791304425365773
0.04210383836776721
0.06368092733680797
0.059236880693195104
0.06431168770266282
0.052997202544560196
0.06094130264192543
0.06511314484230013
0.056332131195404145
0.07108773445063576
0.058534423332524455
0.06431042446232027
0.0653863510760857
0.0696497017406017
0.07524152437777154
0.057280023868418795
0.0750390006444448
0.06756881274256088
0.06835081408555865
0.07189885545793118
0.07114272416138334
0.07674715644832819
0.07913937907668611
0.07987029720012373
0.07513775625533725
0.07137066924372348
0.09708683887228631
0.07133573435236684
0.07672534371953077
0.06794143374681383
0.07212269009563954
0.08104463013730978
0.07679635296810261
0.07191921583830663
0.07829988506999186
0.08218737604786241
0.08417163013767492
0.08259748943457801
0.07999392783486314
0.0829854683333835
0.08229924136931999
0.0723595161814572
0.08399071679206571
0.07772503259508312
0.08877565632367634
0.07868475125223995
0.08745028191372484
0.09447023845667246
0.11241950420220803
0.07225478307785238
0.0719889505144451
0.0771710988106129
0.09781678181573739
0.09915308664932354
0.08065465451476683
0.09133750710788036
0.09587872258755681
0.0906112801638983
0.08070394643682022
0.10152995516358487
0.0807144806648381
0.0952910127135489
0.0927041165027589
0.10216064288775328
0.07158450295075625
0.09988727422356192
0.09389664790704444
0.08237031884787882
0.08834596446936871
0.09547259440365252
0.09233898716894373
0.10419486878745943
0.10639983194334945
0.0785403209282336
0.10896926066777723
0.10173477786641882
0.0974853118000567
0.0797160884725443
0.12744836192483433
0.0969932452508857
0.10160781483320136
0.11076369665093111
0.10247986800905551
0.10020571872624373
0.0855488153205215
0.11228062452360632
0.10529732651485801
0.11182389882155519
0.12242909384943346
0.1152979655405062
0.10812551309459195
0.08772593918925509
0.11412335293829301
0.10806279783855643
0.10097689778247343
0.10212259300365645
0.10516615278061892
0.09793999153674093
0.10552518377912179
0.09322953533180112
0.09625887423536739
0.0951823528884006
0.1204636961750225
0.09214242207457346
0.13073048150302213
0.11679755346474963
0.09383182412848612
0.11858835843474935
0.08979588759653012
0.11125673108206513
0.11681140098045262
0.12168553701036444
0.12434629158344279
0.09862206018044617
0.12990637763979862
0.1085955651889492
0.09786338968797281
0.1169345005140201
0.08358369587483594
0.10756736229421904
0.10283082042334968
0.14551252852268703
0.08729501609596113
0.11753405003848627
0.11820333597461286
0.11219303301841421
0.11844230690178392
0.12736082023309336
0.10676179619989057
0.11513911524156129
0.10465958490206617
0.12279930102292269
0.11136264466215096
0.12871884352179563
0.1283114558605405
0.10695881896856463
0.13239194735950832
0.14293829028105165
0.12667897303737163
0.10661695075307875
0.12947544440419279
0.11664864734814273
0.11483462073709916
0.11814410872872827
0.11968867009545647
0.12361171636933932
0.14007826846977878
0.10442379867697582
0.10028376682521412
0.12645770535294787
0.12398894416429584
0.11513776292483158
0.13870312670282203
0.11750883641332877
0.1043954743967106
0.11836416009396089
0.13795240840397582
0.09780752207042553
0.11287878570072962
0.15131330427936973
0.11350948687442042
0.11651512398233876
0.11837283444393165
0.1325099592347101
0.10826689750368246
0.1255725920273676
0.12234195188807462
0.10871200168350015
0.12298882370711794
0.15589097790712003
0.11754728215942123
0.1162625757482374
0.13475954359228126
0.11828128906665825
0.1217927900961513
0.10900179776558616
0.1460653519110906
0.10575637344777533
0.1403531549563013
0.12765730494925265
0.13458142726210554
0.13728159908987436
0.15445924091409324
0.12580416015396167
0.132933800919659
0.11058551386997806
0.12203316647674001
0.13856990875660813
0.12385727587411566
0.14638757720217654
0.12451427773021351
0.10230808722712936
0.11402722080470085
0.15398008801639662
0.13173532426458223
0.14646102824872287
0.1453487226958714
0.14105425004618155
0.11489529310392754
0.15211162145487833
0.16315406261105636
0.13305589150695596
0.11042198581344564
0.1154872594884182
0.1264473188464308
0.1570322894169749
0.14567850794173864
0.12070157466723686
0.13900356107069456
0.15476832677404673
0.1350075659815957
0.16216984014863556
0.15107621173387997
0.11094229720060866
0.14270517991235465
0.1591904625056486
0.15974220386829074
0.14809101334139996
0.156265803810129
0.14359203740650628
0.1439369163149422
0.12996000957127762
0.12028706429509839
0.11707699009366479
0.11926890847098548
0.16446174551538206
0.1385271425224346
0.13432992023308543
0.12700816408641913
0.1438072281598579
0.130065713690783
0.14241878850862122
0.13131248177887755
0.1707680003664791
0.14502463943517796
0.1628444153648161
0.13832473448314886
0.12576169190469955
0.15670106110837878
0.15025623127803556
0.13686619925465493
0.16458411027088005
0.15552576758182113
0.15064027782773337
0.14596829694801272
0.14126617718511625
0.1260891738393184
0.13068079232198215
0.15222684814943932
0.10810407585222492
0.15602936855248117
0.14671863913281413
0.13250640097612632
0.1567575403887531
0.16684787152826175
0.14003368714020326
0.15121108078801626
0.15396454828442074
0.13702871651457826
0.13713046030898113
0.1536771912333279
0.14305484288615844
0.14206477117841132
0.1564064268313814
0.1284973933288711
0.13018461688625393
0.15189252622622007
0.12552791736197833
0.14965913390915375
0.1566733072304487
0.12957788453059038
0.15832850248625618
0.1462849152230774
0.13729675349168247
0.12540544278454036
0.1306348404432356
0.12491658644285053
0.14548242810633383
0.1318232923404139
0.1702027172250382
0.12849707941131783
0.1639544054705766
0.14880622326745652
0.1582054345344659
0.15220841977134114
0.12709550021099858
0.1546811467342195
0.1509763274807483
0.1470176552720659
0.15931266294501256
0.14619123790907906
0.15413448406616226
0.1704582551974454
0.15889946799143218
0.16655936648021452
0.15538745430239942
0.14920262664963957
0.17769558131112717
0.1443974142021034
0.16998378987773322
0.2055735242611263
0.18983868126088055
0.1743301743408665
0.22152259389986284
0.20605747986701317
0.19690373295452446
0.17702048692444805
0.20631737831718056
0.2051113308989443
0.2151961131457938
0.24695119466923643
0.22445886084460653
0.2505684238130925
0.2500174427550519
0.2402388264599722
0.2629121337813558
0.2565271002968075
0.26663972037204076
0.2817404191882815
0.3050280864263186
0.2757284571125638
0.37000677853939123
0.34022168614319526
0.3353837439790368
0.29391571308951825
0.3280468046432361
0.3429619896051008
0.3052158645587042
0.30998932861257344
0.3440840013208799
0.381654838565737
0.39938140782760456
0.41063254507025704
0.3552341971662827
0.4064520235406235
0.3736467998533044
0.4760189208900556
0.46850054938113317
0.48144589009461924
0.4361899861251004
0.4577639120980166
0.46622723087784834
0.49957112362608314
0.49780218268278986
0.5747046931064688
0.5590193431125954
0.4563068996067159
0.5471493016229942
0.5629282378940843
0.5600736585911363
0.5512960252235644
0.5684292974183336
0.599405612621922
0.5501559711410664
0.6149059248855338
0.6705736638978124
0.5728074435610324
0.6783947463845834
0.6006588658783585
0.677093698293902
0.611378617817536
0.7537569089327008
0.7332686205627397
0.7125605426263064
0.74039515433833
0.7106400271877646
0.7994519572239369
0.8824389568762854
0.8545816011550859
0.8221626187872699
0.8156979692967858
0.9136768428124781
1.014097491117913
0.7630410055945239
