0.47160414478275925
0.5392240750370547
0.49951217707712203
0.42787207005312666
0.4702823694678955
0.3985680571058765
0.4542604233138263
0.4601623979397118
0.4891564234858379
0.5161124878795817
0.514387245872058
0.5462971127708443
0.5393491862341762
0.5008663753978908
0.5055714488844387
0.44985690142493695
0.47432100714650005
0.5114467196399346
0.5472200954100117
0.4821101486450061
0.47008916176855564
0.48780057136900723
0.5045737557811663
0.4989519699010998
0.523053651326336
0.49403376725967973
0.517675262177363
0.5478109428659081
0.560377613059245
0.5974814527435228
0.6013397428905591
0.5912016541697085
0.5187587197870016
0.5070992009714246
0.47109673265367746
0.559918518178165
0.5587627800414339
0.5610109073459171
0.5324981730664149
0.511095235357061
0.49787128530442715
0.5036077511031181
0.5228029424324632
0.5479889898560941
0.5459890677011572
0.4728094393503852
0.5069954941282049
0.5024239637423307
0.5577491674339399
0.5816860320628621
0.5736796491546556
0.5247316433815286
0.49894203268922865
0.5583381730830297
0.5797952907159925
0.48469538195058703
0.48350111150648445
0.5417147567495704
0.5197475668974221
0.5113308464642614
0.5842495613032952
0.5572482389397919
0.6135790044208989
0.649231297778897
0.5887080081738532
0.5501160903368145
0.5628728567389771
0.6021857183659449
0.645338999805972
0.6507498549763113
0.6656823477242142
0.7099426550557837
0.6586757057229988
0.6864394843578339
0.6387526838807389
0.7023017453029752
0.6199596396181732
0.6099732944276184
0.5886672978522256
0.6781762534519657
0.630899531301111
0.6032788556767628
0.6333062766352668
0.6506197865819559
0.5926375662675127
0.5866791288135573
0.6015088274143636
0.5924415497574955
0.613362475647591
0.5508376994403079
0.5690141130471602
0.6142521970905364
0.6337770572863519
0.624777500750497
0.6370610774029046
0.6295485279988497
0.6319441832602024
0.6276019114302471
0.6894999752403237
0.6634472412988544
0.6571996512357146
0.6431590106803924
0.6408595547545701
0.6049628752516583
0.6429679832654074
0.655443013063632
0.6658431058749557
0.6232485885266215
0.6460530569311231
0.631250957492739
0.67532015114557
0.6343343041371554
0.6579223747830838
0.6542403899366036
0.6347872223705053
0.668584871920757
0.6019200523151085
0.6301860404200852
0.6198379304260015
0.6943262231070548
0.6155636127805337
0.6630905631463975
0.6533719077706337
0.6231097258860245
0.697013647062704
0.7312680322211236
0.7165320554049686
0.7380597197916359
0.6939274785108864
0.6940807967912406
0.6877347480040044
0.7048166856402531
0.7335340466815978
0.6944663657341152
0.670705119613558
0.653609391534701
0.6834371396107599
0.7440839783521369
0.6382759517291561
0.684980395832099
0.676532217534259
0.6926476238295436
0.6941639833385125
0.7645450653508306
0.706164037110284
0.696165345958434
0.7294903959846124
0.7719100089743733
0.76350593555253
0.7283948250114918
0.7259624706348404
0.743893654900603
0.7678174686152488
0.7177905703429133
0.7548591769300401
0.7204101188108325
0.7376593583030626
0.7592001706361771
0.6987404166720808
0.7656926941126585
0.7157903821207583
0.7167023726506159
0.6876982658868656
0.7079032884212211
0.6616378136677667
0.7157932170666754
0.7015455027576536
0.7130993234459311
0.6868738209595904
0.6875630493741482
0.6646238326793537
0.625102840247564
0.6552848988212645
0.6928828555392101
0.6900332107907161
0.6718927720794454
0.6510132043622434
0.6651967694051564
0.6532161587383598
0.6619727738434449
0.6533994632773101
0.6985254297032952
0.6607749450486153
0.5846720591653138
0.6298476262018085
0.6566774640232325
0.6451042586704716
0.6811939019244164
0.6497125715250149
0.6185303598176688
0.6477900262689218
0.6093384573468938
0.6354278089711443
0.6635107903275639
0.6339809026103467
0.6325740341562778
0.6028921789256856
0.6072592535056174
0.6003131436882541
0.617217582766898
0.5965225212275982
0.6457753467839211
0.6304212823743001
0.5816314639523625
0.5808169364463538
0.606431626714766
0.5758568468736485
0.5319014806300402
0.6010370021685958
0.5948567116865888
0.5660462061641738
0.6018682474968955
0.5592918368056417
0.6095008217962459
0.5626046924153343
0.5773331472883001
0.5526247695088387
0.6167708626016974
0.5571872745640576
0.5228979942621663
0.5258372826501727
0.5369955176720396
0.6131951393326744
0.5583253883523867
0.5972730737412348
0.5204875824274495
0.527308507473208
0.5445682314457372
0.5434922699350864
0.5491502664517611
0.5503897060407326
0.5457888676319271
0.5675961980596185
0.5585773155326024
0.5043477972503752
0.5602265470661223
0.5470883081434295
0.54095852910541
0.5609195278957486
0.488387011224404
0.5040035396814346
0.5419009412871674
0.5191524116089568
0.5548023742157966
0.5251233680173755
0.5671612708829343
0.48676159675233066
0.5046804118901491
0.5416934576351196
0.5155059824464843
0.5127431761939079
0.530430935556069
0.5360661797458306
0.5045622389297932
0.5292465387610719
0.5007107686251402
0.49427766737062484
0.5274709922960028
0.5311279230518267
0.5267768816556782
0.5324927369365469
0.4945691166212782
0.49856158753391355
0.4578113293973729
0.4691299598198384
0.5110504842596129
0.47981217061169446
0.5095027857460082
0.5128913767402992
0.5105624651769176
0.45485002582427114
0.49571212055161595
0.5496702855452895
0.5265027912100777
0.49801686755381525
0.4745263709919527
0.5225739252055064
0.49308764713350683
0.4684661120409146
0.41075304080732167
0.4510070461547002
0.46260041021741927
0.4889584459597245
0.47338015923742205
0.4740816473495215
0.4801053531700745
0.4512091448996216
0.510748228058219
0.4545020235236734
0.4735160245327279
0.4669027852360159
0.4831788884475827
0.4352909402223304
0.496916159754619
0.45259306638035923
0.48803312063682824
0.42726463137660176
0.457173484377563
0.497342836111784
0.43236439785687253
0.45738620415795594
0.4788022906286642
0.46223273291252553
0.4579213709803298
0.4592273815651424
0.43741001264424995
0.4889254183508456
0.44239486439619213
0.4508279307046905
0.44899986556265503
0.45506919571198523
0.44471460732165724
0.44786581909283996
0.4084170376881957
0.40382196713471785
0.4568560376064852
0.4350126163335517
0.4035121102933772
0.456637759343721
0.44512356736231595
0.4079240098944865
0.4278418926987797
0.46353770582936704
0.4586161384359002
0.4150436364579946
0.43516329932026565
0.4183602303965017
0.43587048375047743
0.4244237443781458
0.41556258348282427
0.43636537168640643
0.43942655820865184
0.4490369400009513
0.4511664295569062
0.41754578513791785
0.42663932975847274
0.41427259577903897
0.43628798821009696
0.42236751737073064
0.4065896276733838
0.41290037834551185
0.4445752663305029
0.43367805052548647
0.39532171632163227
0.42526505136629567
0.42058412212645635
0.4191605976084247
0.41642578778555617
0.40194884687662125
0.42861637129681185
0.3883657982805744
0.4006778012844734
0.4369539190083742
0.44195897935424
0.39741875790059566
0.4128411724232137
0.4174421118805185
0.40473586262669414
0.3744972023414448
0.41102769796270877
0.38093897578073665
0.3899408953730017
0.3867313454975374
0.40563668607501313
0.404519644100219
0.378114839841146
0.3661675958428532
0.40597393072675914
0.3740977719426155
0.3742534634657204
0.4256215352797881
0.3503146347939037
0.3968674718635157
0.3627194399596192
0.3830823784810491
0.39368701342027634
0.4112836440326646
0.392435671412386
0.3886217251420021
0.3804139280691743
0.3681116185034625
0.39646822615759447
0.41610202827723697
0.38763337588170543
0.39933710533659905
0.38087758084293455
0.3364572964492254
0.35862716822884977
0.37691256031394005
0.39411930908681825
0.37925034831278026
0.38464209879748523
0.3772547547123395
0.37231570633593947
0.3499931845581159
0.38235404674196616
0.358849091862794
0.37716393847949803
0.38819668744690716
0.36034353799186647
0.3219305530656129
0.34670265548629686
0.3539094610023312
0.36137361312285066
0.37276608328102157
0.37439156882464886
0.3493836580310017
0.3459971087286249
0.3664344559656456
0.3592521726968698
0.3626918499940075
0.3382588463719003
0.35453028115443885
0.3497324869967997
0.3552385490038432
0.36730146006448194
0.3666181177832186
0.3609585237572901
0.3519389523426071
0.3409064721199684
0.3315757393138483
0.35200394719140604
0.3553928980836645
0.3740852422779426
0.34866771614179015
0.3369045560248196
0.3652153317234479
0.3621079449658282
0.37628788425354287
0.3483809046447277
0.31578900618478656
0.3567420725012198
0.33541149547090754
0.33791989216115326
0.3428215139429085
0.3395042209303938
0.36097221536329016
0.33207567885983735
0.3503791615366936
0.32723230199189857
0.33664071711245924
0.32921317988075316
0.3100884187151678
0.30494481761706993
0.33222562342416495
0.3503853451111354
0.29622278932947665
0.33928163879318163
0.32130454998696223
0.3316585093853064
0.3486861896235496
0.32140779396286234
0.31367523805238307
0.3305494777741842
0.31114678672747687
0.32816611090674996
0.33015398221323267
0.31504005973692983
0.33954641432501376
0.32502512069186196
0.33262844872660935
0.31160142953740433
0.3246189653291367
0.314468098571524
0.29239937040256336
0.30968890560325235
0.3135353793622926
0.3574212201638147
0.3231878621154465
0.33092023205244914
0.3365293664392084
0.3006245507276617
0.31225589383393526
0.35633288108510897
0.3021436341223307
0.311660869338084
0.32919146376661956
0.2983413552865386
0.28635080327512696
0.3151921959943138
0.3251441720640287
0.32741084217559546
0.32561913022072986
0.31569709529867396
0.3151822935324162
0.3456262675463222
0.29224811744643375
0.2927120733074844
0.33375088742468506
0.32863322691991925
0.34745918650878593
0.2906911702011712
0.2839296563761309
0.3018274461501278
0.32137608813354746
0.3046345565235242
0.30735448631457984
0.3169705829350278
0.31550161383347586
0.3215140358079225
0.3026836014469154
0.27905448467936367
0.29654591443249956
0.2831025256891735
0.29535767575725913
0.2821256809984334
0.3130909799365327
0.307367799046915
0.2981678116484545
0.29342915856977925
0.29632387799210846
0.3123457579058595
0.33717316220281646
0.2947874084347859
0.31750800128793344
0.3283719715545885
0.29185453633544967
0.3059127566521056
0.2856825375347398
0.2934605784830637
0.31048588175326586
0.2876660471665673
0.27275943860877305
0.29820523876696825
0.2919267462566495
0.28243103506974876
0.2724730768240988
0.2641683391411789
0.2853303736192174
0.29371087899198756
0.2650230407016352
0.27845326729584485
0.3008900948916562
0.2902968940907158
0.2768376484164037
0.3015741718118079
0.29034340276848525
0.30658232857240364
0.3011414714856073
0.3054613684071228
0.3017760689253919
0.27005276549607515
0.30436009366530925
0.26255544112063944
0.2928986572660506
0.2687844055471942
0.2765699347364716
0.2879653075360693
0.312781447195448
0.2945369254448451
0.2668155780993402
0.31356871128082275
0.29095133603550494
0.2715214649797417
0.2904434690717608
0.273077393125277
0.2946090733166784
0.29963243956444785
0.29456383420620114
0.2970558314700611
0.26977159990929067
0.281914797029458
0.30017795192543417
0.27479984308592975
0.2897962480201386
0.28422522981418297
0.3032054441864602
0.29442346387077123
0.2789141730754636
0.28435735416132957
0.2923355372622609
0.2854277676669881
0.27746087999548763
0.291241402621381
0.28162989945849404
0.2863055390189402
0.28262874082429335
0.3073405410978012
0.2942597424262203
0.28543572896160185
0.27605323016177863
0.3024498667800799
0.2835170480539091
0.272455339145381
0.2842143231537193
0.29766701557673514
0.2970924477558583
0.2637722099898383
0.3306848232750781
0.2938881988520734
0.28338182938750833
0.27043716137995943
0.29112973192241043
0.29246246739057824
0.2960334958625026
0.2801608170266263
0.26242488296702504
0.29646969406167045
0.30075716553255916
0.2654873617575504
0.281492693873588
0.29788346809800714
0.29741659690625966
0.2684737219242379
0.2963518995093182
0.2813234429922886
0.2890539300860837
0.29944079980487004
0.3018295963993296
0.2833229665993713
0.29263379314215854
0.2910995978745632
0.3232959803426638
0.3139945499715395
0.30744148761732504
0.28863997862208635
0.2626829782384448
0.2996011791401543
0.27424875093856826
0.3003472958225757
0.28987441485514864
0.2795416223234497
0.28470900823595
0.2835903384257108
0.2858998948941007
0.29647604300407693
0.2796560838469304
0.2879501935094595
0.2779863905743696
0.29339941864600405
0.30558137909974903
0.2745196567266248
0.31340592249762267
0.2735379067598842
0.27788415184477344
0.2915495244669728
0.2708730949088931
0.2957890302641317
0.28529618098400533
0.2688357806764543
0.3087806405965239
0.28958282386884093
0.3086129945004359
0.27332521829521284
0.2648965967237018
0.26362958998652175
0.2830306290416047
0.28245409578084946
0.2688758297590539
0.32597296190215275
0.28311782592209056
0.27233265910763294
0.27574173122411594
0.28660893091000617
0.2883985571679659
0.26127253333106637
0.27530950523214415
0.29163153778063133
0.2867150104721077
0.2554167346097529
0.27894847717834637
0.28261975693749264
0.27758233388885856
0.28356956597417593
0.28418340819189325
0.27361043269047514
0.2861808942980133
0.2554732351563871
0.28152317163767293
0.28678719513118267
0.26927016873378307
0.25862890237476677
0.26338284340454265
0.28928232879843563
0.2669874149141833
0.28359634440857917
0.2721822839230299
0.2833896139636636
0.2922852252959274
0.26200634747510776
0.2674192995764315
0.27099652733886614
0.274412491125986
0.28483444219455123
0.25208473100792617
0.2792890760465525
0.30093973118346184
0.2690514536225237
0.27146999730030075
0.2628610134997871
0.2867963472963311
0.29048553673783317
0.3051706694532186
0.26666516496334225
0.2566454211482778
0.2528815011610277
0.264828130195383
0.27155986218713224
0.28050051449099556
0.2680904532899149
0.29086072859354317
0.28508295986102894
0.25812725676223636
0.26659485697746277
0.2505048624589108
0.28037846292136237
0.2538577766972594
0.2933811395196244
0.2687782275606878
0.2931492560892366
0.2718601390370168
0.2943775348830968
0.2446949402219616
0.2529972727643326
0.2815357875660993
0.2709050166304223
0.26984584037563764
0.243045000359416
0.29234709189040586
0.2487506662728265
0.26666440325789154
0.28321328258607537
0.2576188387174625
0.24385665933368728
0.28922888258239254
0.2781509949709289
0.25183762895176187
0.28778571204748005
0.23561443237122148
0.2812435044324957
0.2545095686800778
0.27383833489147946
0.2780603049322963
0.26508245890727267
0.24560434324666858
0.2565958750783466
0.26113473856821656
0.2466641347273253
0.26362880325177684
0.26634102512616664
0.2627836993196979
0.2714509352808818
0.2669618903892115
0.25575501553248614
0.24256013170816004
0.28324659826466814
0.2511940026306547
0.2749872421263717
0.27205968531779945
0.2641104716458358
0.2703410084359348
0.27744923176942393
0.29460844123968855
0.27340676967287436
0.22115386521909386
0.26844754873309284
0.2533784474944696
0.2461366425268352
0.27918205148307607
0.25278808071743697
0.2688217948307283
0.25857302226359025
0.2548932222998701
0.23371236937236972
0.24110000670771115
0.27040896681137383
0.2431111345649697
0.27066877140896395
0.2311041338252835
0.24749423429602757
0.2359717536601238
0.23609191679861397
0.25067267642589286
0.23454726970521733
0.23510130977956578
0.25135226460406557
0.2494776551029645
0.24891707784263417
0.25955353339668363
0.24329992072307505
0.23424562119180337
0.2642254176316783
0.2636608100729063
0.2519653387134895
0.26069373945938423
0.2452449036645703
0.2601038048742339
0.2612714908318594
0.23875837959349155
0.21772324992343783
0.22537075955187902
0.24402250139974058
0.24355353659484535
0.26722394226817414
0.24955608433810994
0.2556092728918884
0.26711663749301806
0.24437757703708485
0.24349595711100847
0.24097874661674723
0.26297494990285486
0.25495262985350564
0.2466018632403575
0.24466657804441638
0.23170627187937498
0.2745840372517705
0.2541725328192115
0.2752036761958152
0.23687893091118895
0.2557468599989079
0.2442244550329633
0.2516722154978197
0.26227491052122787
0.25767438259208575
0.24520727881463245
0.24272339459275827
0.25052254035836086
0.2597415510681458
0.23859173728851601
0.2633229353232309
0.23147883772617206
0.25425117422128096
0.22356174254673533
0.25679831055458635
0.23861849319655448
0.24828109139343724
0.24508656800026074
0.25218322686851025
0.25741803413257003
0.22499311028514057
0.24014190078014508
0.2735903472348582
0.2516016121953726
0.2466491725645028
0.262431975628715
0.2617786432383582
0.2539424494607374
0.24534407194005325
0.24281794379930943
0.25157999590737745
0.2510625196737237
0.251352890918497
0.24804090906400234
0.23343549261335284
0.26842637491063215
0.25840167855494656
0.26608507373020984
0.25827163096982986
0.24965349555714056
0.24662717792671174
0.25281302141956985
0.24508545119897462
0.26201336513622664
0.26384870073525235
0.24865659777424298
0.25033944845199585
0.25857924070442095
0.28250758472131565
0.2470383463660255
0.24164021236356348
0.24805115596973337
0.28134048904757947
0.26643463407526724
0.2377702674421016
0.254756443988299
0.2521835069055669
0.258494368114043
0.2724463668419048
0.2583438628935255
0.25961865624412894
0.27320291835349053
0.2881027773837559
0.28790906275389716
0.2617239949759096
0.2645491621515248
0.2510391628020443
0.24159093436901458
0.2575188936316408
0.22716218989808112
0.2471511402982287
0.25071042400668375
0.27197092250571586
0.2637243358185515
0.28599456569645554
0.24891420762287453
0.2365982379997149
0.2590278502320871
0.23651716468157247
0.24344034932437353
0.2529560587136075
0.25166585855185986
0.23566675529582426
0.2697383160411846
0.25301771293743514
0.24269664482562803
0.24618226278107613
0.26402501031407155
0.2612539312103763
0.24193477447261102
0.26633340609259903
0.2617718779074494
0.25943012681091204
0.27284375397721305
0.22681117520551197
0.2592770470364485
0.24009562030551024
0.24922647487255745
0.2424054070143029
0.26266656519146636
0.2314979588263668
0.25228425845853053
0.25281909824116156
0.2629325847956352
0.24934027311974205
0.23377099307253957
0.24185389975900762
0.27210313349496573
0.24577099608723074
0.25857209344394505
0.24463750069844536
0.23189403774449602
0.24975291395094246
0.2593475592439063
0.2454881690791808
0.25657629626221023
0.24768785905325785
0.2381899947358761
0.2788153447327204
0.24127289993339218
0.2532421729993075
0.24509366526035592
0.2355378555948846
0.2725642727455124
0.26841247687116265
0.2386336410709191
0.2488201699743513
0.2381671379553154
0.23624407744500786
0.24502678439603187
0.2560081329429522
0.24244998503127135
0.26055212871870026
0.2449171305343043
0.25133090719464235
0.25094950303900987
0.23092509643174708
0.2217480267281644
0.2434086176508572
0.2613926143676508
0.24770083973999135
0.23624929206562229
0.26250261871609837
0.25450997400912456
0.231378456519451
0.23648827694705687
0.24641276212059893
0.23307614936493337
0.22896930034039542
0.2379342719214037
0.2536104735918343
0.2548148228088394
0.24194687770796008
0.2580664590059314
0.24513634020695463
0.2582135440898128
0.2548065224546008
0.2361765241366811
0.2288919456768781
0.22684311907505617
0.2534196646884084
0.25946774779004045
0.22342907718848437
0.2574541648791637
0.23033587940153666
0.24560323887271807
0.2407919951947406
0.24217907746788114
0.26288614788791165
0.23729858308797702
0.24544704431900755
0.24404803119250573
0.26875243670656346
0.26519268986885436
0.24137180074467324
0.23898545678821392
0.245513843576191
0.22949868670548312
0.24312410631682724
0.2250519146618899
0.26508533509331755
0.2319472886447329
0.26416360499570146
0.23590233008144423
0.23582744190935045
0.23448997997911647
0.2674422211421188
0.26780781539855525
0.25743702187901363
0.21834984337328933
0.2139080116758123
0.24495714643853717
0.2504462125070859
0.22670023524551652
0.24691007210640237
0.27783329159137793
0.24130655996850692
0.23936823575058952
0.24466352027957328
0.2288903087610379
0.26024492824217305
0.24147213829564862
0.23623416366172023
0.25275069748749956
0.2432534434774425
0.2532927980646491
0.28383524058153853
0.2302690981014166
0.26215863547986373
0.2379174252273515
0.2730775985692162
0.23792485587182455
0.24188514702836983
0.2874072910635732
0.24710595613578334
0.23976413274067454
0.2336762875202112
0.24269067126442678
0.23715144506422803
0.24116056063212454
0.23910314962267876
0.215680551918922
0.2156890013429802
0.25629404390929267
0.23588514659786597
0.24864111829083413
0.23542160834767856
0.2560074499051552
0.23817543656332418
0.21927368512842804
0.23048747837310657
0.23204889963380992
0.24664492445299402
0.2681289596075658
0.2622471969516482
0.23356000013882294
0.2401187226350885
0.22859340388095006
0.23846310761291534
0.24205904404516332
0.2369117611378897
0.2535202512226533
0.20284022868145257
0.2538964106934145
0.25191985367564484
0.23400719108758494
0.24194611806888133
0.2495554027846083
0.23678755608852953
0.23567103303503245
0.23432629829039797
0.2480710050149355
0.24827202144660987
0.23721287451917306
0.23322156665381044
0.23533022895571776
0.2630389872647356
0.2687528402020689
0.25314781453926116
0.22538241275469773
0.2523713872069493
0.26256493289838545
0.22523178689880297
0.2306053677748423
0.23207543726311997
0.26953641162253916
0.23659748147474602
0.23516655681305565
0.2667282678594347
0.24124286058940925
0.23164550674846396
0.26097251832834445
0.212445448996732
0.23797206263407134
0.2329259300895501
0.25976229677326046
0.24539680263842456
0.2303126641199924
0.2371774472121615
0.2525203844124917
0.24439804430585355
0.2468452634930145
0.2654038078908343
0.2456594246905297
0.2350680923264008
0.22411380423000082
0.2313619523192756
0.24290663364809006
0.23811592257698067
0.2358470747130923
0.25151957126217894
0.23130671941908076
0.24531647047842853
0.2610052624659147
0.24521125317551196
0.22995808511041105
0.22721064442885108
0.21030960511416197
0.25192448621965013
0.22392034815857187
0.21848729258636013
0.22911131207365543
0.256220972398296
0.26219973582192324
0.23112451779888943
0.23775394997210242
0.25233709657914005
0.23136753728613257
0.24578515772009268
0.25968436541734263
0.24869374942500144
0.22097447348642163
0.2551070911285933
0.2608895068988204
0.2580905480135698
0.259474822843913
0.23830750901834108
0.25371847618953325
0.23120175465010107
0.22826182111748494
0.23140219374909066
0.23194172146031633
0.24379353484255262
0.22279211098793894
0.22478801535908133
0.2525600130902603
0.24616978949052282
0.24282003528787754
0.24368902295827866
0.21922209754120559
0.24245799632626586
0.21028586584725417
0.23872255816240795
0.21619305064086802
0.21807359025115147
0.24018901237286627
0.23588023748015985
0.2240412200044375
0.23049089559935965
0.24949936021585017
0.2619441446149722
0.2382239991275128
0.22544560188543983
0.2457179514458403
0.23304462747182697
0.279706484550843
0.24113542758277617
0.23476502753328532
0.22788519735331647
0.25372182083083317
0.2681441871682182
0.2300234843569342
0.23180479556322098
0.22027249174425378
0.240363647142658
0.26119479569024406
0.2297615576244425
0.22681369236670434
0.24100688681937754
0.21860733890207484
0.25340210922877304
0.23856496706139296
0.23221594211645424
0.2159150314400904
0.23754879806074314
0.24230171824456193
0.24950079072732478
0.22877530753612518
0.277971697592875
0.23318633891176432
0.2213713075616397
0.2654651983466465
0.2306162425375078
0.25620102329412475
0.256356190162478
0.2385902784881182
0.21835393612855114
0.23033971461700276
0.22762607628828846
0.21272226417204365
0.2266309685073793
0.22784913502982818
0.24976915572187863
0.24566608725581318
0.22356816567480564
0.22534415088011883
0.2280814446567092
0.24992412605206482
0.24830015111365356
0.25951999574317597
0.24053861858556047
0.2529702388565056
0.24824178335256875
0.25162116857245564
0.23663030320312828
0.21102621519821696
0.24599793477682397
0.23380936472676694
0.23114272858947515
0.2434100172831677
0.22745280474191532
0.21775186053127982
0.2378144806716591
0.22388468330609612
0.23180652933660895
0.23504628575756215
0.22761663439450786
0.25600553982076235
0.22715158469509333
0.26040239687426947
0.2374648906989023
0.2125941032427363
0.2158621303678956
0.2447859106468968
0.22311789460945874
0.23865016977651976
0.22578581818379462
0.23131844223826192
0.22044621245004237
0.21870363829657435
0.2198523649130948
0.23429381707683206
0.2225642125122249
0.2575776579324156
0.23867163006798364
0.24379508013953455
0.22037995635764673
0.22453830926679075
0.20513408616534434
0.22607821627752855
0.24847706605214626
0.2219816650613211
0.2211583949974738
0.2533799266675487
0.2258205590187572
0.222962230007397
0.21867104602279142
0.22154890175443143
0.2204982359544374
0.24082646303577349
0.2442938629828859
0.22691385180223733
0.24254307942464948
0.22642575655481778
0.2347688863228541
0.21932120618293993
0.2405611599679105
0.20669861356145702
0.22133641128311865
0.22482206652057357
0.22443656291579828
0.20867112110136077
0.21087951259687543
0.20946711662691087
0.24275753216352314
0.23348039275151677
0.2289642302656737
0.24759911687120678
0.2444477055485793
0.23360035034615223
0.24000797115676986
0.22834395986842357
0.21678070844275746
0.22204744337698606
0.22513137672712483
0.20223279350151227
0.21773583471305727
0.20968341880191968
0.22087908253132357
0.21002298176992595
0.2511952922745483
0.23822768475479028
0.24506743583740212
0.2073734186179056
0.21189039203477658
0.2214740535288345
0.23941466842932024
0.24140818587203663
0.23111921654442164
0.2116514360752162
0.2174525559241847
0.20001096357628118
0.20997681357259826
0.1938229761137737
0.22260775144292613
0.26084223134428497
0.23013946361194446
0.2409703897854944
0.23903593875643775
0.2301501485071783
0.22542126341832905
0.19344343227429653
0.21136191132383084
0.1960463562584299
0.22140722924212772
0.23054150802882636
0.21190861556825674
0.20487544384938994
0.19880337684642613
0.21843514353858204
0.2308293438450558
0.23242159683521338
0.22451929258197312
0.22461895166536955
0.2169709828073584
0.21409724564768198
0.19942599749119264
0.2171086280599354
0.2220790483292163
0.20096795410504492
0.21548625445506703
0.23238932555468064
0.23067221500155494
0.22257493914464327
0.18393629468156128
0.24104698456999823
0.22518517203101024
0.2271693112167317
0.2315330717155314
0.24797920193376505
0.22437014820890164
0.22451763453446036
0.24218710500189639
0.22117057240267438
0.2361338133593713
0.22544713984206904
0.2167332038928674
0.22062577999482944
0.20807142291716704
0.20233025833025692
0.22278461575977446
0.21473883283067877
