0.0047487184884857925
0.0005290709305967312
0.0032787767670470203
0.00384728583386007
0.0026339109236319658
0.0061101885381926735
0.007400357490908505
0.006857738980420969
0.009262004908563881
0.011432197557876833
0.008822533239115415
0.0116112676574609
0.012765124073126799
0.015872131661954114
0.016609027495377404
0.012565932689824422
0.016683239812820716
0.019828417199875048
0.01727701283073202
0.021030631279685963
0.025229820241463585
0.02064380937625998
0.02330084514721875
0.022689389987434083
0.026600414994341293
0.025571828008786213
0.027413796258997536
0.027326302387187695
0.024327875067776006
0.027027766854374136
0.03212899635290256
0.024740483971438465
0.028953975711228708
0.0317189837896521
0.036240194210833465
0.03004227781271851
0.040392634535038496
0.03343850114308111
0.03467763298920801
0.040988353782040576
0.03188982438158661
0.04200100801368478
0.044827228996410895
0.03354076901399594
0.04083581952016857
0.04664284139397523
0.038682120669726316
0.03367613106505729
0.04264277895012469
0.04424457656333658
0.0589072370634085
0.04760937558847189
0.052812554601160855
0.05014656527548311
0.04910825775343142
0.04973645530168369
0.05164687046899985
0.05619119171554843
0.060257881679746106
0.05883568675901074
0.05213258525498077
0.05533166770877074
0.04833113845813841
0.05128682770002513
0.055893656655939594
0.0493738667926209
0.059911727289872374
0.05762182567802654
0.049209375033662184
0.06376888198163044
0.0570811508522695
0.05687785534081513
0.0695366171664773
0.05971900476050962
0.06990311829245854
0.07300834598771644
0.06201581202634543
0.058860353648469754
0.07407041085826904
0.07191711163468995
0.06610823180751879
0.07351105562389648
0.057479267237653175
0.07146512196511878
0.07502150418528686
0.06943998117509409
0.0696085094407124
0.07801163661352462
0.07823719132233009
0.08150853553252091
0.07310967637818067
0.06819358297138933
0.07492135999166294
0.060968591932493155
0.07154068834847749
0.06940474038754019
0.07312931963932101
0.07486314654997273
0.06032237066864354
0.08297491499286025
0.09067551607358837
0.07613928860345709
0.07442847873169
0.07316739189764121
0.08338190532072076
0.0749142464118222
0.08477027815274596
0.0821922920729321
0.08669949241527775
0.07260465622493584
0.08915687615223078
0.09146100277411051
0.06751024479430612
0.08959538422848823
0.07707177149666222
0.08669505542889056
0.0804637381224893
0.09398265206027645
0.07145718181260463
0.0861257479333517
0.07910136299801707
0.0934235126153169
0.08937366907696287
0.07123308248833382
0.0964967554841536
0.09943954618859152
0.09070792134801309
0.10603194533507576
0.09387504973790328
0.10622860386797583
0.0834509431753645
0.09688603333626133
0.10799983850813533
0.0932314989163956
0.08936014226452471
0.10428467175211154
0.09222316546197362
0.0794162683333468
0.11509443430122701
0.11283156251492699
0.09556005092372288
0.0983854161370914
0.10558029617658349
0.08742554479374576
0.1063684315643556
0.1173265686634295
0.09645890059017859
0.11257087697913448
0.10573332872263563
0.08753716807518686
0.11542761202326801
0.10310216481599355
0.11899520245486883
0.10070593980412923
0.11094747932594373
0.09316049285121153
0.09554434276014945
0.10473703081640906
0.09039519375079408
0.11151505934378747
0.10263577688526482
0.11453915905377698
0.12102294838808803
0.10041596840255806
0.1080247402992427
0.12114318096200805
0.1055290770522106
0.09683313771108715
0.10048321321733056
0.1118449217176476
0.09409848815084842
0.13322491143034654
0.1266428685212304
0.09830274944494022
0.09868836430018746
0.10454771310742217
0.10643635368319337
0.09814394556565276
0.10983646468821462
0.11353067864186528
0.13012221521206868
0.11459422643895323
0.11052613660427824
0.09830789476562529
0.11036002318519422
0.11659298889003367
0.12429343137023352
0.10737072183860619
0.1006881340261998
0.11653776937691873
0.10792944527815962
0.12287818243436277
0.11248031528430147
0.1414500489047441
0.10382282675408305
0.10428302085892938
0.09365093784707312
0.12020607017791463
0.12580420119968494
0.12116629603610818
0.11266264453877284
0.11839818313640649
0.11779384045621555
0.127204083626566
0.10281685860877587
0.12363786224386786
0.10732215967013303
0.12020835837938648
0.13055279588411395
0.08537695184600125
0.12085051124826407
0.11204108363745036
0.11419808006576204
0.1070208311905958
0.12721932426933336
0.10973033659013254
0.11616945596961159
0.12603936893731316
0.12905306096354252
0.13122062472950802
0.1277982712190351
0.1038234753668803
0.12184851926582496
0.1315177336391571
0.14536915752614732
0.13190947755026627
0.13347401191003883
0.12266981744005534
0.13545927753602882
0.15158926438581943
0.1323853588090742
0.10794473144233052
0.1323615941207663
0.14905473221779175
0.11411323633821802
0.14847583531718556
0.1372167634589232
0.12394429381390637
0.1558356266467058
0.11858698225887565
0.11528214734107678
0.1321037439382735
0.13423187259309088
0.13014667649258627
0.13680623230538913
0.13349551980618912
0.13996766617719913
0.14951597115145887
0.13103161821146614
0.10935249131534874
0.13517288816177597
0.12780073528301727
0.11206969474687867
0.1350639297897942
0.1405638523960988
0.1213226890686201
0.13218123576484686
0.10940258228561106
0.14269918463742215
0.1171165624290893
0.1617127163162877
0.13409955002340013
0.12059950779419637
0.10490503791299943
0.1426940057233992
0.15208462599275663
0.13024007737158172
0.1285788422301266
0.11664247533326488
0.14295101401356192
0.14171385197175823
0.14522438274406113
0.12171660594344758
0.148874264006281
0.1270966744384623
0.14654747661438705
0.15680430363090636
0.14753961797941884
0.11927700131172969
0.15527749698912885
0.1647957969074696
0.12570486255253854
0.14166050833955524
0.1312183867071326
0.1327109962396662
0.13954471985607597
0.11376648521763855
0.14019571359176553
0.13317821470991476
0.13665856028501366
0.1410311547240326
0.12395630016908399
0.15246491581143573
0.1312385638822775
0.1506444369605333
0.12512096263708372
0.13230544418183854
0.13541438800712058
0.14066856869942512
0.17362696316263282
0.13732111035756134
0.15277407595658588
0.12597926557009487
0.18446280713283159
0.13138570218870882
0.13591412919049617
0.14206341753288143
0.16932338390051882
0.11941767961548067
0.12662951656582777
0.15119115364404934
0.14329604810018282
0.15085067519339646
0.1666216134399292
0.12260870967656956
0.1470558201415315
0.12769736932841624
0.11813839715159702
0.15065629461287244
0.13449629151750742
0.1349918257953675
0.1413560050709748
0.1375680563635413
0.13477738867914013
0.15513817689588905
0.11312151085041933
0.13301620810705117
0.1364543779966425
0.12303097115346873
0.1573092090134196
0.1526111224657143
0.1498890807272346
0.13752679076026197
0.13075028417871692
0.16048224897440377
0.13238618685477377
0.13630557266668575
0.12685863673834774
0.14735080478027385
0.14020123536101892
0.12746975826030393
0.15926031074195635
0.13269161151629305
0.14218883177470332
0.13609787780399074
0.1500380865943498
0.16058570383756887
0.1604838732216649
0.16674197534075574
0.13096579505008776
0.1265023920486783
0.18245598263138163
0.13372230868759516
0.16085111976155986
0.14919906291061125
0.14800539888028652
0.15969179978048942
0.17595296473223243
0.134360292661313
0.17352058776123158
0.1311644748557228
0.14942287806309196
0.176483997748619
0.1395845339684456
0.14320417049395928
0.14865223236301972
0.1660267535089588
0.15777299645827725
0.15612452892915485
0.15837235713934206
0.1251911847575684
0.14872678502410963
0.14588906847757244
0.15616724518713454
0.11606822714111331
0.17044703403632866
0.13739729926101063
0.1586986032907589
0.17916733110223504
0.13558546840818053
0.1475679420909728
0.14052242644902435
0.16081015293866585
0.1454845159070146
0.15431933917989227
0.17405125137520372
0.14428324662480918
0.15707418280999264
0.15467467061284879
0.14699068231766432
0.13352218044747133
0.15816582258571543
0.16632241220167998
0.15733926947785903
0.16211396652215626
0.15206937329423909
0.14092242800518306
0.11836760595542728
0.16927478403385976
0.15290945644744625
0.14221407585137058
0.1539185453743812
0.14872809607254567
0.1411443521669753
0.1480494942088626
0.16066058848025477
0.1582973073885796
0.1377441647609885
0.15031542559341915
0.1369087311304611
0.14021164555015275
0.12189958129943079
0.19662083430853272
0.15780179979043396
0.17520294341539966
0.15033798519750974
0.1657600312962586
0.15103433780473097
0.12430089341137318
0.14020545653329464
0.16298439816182508
0.160941414257195
0.12278024154056766
0.14585366045957926
0.16323118024547512
0.15056412295984956
0.1699920825345984
0.150918690173512
0.14525790716857045
0.13925424367539563
0.15980540018449574
0.14143052549820823
0.14801557121000997
0.16341593029869728
0.16200755209592899
0.15740058799394774
0.15166187243073637
0.17153243068332813
0.16842393569095293
0.12904052302144464
0.17209487581584426
0.14463915029182317
0.17621739862232744
0.16716107144657144
0.1771117069034176
0.1479380719592882
0.14599387275202957
0.16483406875931905
0.17614690045314774
0.1483956793526886
0.18535037773517615
0.17628068469446134
0.15827256088670083
0.15107807528875128
0.1320521403181374
0.16132231404424147
0.1510928681882433
0.16134812388384034
0.14311517546366304
0.13805661582887296
0.15761427147890572
0.16265593530715705
0.20490709403804885
0.19228550705406633
0.16535006097529958
0.15798113128445834
0.1523380172679083
0.18916054618512135
0.16772252547707467
0.12902325811501214
0.16530078031496487
0.1830547293238851
0.16053933270904963
0.158208529892363
0.1795037083011266
0.16541899692168727
0.16491222050694887
0.14212271222822892
0.14709830346055242
0.16276664582426292
0.13610927508233317
0.17417555748761515
0.15462734617358365
0.19909266912384282
0.1648737954678836
0.13080474817729737
0.17171278228488518
0.16080877427930318
0.1784792895987266
0.14449388546609043
0.1835982653415158
0.15048294690882358
0.16195962104120554
0.13938521387035507
0.14813298139938524
0.15185055855727114
0.1621984560099463
0.12350174972061723
0.17318985050705246
0.16486395549208546
0.14607362935271878
0.15827031812000852
0.18171411805611914
0.1199951453051231
0.18472861166306456
0.147952029641945
0.15495749200120437
0.14293289832600325
0.16972664571788865
0.20070114604167194
0.15816724922519002
0.18068461684857526
0.1331856034280857
0.1470790287061763
0.1683950036903133
0.14298335013853378
0.16165213760719122
0.14883928322673254
0.19332860712801642
0.13976389382907198
0.1806304780612828
0.1436876055688733
0.16917700820999387
0.21606424852553022
0.18214805631011022
0.16915721671864772
0.1617796935771746
0.12884610266732713
0.16572064949258222
0.16963452425267223
0.14013194907819862
0.17664081733453812
0.1693847007466495
0.17416359134250795
0.17507828578750986
0.16502469152443142
0.15108238649142056
0.16959229547358082
0.1691120596911558
0.18562796896158104
0.1430705997750977
0.1827351101766378
0.1843621619928016
0.17299214912891042
0.16001733167850463
0.15819122034719024
0.17719070326791725
0.15995479090084042
0.18655439374331792
0.16444611972139225
0.14794140519903365
0.15748081426411192
0.16344174200530975
0.15357474870694476
0.17905068959386317
0.17347833739562
0.201666890311994
0.11131427849648204
0.15763415381495471
0.15811934217780382
0.14930475863727088
0.16528797439802767
0.1707419452605669
0.19051059800489828
0.17537357367017842
0.15226619712622033
0.1962106993839449
0.16336097213527642
0.1392435784167844
0.18231942948305935
0.16186416880172627
0.16046305733075636
0.19293216307368863
0.16429661643255034
0.18741345305571436
0.1714620891315441
0.15624220989486176
0.19702766146723674
0.18962888938501316
0.15638179823528886
0.19525750843160322
0.1676273849084318
0.15886997028646302
0.1611013300659586
0.17481697708803484
0.16757840425081783
0.16665209791319185
0.1594640733085217
0.16665031095369953
0.15837213235276368
0.13021561220255276
0.17656824375066438
0.17541063976209192
0.15446627447537448
0.1715623302230296
0.12879608731210876
0.19396736402571932
0.155182622943035
0.18606366466019966
0.16803712727489156
0.16129447751509862
0.16518167411969464
0.19931461779592288
0.1747030583036125
0.184890926951922
0.19309948290071238
0.15002418648773314
0.17768334867029384
0.15741221078141687
0.1597991211174375
0.18610406434713445
0.12605036581237616
0.12890154987987953
0.16652247342294793
0.18253524873924065
0.13891667038556116
0.12183129028499669
0.19536396418354385
0.15711499595699288
0.15576596547781643
0.18252524394896266
0.17367906296464403
0.1423093830244469
0.14474215301877877
0.13789962322220176
