0.192701245425269
1.1838835440576077
1.180142876226455
0.7277415278367698
0.5211776262149215
0.9948986670933664
0.798574164044112
0.7101280279457569
0.9956263015046716
1.262320242356509
1.3062826478853822
0.8778937510214746
1.098420065594837
1.3291102484799922
1.2547552925534546
0.6871992708183825
1.3226463950704783
0.9917330122552812
1.126674557570368
0.8860770020401105
0.8632848060224205
1.201538400258869
0.9233394577167928
0.9661274701356888
1.4617477334104478
1.026129819918424
0.9008685457520187
0.8885120968334377
0.8978571086190641
1.085490251891315
0.9641191188711673
1.0753259412012994
0.9239288046956062
1.1283145537599921
0.6944239044096321
1.1273094222415239
0.7337170600658283
0.9448860317934304
0.8741337140090764
0.6978391552111134
0.6772426799871027
1.0096641301643103
1.1819268360268325
0.9217817779863253
0.8034495884785429
1.0125264645321295
0.7647584622027352
0.9587121964432299
0.5571169150061905
0.8956930006388575
0.8493718012468889
1.1373238936066628
0.8201897526159883
0.4951008877251297
0.5672132794279605
0.7589246782008559
0.9632598633179441
1.0067940067965537
0.8262426694855094
0.8066154003608972
0.7529394115554169
0.7363672531209886
1.0236676124623045
1.013361462042667
0.9315209403866902
1.2082226212369278
0.8178005397785455
0.8238285769475624
0.9226714457618073
0.956866312539205
0.6337718723225407
0.5162367459270172
0.9486701747518964
0.7128209879738279
1.1247422229498625
1.2864511758089066
0.6948584549827501
0.9363823032472283
1.120587975368835
0.8790701953694224
0.7969530774280429
0.7196119426516816
0.7273781386902556
0.71963944460731
0.8025746679631993
0.6875117269810289
1.196237756172195
1.0986614590510726
0.8926515623461455
1.3676964109763503
0.8845087457448244
0.9850838056299835
0.9091700098942965
0.6817229762673378
0.9796628938056529
0.9241168240550905
1.2920886031351984
1.6457047765143216
1.535196044947952
0.955232477048412
0.9490015152841806
1.3683346793986857
1.3246104191057384
0.8132222569547594
0.9502556268125772
1.4743747049942613
1.281741435173899
1.9727571089752018
1.8336369870230556
1.2351931929588318
1.7790018864907324
1.2160504274070263
1.7465975466184318
1.3508542836643755
1.7586897229775786
1.479554477147758
2.043155104853213
2.1509140520356596
3.2322402242571115
2.285502360202372
1.948495670221746
1.5586570426821709
1.9591114087961614
2.10976843861863
1.4798108809627593
1.6104114595800638
1.600140736438334
1.2169026928022504
1.1153652295470238
1.1919329324737191
1.0201854356564581
1.1451993009541184
1.1388717081863433
1.0047020397614688
1.0048330686986446
1.0698331000749022
0.918825953733176
0.8557763630524278
0.7669521698262542
0.8842835056129843
0.8099192893132567
0.6881304500857368
0.8321816192474216
0.6745492011541501
0.7350088926032186
0.8695402970770374
0.6188195537542924
0.5864662221865728
0.7697064055828378
0.8315861101727933
0.7079947612946853
0.8366869098972529
0.960557798622176
0.5565285688498989
0.7493448073510081
0.6905664170626551
0.5083916682051495
0.5265017765341327
0.4694644008995965
0.46487376338336617
0.8537353534484282
0.5995567130157724
0.47426596377044916
0.4417302926303819
0.4863400853937492
0.41240934416418895
0.5048878296511248
0.4214578993851319
0.5072344632353634
0.6152738577220589
1.06101805169601
4.31719978293404
5.356506676413119
12.185675363987684
27.02480836585164
21.56085342913866
32.909737445414066
63.609333865344524
57.585797645151615
34.05559439957142
41.87805223464966
100.72306750714779
138.01743957400322
340.02968591451645
314.66811484098434
196.37232267856598
229.94699323177338
186.48703154921532
220.58107432723045
100.33582185208797
92.02577513456345
95.78713637590408
148.03847905993462
244.56244099140167
295.68392464518547
228.23791748285294
156.4203304350376
132.9000543653965
178.61747297644615
223.62826144695282
162.33803501725197
113.85926321148872
105.84359461069107
72.3257637321949
60.884600073099136
69.5044663399458
43.43362094461918
32.21863430738449
28.15084308385849
20.254934683442116
17.102259002625942
17.094377636909485
13.734370183199644
11.124834042042494
10.551669996231794
8.974547434598207
8.105718791484833
6.735081044957042
6.115188576281071
5.4544454868882895
5.320322822779417
4.095074538141489
4.124425079673529
3.7694330774247646
3.7788695730268955
3.1658889334648848
2.9984545968472958
2.96399271953851
2.79451444093138
2.533124596811831
2.4187530009076
2.3288630079478025
2.1756602860987186
2.8613564744591713
2.1003061034716666
1.9086687341332436
1.8068946301937103
1.8897430254146457
1.6616775398142636
1.9542046184651554
1.5561346085742116
1.5445089931599796
1.6250816071406007
1.8866236871108413
1.5678621251136065
1.3764993576332927
1.4934503729455173
1.6248140414245427
1.509622612502426
1.488714828621596
1.365382008254528
1.3792538233101368
1.264807186089456
1.3214033036492765
1.1540043305139989
1.222714482806623
1.0741152563132346
1.015432272106409
1.1347682969644666
1.0911071109585464
1.1695105540566146
1.0639307503588498
1.265284344786778
1.032998996321112
1.0520314879249781
1.1132640060968697
0.900532053783536
1.1020944463089108
1.0442808805964887
1.0821977108716965
0.9057805896736681
1.0525319576263428
0.9244287307374179
1.1203255935106426
0.8765202397480607
1.354372578440234
0.8153156929183751
0.7508664086926728
0.9218178268056363
0.769191542873159
0.8346331648062915
0.8195784061681479
0.9891706320922822
0.8497183783911169
0.9293776387348771
0.7963376604020596
0.842750582145527
0.833927396684885
0.8537561455741525
0.8564440524205565
0.8069320716895163
1.023409585468471
0.8321501831524074
0.8377336922567338
0.7526504930574447
0.7769795451313257
0.6950630161445588
0.8165178801864386
0.7729237063322216
0.7236451995559037
0.7455788096413016
0.8929001265205443
0.711327338591218
0.6982252383604646
0.699288401985541
0.6801697809714824
0.6292712921276689
0.7498474852181971
0.6974327636417001
0.6356047792360187
0.8142334565054625
0.5982836522161961
0.6343487054109573
0.6868188055232167
0.729895145399496
0.7663514539599419
0.7712730264756829
0.5629588183946908
0.7392058847472072
0.6082697182428092
0.671945214853622
0.7094401305075735
0.5783873377367854
0.5875018897932023
0.5008238609880209
0.6825918891699985
0.6198888992657885
0.5003202662337571
0.4926398335956037
0.6862211299594492
0.6754998341202736
0.61216876283288
0.6103541307384148
0.6447014438454062
0.6541627073893324
0.5300424752058461
0.7956278687856329
0.6957253794970475
0.5326107898800392
0.5360114391394487
0.6699968806401951
0.6849449504548171
0.7932350628488646
0.4911649656577373
0.5472614807406748
0.5267376749534306
0.544943497758212
0.5414811526461849
0.5566736114776041
0.6102583335609887
0.6006531824511806
0.6797768641409911
0.5173228796072832
0.706373366783923
0.4874883676607778
0.5939644582158937
0.5451099011372393
0.5695252650835383
0.6276495801651572
0.56612161423747
0.7019686675447179
0.7731461161234248
0.5768968773873773
0.4431276910417662
0.5185778624429478
0.5706719756126404
0.6116840402911029
0.6967072225227131
0.5298774012430446
0.48069322461218345
0.5748270897884068
0.47373306058992554
0.5332612881040949
0.515872119566587
0.49908205092422603
0.49656575096873784
0.5283364258178576
0.616630828756047
