0.0036552373373979208
0.0006302669153726015
0.004529274800418648
0.004736282832681127
0.00424730276254337
0.007310125916418997
0.008704734240097878
0.006512257241730879
0.00985112450734249
0.011695918290364204
0.011543599585287723
0.01420775890242254
0.012036564847974773
0.019843174384106987
0.017726004698765507
0.014094896569574189
0.017841021143340186
0.021302559176746172
0.013552574988466404
0.024295992269713906
0.024962689042169472
0.021117187691970685
0.02941770059796056
0.01769999925642196
0.029574582158460316
0.0281955462210135
0.02316984498303043
0.030500124867273826
0.02861187209128957
0.02772443268501945
0.03018007345488627
0.03216702755671008
0.028192210307686594
0.0377494098484874
0.037969005934428424
0.03868246534969444
0.03449955334878041
0.030686700850196758
0.04311982915936596
0.04248620736683506
0.04425841998133251
0.04087800338602676
0.039289949314877504
0.031041598101325008
0.03886117885497242
0.047351969508980574
0.03867126045577152
0.051671168611562734
0.04797017813623938
0.04994661996573768
0.047126300324976
0.04729071440561938
0.0431682558820512
0.04926037836048636
0.045418354830530916
0.05230682931897945
0.05147128938574497
0.045103173391339624
0.05187619930293863
0.05013342382699193
0.047163759039875686
0.0571072235399015
0.059699873445651974
0.06977570587832815
0.056239697002354205
0.0478424047678061
0.04870002508067728
0.07612160287953884
0.0532557310511379
0.06136471327604909
0.06468346045460294
0.061628591817452616
0.06243762204212544
0.05637181132431124
0.06978630975567057
0.06407305045900102
0.06813174601768424
0.061408626362265295
0.07143562325200037
0.06853554828740016
0.055454513379572745
0.07333845191055843
0.06592593037896677
0.08180894406177686
0.06389361023212814
0.07333156362506088
0.062237862658093945
0.08320732600896008
0.07856556276942683
0.05940828442254542
0.0632776699412716
0.08668760487370264
0.07211404691975076
0.0753948140098828
0.07059842487007018
0.07833669225925632
0.05627515207106626
0.08569486722763031
0.09105141429222385
0.07654882005749641
0.0850430317352675
0.08966021500918941
0.07616818217559285
0.08175096119560976
0.0793954466954574
0.08580444851395441
0.09642702226346955
0.07199916103542137
0.07140627796013632
0.0868655843396482
0.07916024040048342
0.10279529404124332
0.09061832713177864
0.08753051642258924
0.07276182097575656
0.08250028547968213
0.07296109009530483
0.09492352843960816
0.07847204024932353
0.10404882856067843
0.08606213443363231
0.09816091804987082
0.0858851553310842
0.11194554429960135
0.10996319350999784
0.09404078950228723
0.09246329778261497
0.08979017727597238
0.10855625245221745
0.11466172394921159
0.0739316731846884
0.09569668100903073
0.09225306953976542
0.08503703956444042
0.09523655849966417
0.08336550094963968
0.11242259987830039
0.08817998163794982
0.10467040947332862
0.10229814467174947
0.09402987391240458
0.10658859244995256
0.10088278732655453
0.11434534332420299
0.09533918812485354
0.10156240446485754
0.09200815442454768
0.11298517196428293
0.11477963957258908
0.11263891890803279
0.08566325196534308
0.10403657940150879
0.10850653864918058
0.11327666327906627
0.10106720051953744
0.10484943792653212
0.09310454488149844
0.09646577882267593
0.11369766979805718
0.09747834008339851
0.10500357576984243
0.09471256968026864
0.10096119764421019
0.12182258456959971
0.09715105441500782
0.1041474012836261
0.11173253698416374
0.09854006151726935
0.13021602399021504
0.13678286239519366
0.12089309017937921
0.13870868652884383
0.15049483177790535
0.122738357680646
0.1263944480342616
0.15892393447029463
0.14602647908759536
0.14331804093671963
0.13760800200907397
0.13183135306462646
0.1551486412936356
0.15417124250961933
0.1415133643677109
0.15930880462110508
0.16542707020562375
0.13872336436907062
0.13279146682543796
0.16039933532010764
0.14942907304794062
0.19342227512970567
0.1755390560720116
0.14140883283107542
0.17885262516210787
0.18988945601449814
0.2109707913841703
0.1652084382949397
0.2050721497507766
0.2214456704678014
0.1651794867721037
0.24259732851351146
0.24228679937368724
0.2324500988179352
0.21906097812461667
0.24708416239445796
0.20889472342969384
0.24704590375040425
0.25055383912695106
0.23852625470317435
0.33208477232255973
0.28505378423142247
0.32574602507520467
0.29792530651320703
0.3643832714878954
0.38294365562614985
0.3760714667150751
0.4344465821341146
0.41671626930474304
0.42548283835640177
0.45114544477837626
0.44202433453756385
0.4760372864693636
0.4317149686103221
0.48432855322607793
0.568049270688789
0.5921359754865989
0.7179479984915815
0.6225217622122727
0.662252503389027
0.6833174101775512
0.6612038803868927
0.7536530507495627
0.736688136763405
0.6988696425105445
0.8052507636602968
0.9535880915354937
0.8072228335076943
0.9375502319307998
1.1031229440122843
0.9997705772984773
1.058658780530095
1.0824916123528965
1.3612859137356281
1.4133089681854472
1.1715246876701713
1.4464623145759106
1.386706399032846
1.913945194799453
1.6309758587740362
1.6483152138534933
1.7339222645387053
1.3847941335989162
1.9659056207165122
2.0736500290222466
2.101126403082162
2.126889538951218
2.345244426978752
2.7838856889866292
2.0855817669071257
2.449902455555275
2.6524962454568595
2.354428429622203
2.32365940278396
2.95030716387555
2.745698750950396
3.5519201066344976
3.792843493167311
4.086707914248109
4.232559342868626
5.707731080241501
5.795246100053191
6.385075811296701
7.179402526468039
7.276223679073155
6.845143919810653
8.252718441188335
7.578656085766852
7.622676567174494
8.0593067612499
8.822204686701298
9.672700058668852
9.414132779464126
10.804578485898674
9.872080308385193
9.893032216466963
9.895552225410938
11.663729717954993
11.878178356215358
11.929279500618577
13.236130160609568
11.397098817224578
13.75240194328188
14.822501002334235
15.921358074728898
18.210640856600183
16.252319305900514
