0.016562381698349782
0.0018872702729595403
0.007858664922366643
0.010599424168731275
0.011228988300672427
0.02266288824200302
0.025107104299081584
0.0342130029589498
0.04353984416468393
0.060324038769863364
0.06906793205928352
0.05761362415194071
0.08524410716449893
0.10081518845390747
0.11476039570550256
0.12203195225174568
0.1751429619098417
0.14254484627008424
0.15950154632469093
0.17733060505770482
0.17328652428477653
0.22986651352675835
0.2752561887059528
0.18075663383660867
0.2930902228135892
0.27639490025921987
0.2966817985261514
0.3438690516850329
0.39656921090499964
0.43408750948583474
0.3788305329335344
0.4316373466190271
0.38661360358582897
0.4383274475003418
0.4546683038588526
0.5157108840176079
0.5873764236266652
0.5532590490365692
0.6059485991645488
0.5315703330161341
0.572049327834975
0.5284923633389553
0.6631591683599254
0.6655068177169596
0.7447290865438845
0.8904617709449667
0.7632177271352703
0.8436721448197204
0.8118008106084744
0.7979703886685456
1.0372876969231584
0.8994056122028269
1.0054692395424354
0.9658754683950974
0.9061277924593014
1.0011803656016127
1.1514739260965143
1.331464087277709
0.9102558409722405
1.310413094197429
1.1343901654545334
1.3710448847705266
1.0251599381590495
1.4251667632815952
1.5491832239349606
1.1803951632718963
1.2844979043911735
1.4274185902104364
1.6161064716834517
1.196184183452715
1.8834839251503581
1.3308480536907155
1.5789880688626
1.7840169940500346
1.452023258607369
1.8675373783808027
1.9141961365494353
1.4093888273491757
1.5155750900121348
1.5656509591062786
1.7777268838035525
1.8432661850383738
1.7043515228469914
1.8316200326153194
2.186192270484753
1.9810424058086937
1.8565181205412955
1.9554729068622692
1.9842238725468633
1.8688878193788696
1.9310467832547147
1.716517664553976
1.7679604284276138
2.302935718173103
2.0034598283018568
2.080853448678681
2.1848359811046976
2.2052272561122663
2.4499473517935257
2.2783247256302275
1.7809266604308505
1.908755042586563
1.7418931312204222
2.257952657993883
1.9633915715785406
2.345164231322997
2.370219729236851
2.0972151629975997
2.152697888443072
2.9406099670377444
2.427805375380558
2.7722543259951635
2.7811312238991377
2.7774485332047334
2.9460313544186647
2.4303656622505514
2.390603587969963
2.235134572889365
2.42358098893601
2.6808542898615997
2.3824817745990003
2.459367852025025
2.986955665735877
2.1159742338277283
2.7359901481395354
2.0114115035394207
2.6697243311064085
2.789991107834794
2.809952048584819
2.6875784541480243
2.5799481750218547
2.995518177456688
2.887202147161588
2.8353130229661474
2.530484329079627
3.0803316191741033
2.136615639727097
2.8320777521221316
3.2779140226193704
2.872402215420152
3.250528072254383
2.848709519232216
2.6712066515756305
3.52197657659417
2.4063764305901714
3.529755073519482
3.1247855093242833
2.6996081616234733
2.968615302401304
3.3108683828031644
2.577606983264559
3.011779471533373
2.929005891928682
2.896653115050867
2.772726495997631
3.0754213296459056
2.4766893220876227
3.325255737421685
3.081677659545676
2.702668881662248
3.096798936574487
3.0108885986701353
2.650402339255379
2.3991553224695963
2.5200408995515318
2.8869171568512684
3.073145659902366
3.0208049084831146
2.731318584352266
2.012802505196305
3.0027454240625957
2.415047010217677
2.8117184853035724
3.1085933190770447
3.2122081186098512
3.2543310069158906
3.1549119143310236
2.8424052809132263
3.4222085649889777
2.805803682160331
2.3788135505310493
2.603234331618296
2.7347624783724314
2.6904452382586896
2.1826768341416027
3.2072174743225332
2.834255649613624
2.9655495821643854
2.4375613798911218
2.562567372311605
2.554233357295743
2.761259804654401
2.8783225287188543
3.115783824629034
2.458611101596034
2.4396637195750372
2.4778526236477774
2.9211100637039635
2.913778915652074
2.4393560483003967
3.0407139113376616
2.6956055053015007
2.500645545835141
2.364260874397587
2.6493341983441496
2.0791714628285263
2.4680701122124447
2.804588661645539
2.5945777826127596
2.400536302375258
2.549756908148993
2.6414335120352916
2.3992306661239127
2.257142116635805
2.250778672765591
2.495508991603856
2.6644044374552323
2.2118781468016095
2.2679773258569185
2.7533513928501634
3.0565155546210008
2.2579796890786383
2.3033135289442725
2.653817010432249
2.4630614605848677
2.3811226355755934
2.4228394484962337
2.1998275235819165
2.5511857891106047
1.8687506553978892
2.4148309457523283
1.954935294605093
2.880593176028924
2.019470662198728
2.0339327001565835
2.176678010757314
2.0916129460238153
1.923910643105046
2.5694864703400526
2.4447703170299064
1.519355758689926
2.486038245187956
2.2261432336235885
1.7137427433190169
1.9219245896092616
2.2476140850631054
2.275972141243983
2.3331735318352003
2.253185219859006
2.3228779548662715
2.1948651446728036
2.2133694437070517
2.110753876128001
2.436571410187753
1.9457383379049134
1.9493408207927132
2.5047200284025166
2.240774427045835
2.6734422045992687
2.31077108104364
1.9899150601122528
1.6455381821433548
2.456137365050381
2.2608486661338247
1.7134014219627716
2.6644230876117945
2.035803880164167
2.464586528658401
2.4892006486770697
2.1808105360832997
1.783799348748289
2.432096780918073
1.995592891558772
2.6674583289423026
1.8805249117140193
2.7949240303132683
2.040247578290291
1.9396964794723317
2.3493627678981284
2.302341192087624
2.0678946264088154
2.112122574064415
1.9829717656876158
1.86625094353918
2.021240489220056
2.112703090284284
1.873196287535307
2.1036711204943694
2.328129970358582
2.0900919511327594
1.5034240398585328
1.7341097445469202
2.2269800693148705
2.2276032020257213
1.7449523182952498
1.8114976072170603
2.2277841519887054
2.1177739475773074
2.064301780945673
1.5709047206039504
1.427461979309405
1.8797665666055492
2.06950049794565
1.9528652974587726
2.1105879481265863
1.9838274443947423
2.090400080453223
1.5986056098435808
1.6674902604555522
1.7591450273638636
1.8145234855258559
1.5698264717586397
1.555562091037983
1.7892165550390098
1.613662212940417
1.9332326018786805
1.8787080351644614
1.9034485564985144
1.5958528737500897
1.541519517914986
1.80911271285823
1.6923639585418024
1.599376588062508
1.567505275874626
1.3292075131000496
1.4233256753856742
2.2524282495219876
1.4333635896561652
1.393927180098267
1.490960111005569
1.3161624454137848
1.8573913749043398
1.7060409708637891
1.593208134555676
1.5989854638208085
1.7024540816998388
1.5814089849004596
1.53015724059165
1.1537173585159572
1.4708162088563124
1.8408666787537065
1.5217175611008809
1.3597512398296454
1.4777262330524565
1.6013852683460619
1.403852486704278
1.5879082436871341
1.3400703923791413
1.6040195014885092
1.3659666631752112
1.2292082023726205
1.0287814546288467
1.5784872265195284
1.4434732703242714
1.5392824967545786
1.324948203229294
1.1841374731908634
1.5509156161464575
1.3537086319383673
1.5338030499736155
1.580303914316996
1.4018711726965867
1.1594035087490644
1.2384208559285936
1.3568783032847203
1.6242909779933494
1.6885946097336417
1.0835293648749824
1.3996111106156834
1.5993821353424253
1.5287290387383596
1.3162139415682301
1.0744140646237088
1.2203001909720617
1.3613258399010644
1.255520818857696
1.6342358596798943
1.3296062376672828
1.2011444657219676
1.0519581662681627
0.9130751509072743
