0.005081369924482715
0.000526684682654377
0.0035465208682126104
0.0011255120814439579
0.00043832081905748055
0.0002880963227198663
0.0035477384806199552
0.0019488881112010858
0.0016419719704572344
0.0012304503868563188
0.005374001294740083
0.004102329586658016
0.003397473326913314
0.0034150892256548104
0.008072194942087663
0.006269531791076588
0.00576881285996933
0.0048518490079914045
0.010451340915096807
0.01211036702261481
0.009742601402649598
0.009559373409501859
0.01353211746118177
0.013392787735938327
0.014156049020130013
0.009994738144087023
0.020812205668335082
0.01846247570392734
0.014407614984520478
0.018421668906739797
0.025639955574661144
0.027122873412736226
0.02856559690189897
0.020181964282528497
0.026186395780314342
0.039442451550712576
0.03608316358986485
0.026239965060085524
0.045392839892883785
0.035095180168355
0.03984254643000895
0.04359965568801272
0.04370061424924643
0.053253711295838
0.04789420085398888
0.03378873990914144
0.05409646384214284
0.05126993006342673
0.05396690297493478
0.0650691410919535
0.050633004066185094
0.07533319498907076
0.06846171879442409
0.056443548237439245
0.07109484716784209
0.07275732640118804
0.06866980368795339
0.07617736065003555
0.08894392754518776
0.07981873776589055
0.07821228469401831
0.09129266245872714
0.10227570196366287
0.09640820149797946
0.11491370986186666
0.13046240724725067
0.10971233909367584
0.09317150111019146
0.1100376799586229
0.10524980609625345
0.15358859646948986
0.09020262922422262
0.15357174081145786
0.15094880349352024
0.15105679423140828
0.15040169886196963
0.13713459388236515
0.1293292951231706
0.13984248173073865
0.16799462291237433
0.19094806247449014
0.1321521266218042
0.16374218839337118
0.12267193163279444
0.15650409297086298
0.12557033808116103
0.16031880483205896
0.1887445913744159
0.16983767356578028
0.19590590870939195
0.27953806091682054
0.1706724262330681
0.19528059194271918
0.2097628154733684
0.21850100443407428
0.24037751596188173
0.23497649778437335
0.2354842123168055
0.253599297022447
0.27295036021678243
0.20883321161090862
0.25039476073288824
0.24677317096211482
0.2225925471575465
0.2102846345223952
0.2793748420954216
0.27163288173323963
0.2743289551726775
0.25978153657342773
0.3094979514571605
0.25286836599116214
0.23802609686390497
0.2675506447267253
0.2461257630493492
0.33981814663275145
0.19746615989424754
0.27117721328977495
0.22072899554041214
0.24528068985091522
0.26793939180788584
0.2868412262760103
0.25017516189836897
0.24525820201961324
0.36242158809909597
0.29325983274611644
0.29850915071438067
0.2940406523703132
0.45870120835024863
0.37343191882246174
0.32190386508591473
0.3720398998411838
0.3385328147560358
0.3289239293662831
0.30867072255932726
0.36838809796608984
0.27260237315203995
0.28615190961863846
0.37569532537600026
0.4197238187480252
0.3577079942333512
0.359412518911995
0.31069040260626934
0.3200806740205735
0.33496680870302953
0.3486244828091003
0.4474768905201927
0.35737379055353813
0.2922581675229594
0.3791800400358625
0.4309817551402375
0.4360314578516409
0.39241408079396933
0.4237654788303189
0.33143135005957447
0.43965742687578313
0.563900381734129
0.4549872866482474
0.4587936285242904
0.42260213603731245
0.5236020621377975
0.5225538247323129
0.5149228386580944
0.6092061314848252
0.4875007599766832
0.47313315753126517
0.42226300420588814
0.5500819460721686
0.7174592709052376
0.5043274042545818
0.5603096985141747
0.5012662328081205
0.47546477534342557
0.4663041274761781
0.4218848209711723
0.6125195479835384
0.5662513493443839
0.48958071338711306
0.567110558738932
0.5143702816567384
0.5672009635018185
0.6512518876697868
0.44207440403988585
0.6577690315898508
0.6615197899518535
0.5065247370512225
0.6412171492120251
0.6680762210162356
0.8008961357991211
0.5885237147449516
0.5647362323361449
0.7498501954833046
0.5701716614421457
0.6577980473521166
0.789933466585353
0.72197497531306
0.6806037232163362
0.6321124329697341
0.6378754025208764
0.6228285278193653
0.6640290466020815
0.7800783941638656
0.559638841310516
0.6336910194950178
0.7875722476746887
0.800772562273778
0.6533720848383382
0.5688704885542393
0.5467630530474707
0.6930607296526432
0.573333277949132
0.5962532085832208
0.6036036838777363
0.6233342839404941
0.8835962929297239
0.6254115755436942
0.6376274307258427
0.6240858862875029
0.7252695303177461
0.8348753526806831
0.8182918921811506
0.643495348864235
0.5698873925721273
0.6697445713216439
0.5697420261567459
0.5463656880892813
0.6810157942818478
0.7474926796276122
0.7369461393682286
0.5991343593923375
0.4975551385432482
0.6348643691744655
0.556567628053017
0.5510619828710333
0.6531267710961401
0.6804007017053664
0.7331515868427232
0.5784381846315227
0.6023392960196361
0.6508721265709028
0.552266639075242
0.5283410280244425
0.7127528332639486
0.6612649055896327
0.7872903995448723
0.6109258889919147
0.652745348867029
0.533211907139048
0.5639433431206271
0.6024754516547546
0.5853765024803579
0.7041582514066249
0.5195767139084637
0.6167443320155144
0.6297292077215388
0.5321432021446526
0.5794760620919988
0.5349790487671271
0.5161983183352277
0.41356156195979565
0.6227506335126236
0.46315980807412416
0.6197238980093971
0.5238404517294839
0.5890631265938282
0.5491657456544441
0.710148604484055
0.42938342432337484
0.4639074487948981
0.48833346419681717
0.48441674589641454
0.5467616715065138
0.46985245196838077
0.5649524611516261
0.5546834298710185
0.5013012071763436
0.35962822716536486
0.541196159901112
0.5653647578607394
0.4352411157268239
0.7662157769512943
0.48857523383587365
0.39214841129742267
0.44565089680547787
0.48020356553276694
0.45755155501872535
0.48439414658415036
0.41636050205061753
0.5149686602860923
0.4011138909327702
0.5028973452922866
0.4116713632279494
0.3811325862651735
0.5806577308910099
0.6207841470485597
0.5536292485130114
0.5564348428385464
0.507047558511336
0.5316897207123088
0.4457747842383197
0.5799813115690636
0.4772194175738988
0.43002817292851725
0.48955842711794095
0.558144089978511
0.4696887657632978
0.39146766899608254
0.44902781555502436
0.5018441853091473
0.3941714198101224
0.518066523347314
0.40253567226289766
0.4854506745817154
0.4681617964909771
0.3916566719220379
0.454253661702937
0.5066053011989969
0.543982377906484
0.4238959028730242
0.39580944180488586
0.5362276486524447
0.43964777300207636
0.3780453971286458
0.5138472418381473
0.5189108502442442
0.4639783209468436
0.6349673571549063
0.5708587269379398
0.6719154379968568
0.5831259670924014
0.42074917092567354
0.5270798685043816
0.6569711622290724
0.5859075741270395
0.5552853377550606
0.45727857536687627
0.5699121614140789
0.6606687373063695
0.6361939058763775
0.43554042291453504
0.4708754518839318
0.49027153802668955
0.5182817999537536
0.6300321045353656
0.49204316606202464
