17.469035494490527
14.771944214589894
11.32699175318703
80.70996714010835
32.70093356259167
16.718341421335936
20.9912391025573
24.81064024195075
19.75339176133275
18.685445956885815
15.315936530008912
9.949455671012402
11.76119383238256
11.993346241302788
9.271776584908366
8.986485542729497
10.9811930693686
11.847029795870185
10.40945116430521
10.172887036576867
11.499652449972928
12.621043401770294
10.595127028413117
12.540819101035595
14.285805707797408
12.300106156617403
14.29114068672061
14.441236917860806
12.559683511964977
14.633797580376267
16.58477727137506
14.515386541374028
18.106527362950146
17.85845156852156
15.308617381379008
16.921508259139955
16.657828054390848
21.481686662882566
21.46817777119577
17.86101613380015
16.200746554881334
26.813094205223024
38.271354200318456
28.38532107323408
35.68850710429251
34.5526337120682
30.79127468727529
32.60802684351802
32.53843401186168
22.135168282315135
17.39389086794108
12.263395332731307
13.395214076153934
12.109764293767512
8.185950799379498
6.95694405445829
7.275457773823291
6.444414833560586
6.460559096187353
6.653289457783103
6.942717349156737
6.148189608938992
6.229631590656936
7.262399214319885
6.0713958204723895
6.005863334983587
6.810941405594349
6.424898825585842
6.68441916257143
7.556140625849366
5.21661017043516
7.305298903025687
7.50184624036774
6.512126611545682
6.368224744684994
6.460920756682754
6.854253005236387
7.204965087585151
7.435276676900685
8.468442269600928
8.420154695399106
8.357865111902356
6.7246816689148545
7.47102916566655
6.124660059809685
5.1011789329349995
6.59088962059468
5.392622900661081
7.230471478775144
5.055882322601974
4.737669844646007
5.6739373710006475
6.931549991946667
5.727932953741401
5.038966228719801
6.246356521733105
5.644574725069106
6.454611321911216
5.186936907935888
5.074533047154546
4.263460663612932
4.462142115458846
6.398308009840548
6.838055987842381
6.363098950590938
5.465986825060099
5.3803340857848525
4.689171878155321
5.590189681388438
4.51411846652627
4.861209735739976
7.992142332717776
5.0193687956780195
3.8759868377819657
4.797052504494786
4.911881760228425
4.009283339604735
4.170680433977395
3.938145509455353
4.217172272969037
3.898426959756762
3.408928486984223
4.9467778080143034
3.6167062427848577
5.111251014750451
4.197718867100775
5.569002385251224
3.857801047153771
5.708760417997837
5.5801153322681785
3.8514026035554707
5.895710528828204
6.480664529372007
4.3636096604168415
4.547238067258149
4.583452637307346
4.476576013490558
3.313607384916395
3.6906954497098923
5.184016321785748
3.872673621866852
4.212897019460797
4.916712070349604
3.6103355204686522
3.373656949494034
4.056917727459222
3.5757383569143713
4.564269734080881
4.071839593816549
4.376331514213234
3.7662860276177526
2.3451997842639685
2.895883552264422
4.5271368571557105
3.5485594030469656
4.0298240864649415
4.396068391855806
3.5162949240766466
2.835127215832472
5.2166960197500885
5.5915977717377245
5.06770656676963
3.358619760721922
3.481687435414642
3.2011165716685355
3.304782914929092
3.022125097922981
3.048932645469904
4.429581777192652
2.6220993604511023
3.4660300291143358
2.579835473559797
2.7875454211607575
2.747072319034487
3.8520155237056315
3.2565043345093727
3.0916787129826844
3.5724795293062925
2.682618416380137
3.0368068679235876
3.5547506427392364
3.3264519264921546
3.4638702739030123
3.018274670932442
3.7453646915964782
3.003714982420206
2.9252110961824656
2.659110728651285
3.1131380926817656
3.1503943994175643
2.591879597865045
4.936307541560382
1.9976607020944357
3.0912195881828666
2.199426183477044
3.515972685534507
3.1299608666449785
3.4580907095223665
3.0536415078677237
3.2075164252892137
2.687167781870812
2.84126247651875
3.2085981825366616
3.8465845733880997
3.038114557508379
3.31974960770458
3.240156907355413
3.4237072879914194
3.3507259096950293
2.9932174221612513
2.547789741307497
2.8177883031312376
2.5182077917270362
3.187265595421195
3.518449821509421
3.7093717609532177
2.4865322690457106
2.9450411535799503
2.129011472687125
2.886027769651264
2.729884169762954
2.888784856768325
2.3126219897530973
2.0589285555761307
2.640101547818631
3.0349059840664268
3.347101050429046
3.3064812056254596
3.355947815813124
1.9760771235451102
2.847084859618917
3.1501618821639568
2.0919693876057863
2.1632265471853316
2.6265759840607643
2.828780409414321
2.6031445472035557
2.33230647072196
3.1199180854018778
2.626007242128253
3.222202477743849
2.0959997554309666
1.9981610386166722
2.5309963750187308
2.3391270143911242
2.1775962917599827
2.4061234514229
2.591528124175966
2.987103250809014
3.821975704282522
2.884106201119721
2.3434075557161123
2.7298967870883644
2.5768119362182915
2.242556242272258
2.2464495692402124
2.583566282875836
2.9062465210445225
2.8276871452108026
2.1263796342536807
2.8646163754165173
3.5621792289894074
3.106778998626396
2.7812850563786924
2.2813633186742663
2.3226021132431924
2.4255791367031634
2.3251351662911475
2.3786306034307927
2.922231490490958
3.5245165126398206
2.7653783508576453
2.5155395693145692
5.293430481571704
3.586083142552525
2.5441428509075195
3.89200655114837
3.23280070675537
4.013833098579198
2.8263984543737024
2.2326980780344456
3.5844327791128308
2.530356698669493
4.025104414205998
2.734631644561887
2.672265508212149
4.190226096659899
2.348409525118768
4.458873447729275
2.5790745741687715
2.0211632947903126
3.788748916471377
3.3219590494409204
3.0845572841353714
2.9338076263666153
2.8221456694882363
2.2692200751043856
3.4663180445786566
3.405079656280577
2.7927688797935843
3.575543624116108
2.5877974568866193
3.4611780408304185
2.5803323723375797
2.822540637338534
4.630531382514164
2.4149762731976807
3.445319860940799
3.204524708678946
2.6407642809208483
2.523706401931122
2.4509106245823205
2.949297681218013
3.233371765818447
5.215436109807342
3.549083001445979
3.654497148003429
3.867944391211495
2.920979046728462
3.9206332894973457
5.087937701493502
2.8636412972118706
4.1225969104561955
2.591252458281815
3.344664112199098
3.500037336954847
3.9023696682415903
3.6133593055419624
2.984984464244917
3.333865072345361
2.8496323723811656
3.461383547168225
3.2527451482601464
4.302081564906985
2.870366389863193
3.564524164656177
3.474303152412176
3.3849981953389943
3.403360992670059
3.3895774835254997
3.265070524532348
5.829082863871008
4.641065356321633
3.470452679088339
3.5381677204277366
3.645410498371348
3.699630477000028
3.769816054496914
5.400830425322056
3.545190714066848
3.4291029071900994
2.950333752669394
4.420877459226176
2.8755947144236416
5.582115188008174
3.721278893528506
5.075107011944056
3.3588826751802117
4.508413371630013
4.291747021721676
4.610523755196482
3.445993474451825
3.5087257034610957
4.052826429484412
3.151342187076807
3.060318931238726
3.564145502867177
4.350722626782954
4.703097766265273
3.8429295632522553
2.9156776508316398
3.1574801835231483
4.011017931159586
2.848127507371828
4.116093606455252
3.6685812673531473
5.466349663678557
2.566719073103741
4.041026507271454
3.303254867438227
3.6749177465680987
5.343256183434278
3.437782628228888
3.0410365781281143
3.5703967972658575
3.5162434636149555
4.861463983077556
6.996922699268907
4.866637625731528
11.304154741112143
4.353989360621199
4.2722337413579226
4.283583213109523
7.3782022055238485
3.2486146225128323
4.947721348609775
5.042902605142444
4.177496782504022
3.320114124333486
4.143376633990556
4.066836220445111
3.156942673958838
4.055146353552118
3.5031650019809604
4.3375457101501524
2.624185479944572
4.357374319341034
2.801771455677226
2.758865818846971
4.539608363062143
3.4935118549037725
3.572209946811199
4.603829078609124
6.0562351127155125
3.1074828263372183
3.415712714428082
4.403888952452689
3.555194298038259
4.7060167752206326
4.76880592526868
3.1184577140957117
5.344047898193821
2.6060385818127543
4.4909835269209
3.7250520470552146
3.2460681875236332
2.9650199562311172
3.137523913756013
5.350587709574029
4.03243976412341
3.7880911167012528
3.366992868250236
4.801439514616504
4.73655463475734
5.725519645260647
4.107881038915366
3.569335921900347
5.951143642887473
2.690075133694336
3.9455677955411375
3.5783345762174577
5.743964062537998
3.2350566319655627
8.429896211251616
5.821177436038852
3.697804669616744
4.251989412354305
6.048308273078874
3.0998069390188903
4.407620803220198
4.938490265281871
4.509831305593252
3.5531195022631437
4.284592401934788
4.405571880284697
3.42586173908785
5.7060678724665195
4.5436360409948975
5.199497542809695
4.042724943719804
4.522598732030019
5.454679464455694
4.419187676394358
5.104876609053463
3.5904326126910746
4.887375895632431
6.186858086613938
5.081986307865009
3.3666581218130887
4.601785809732974
5.189040761208162
5.569742882391438
7.718675370560959
3.819071106147021
4.9061572146601975
3.677460645791143
5.279291250742972
9.461330843856558
3.4023922765627503
9.31056334124878
8.526409529615194
7.115417540539056
5.432455729926005
6.100004192208871
5.185945660807192
3.4307093278039247
7.672413915861398
5.579794786404818
6.05224853893742
4.832187195774168
7.0372413287404925
7.7383532237727195
5.25407990347594
5.003625250887126
5.528206076240167
5.616976321209222
4.971254713367671
5.468384787905961
5.3419979475438595
6.480118636507541
4.001792640192434
4.883438930846751
4.3185155862011015
4.765728428028524
6.763152889441699
3.7293168446049094
5.292720588622615
4.158591524232179
4.618761641671881
6.651603612815961
4.703943811357021
5.308666373137385
5.224653242621571
6.408805286511779
6.125440638978034
5.499182051513344
2.689262461848557
5.735828281845897
5.877232984406874
5.289177281782031
5.775500667281449
4.781947711249813
4.308330513304099
5.512907132972032
6.391191165661439
3.8493619291111827
3.2423795151989907
4.677927079610527
3.603780345991254
3.559018070343882
5.07887998665683
3.5685907679144293
4.701241839909926
3.9315784513019025
5.729814090998843
3.2695967159233987
4.8428624351508915
4.2587454142048955
6.138262036489323
3.000365313142538
4.0044724005274475
4.269429476000369
3.7848319991026074
4.740449313540012
4.423112641554326
4.9327350608073175
4.124005351448432
3.776403477648273
4.058065520366654
5.549538912251592
4.58390951086767
4.348208210431039
5.200171437347308
5.385299825575203
3.5705937033053488
3.586444114567712
4.025943080428988
3.8558258635457605
4.257276074960828
4.590879919938743
4.880504940170795
3.7253676373511553
3.2068348322063684
3.3469258984550834
4.847283650422469
5.039335821988061
4.8143771779723465
3.875650132074952
4.0078046871349216
3.268010935280472
3.6754740672186017
3.519249389413744
5.306685606949031
3.7665688290726393
4.004844171460718
4.547805560519919
4.975708260666579
5.112905621994287
5.020158433355391
3.4946941463276744
2.880865949438885
3.971740199252963
4.8761332153808326
3.704307946609333
4.624713050201535
7.538214375730604
4.265239420579746
4.767563740955666
3.8185708448290825
4.635696535697207
4.522362579591572
3.8513118985574692
3.2552575669251382
3.3113187858834863
5.898343793349341
2.669336284743622
3.7499246534425765
3.7506687082350254
3.4510341899003834
4.117219198029488
5.47638148535043
3.584165364038199
3.8654832877218723
2.490808525122702
2.852695528883487
3.5540497060865164
3.3260626289993525
4.054937107954174
4.173395152203739
5.805717468960211
4.1830259973648936
4.1683594135101885
2.7531018184963614
4.100578527897596
4.673269551480189
3.6289214610587806
3.906735982513055
3.6132605909369886
3.153484231326729
3.2077620199415833
2.677487633889541
4.314095625653863
4.272431163582951
3.1955697464291006
4.35951941460371
3.5953020171727985
4.581655776593834
3.0268065333366394
4.712383977603167
4.389529561856762
3.4115753376390785
4.8569064401090145
3.484425558708608
3.4297745029907674
3.5694098048843443
4.732434363570064
4.058233076473698
2.932318619918078
2.9788402335252613
4.939027297310531
3.596761989640072
3.719359692186117
4.596117165638134
3.473886960884556
4.402185239363462
4.605478716315702
3.910905493889004
3.6676775673404336
3.176698400406167
4.134352003224194
4.661332007031888
3.342953105457127
3.9368209848180413
3.955994612770155
3.1906888557132334
3.8642594683915377
2.744580789934844
4.179703039349988
3.6432558884844184
3.3556017223745584
4.285957472398877
4.319270002888516
5.848791675642133
4.954831798793748
3.848327609244734
3.7809876177925617
3.333405856974423
3.9208471165038645
3.167214785469696
4.206554659642279
3.680525221861899
2.8641189243644476
3.6086925622075796
3.7811998720280826
4.606215951964259
3.893653283128515
3.1644401035737246
3.977383480872959
2.9952313292305917
4.539487034548074
4.706720900954679
4.341452816268429
3.6482547104824334
3.4140574496705085
3.0513490778394043
4.85325884190388
3.6701855421997607
3.7029015307780355
3.4453948149457574
5.4182470354717225
3.1567381438799202
3.0524195928592235
4.144376206211746
3.1249431376345456
4.296340734232217
3.947019735816866
5.165610230062157
3.1863682749681175
4.845141380559653
4.578665410168469
4.759564748732373
4.378816981101409
2.8405041217338294
3.353766991989687
3.5540266155730933
2.623238852713257
3.1900320916902274
3.2567359190434217
4.551076940726489
3.935635026311502
6.358368523651734
3.7521264762617648
5.06983881094493
4.337194845080376
4.184337374987081
4.185906446538866
4.888283883687109
4.895027467049658
3.330924483248964
3.678607667563483
5.0720585733652115
4.906781864818186
3.727410697378218
3.736957810819149
4.452948808902875
3.9335909101646394
4.239905680064112
3.347314043203369
4.337252912577242
4.9607054407242686
3.979075161740184
3.487578619271517
5.233663117513061
3.855288165388629
3.196664033224806
3.212323176674545
3.2097024612594396
2.818229414988309
3.42382919928059
3.588699863990769
3.6511585605330765
3.5863014657516032
3.413275286089629
3.958060196135193
5.768337346846238
4.5861541766207665
4.24771553860046
3.8889250182546675
5.729859844315797
4.260756399016827
4.846934236586094
4.104231096804142
4.743127739056945
4.65366920363158
4.403349704574794
3.8322971505112946
3.7768792216666043
4.218912387266755
3.461804284946993
4.17404977302067
4.031013832660392
4.210052611073479
3.4749946342781186
4.630372908432037
4.913315226789564
4.869874360738322
3.63607621868141
3.9132801326923072
4.544048944255337
4.810931311920285
3.0403998172841966
3.5873974373098463
4.511745192343369
4.922589118825272
4.420392718864605
4.900423459010199
4.2503504829946905
4.911354574607685
4.624387752031907
4.196829944150522
3.8755635819397867
3.786249762866646
4.120960179716349
5.480875067645684
3.614250314189121
3.4319757285993546
4.113198985811323
3.1459944483358413
4.774050099775195
3.8586036348715425
3.1328527433797717
3.809277431573719
4.042300962144509
6.302842076867819
4.167503457283601
4.156224568141624
3.2798416547011584
3.312248990871012
3.5664616057183594
4.63378270692192
5.695436385227367
4.331157796550542
4.520657592685893
3.850132612278685
4.983732440508902
4.599477476673201
4.317296055378392
4.133358538616449
4.186274360399693
3.4346991633065045
3.628890906693414
4.401921473443508
4.048962474334985
7.009189433883876
5.537076261127368
5.946885730139911
6.0945938841905445
5.6742734492290765
3.7501102313399315
3.035638734465465
3.7546486270148307
5.557965041603893
5.918661132920533
4.80802181805484
5.7422805819660425
4.072578115621582
4.117488104151562
5.655294495634735
3.957186656538397
3.867350741289556
3.4839594785589725
4.062468670774251
4.651372843189165
4.6884180079214275
4.458480770001188
4.827877098461613
3.5079111775849015
5.3217576059978455
4.9405834269709885
4.799257420469075
4.724688460119069
4.0136641098652035
4.777480163611472
5.792036620201543
4.635122722946107
4.116917747771367
4.612711194669828
3.67313029919751
3.4873015261255205
5.2580558902118355
3.752680874662474
4.423820965923369
4.439667852140787
2.79040116189033
3.985713577176642
4.839773801602717
5.6314268194315
4.424071959153873
5.589113089043324
3.288652192654572
5.615784336497464
4.361882764758088
3.6898534281516637
3.0322576186319035
5.830230009133421
5.250252148063164
2.8122991942983915
2.8444613631316056
2.792930563369135
4.134395130271987
5.026636120606595
3.239851288438782
4.727707363019778
4.172892055408222
4.68147472157253
3.8418856540064175
3.7220286156718188
3.8774839332253914
5.53697520846457
3.9314252792850253
4.513729262539721
3.669663230969211
4.266507966311898
4.303593256342129
3.615600506386419
2.722801766057653
4.32296233360223
4.915758343897466
3.895138003460066
3.2547847271904233
5.067444822919651
2.929896758297297
3.757889031190572
3.0471801659253637
3.5359807145877147
4.40522632566024
6.039313015975352
4.891037278991985
4.401457785738735
3.4228471970464303
3.0556323251386326
3.6840072187382407
4.8756527067638755
3.9677042113983725
3.7578368381721767
3.8360187136751462
5.3988355170554065
4.574064570383762
3.412643593127333
4.700989313247636
4.910626360985238
