0.70801073
7.6318436
11.903147
15.428317
18.65427
19.595863
21.333017
23.845966
25.721542
27.637623
28.250275
29.712086
31.831816
30.300089
35.059166
35.540245
36.462757
37.27545
37.871902
39.32108
41.57821
43.415657
43.878853
44.476837
45.394817
46.152786
47.576393
47.77662
47.479027
48.025917
47.81526
46.208183
46.2828
46.833755
46.72722
46.226288
48.747066
49.316982
49.59984
50.122368
52.32334
55.85988
56.097614
54.83236
55.733967
52.071163
54.398224
55.156643
55.195843
52.213108
52.53858
49.98555
46.81762
44.716503
41.7267
40.11311
38.932304
36.623444
32.547943
29.206892
22.840258
1.9130508
-31.007978
-57.78853
-125.1888
-168.27142
-235.17891
-275.18613
-332.06732
-375.63657
-435.35178
-494.53937
-518.08124
-592.8257
-695.58453
-765.4177
-806.7018
-866.3646
-927.2375
-1001.2693
-1064.3882
-1156.6276
-1243.0541
-1369.4371
-1512.6669
-1643.3651
-1708.4304
-1723.9915
-1805.7665
-1963.6727
-2020.2737
-2191.9983
-2284.844
-2387.6174
-2552.883
-2717.9868
-2849.392
-3015.7615
-3085.0964
-3188.608
-3315.072
-3372.5251
-3483.667
-3511.6616
-3606.7637
-3668.8586
-3804.6592
-3794.6863
-3886.9302
-3981.8481
-4112.7466
-4207.122
-4274.469
-4326.543
-4442.425
-4482.5664
-4581.519
-4597.8276
-4674.627
-4728.955
-4720.997
-4827.264
-4889.8228
-4896.523
-4983.43
-5050.727
-5033.6177
-5061.2583
-5049.62
