0.8951608194038272
3.512294569052756
0.5449836200568825
0.39773856301326305
0.4140529077267274
0.38922340812860057
0.370419418963138
0.3724986190791242
0.4167357106343843
0.4902390503557399
0.42098298319615424
0.44229280308354646
0.4269149700412527
0.4507914519053884
0.4729510674951598
0.42045994248474017
0.43441194790648296
0.4396253526210785
0.4157346627325751
0.36844630213454366
0.360447256709449
0.3244395401561633
0.30589170567691326
0.2801986720296554
0.2950283517711796
0.327967299555894
0.3159698462113738
0.3261582223349251
0.3920567443128675
0.4260820896597579
0.41810205252841115
0.4161993903107941
0.4144820305518806
0.43506643583532423
0.44487556151580065
0.41581607738044113
0.4461530997650698
0.49795753788203
0.5367389466846362
0.48977993545122445
0.5287254338618368
0.5105310911312699
0.5233077238081023
0.5136228293413296
0.5408984867390245
0.4934457731433213
0.5974440596764907
0.5828176283976063
0.554176012519747
0.5578997520497069
0.5751617894275114
0.564023419865407
0.5747432552743703
0.5692727899877355
0.5863276768941432
0.6341930223861709
0.6096480219857767
0.5877722623990849
0.6276359886396676
0.5834578784415498
0.6467117688152939
0.6195627625565976
0.5792323327623308
0.6184271548409015
0.6231638323515654
0.579300107434392
0.5558852385729551
0.5478870990918949
0.5178516384912655
0.5299910678295419
0.5439282524166629
0.5150515601271763
0.5142581399995834
0.5655260535422713
0.5579054637928493
0.5434392772149295
0.5098946015350521
0.5795508424052969
0.6570924853440374
0.6329897596733645
0.6188641579356045
0.7199809734011069
0.7411538247251883
0.8133485013386235
0.8042240127688274
0.7446766106877476
0.6548119195504114
0.7131492000771686
0.8072607294889167
0.7784816341008991
0.889966522809118
0.8759774031350389
0.9207035233266652
0.9083245451329276
1.0550018139183521
1.0616212910972536
0.8668699266854674
0.9581011328846216
0.947785783209838
0.997680843109265
0.8741928177187219
0.948846960440278
1.0204065605066717
0.9817705997265875
0.9898773530730978
1.0359666385920718
0.9594589178450406
1.1198071682592854
0.9931340615730733
1.0720239173388109
0.9205988064641133
0.8259076665854082
1.0102229990297928
0.9589168624952435
0.9443416051799431
0.9834580029128119
0.9180888350820169
0.9897509703878313
0.9341081576421857
0.8968201981624588
1.0488287137122825
0.8888900234596804
0.9954958870075643
1.1617092145606875
0.9304914122913033
0.9211854431778193
0.885227412567474
1.080059235682711
1.044634026940912
1.0194374510319903
0.8957872971659526
1.0622705318965018
0.9121152304578573
0.9347153578419238
0.8660390949808061
0.8502653407631442
1.038032835465856
0.8863307759165764
0.8937574953306466
0.8421470619505271
0.7927053462481126
0.7663317258702591
0.8236008259700611
0.7778210246469826
0.8471272038295865
0.9089971745852381
0.8388500924920663
0.8180847228504717
0.814856321667321
0.8192639289190993
0.825872176559642
0.6804458539700136
0.7256014364538714
0.6895039035007358
0.6725136890308931
0.6906534523004666
0.640644894214347
0.6308206992107444
0.5529709602706134
0.5569784224499017
0.5356601368403062
0.504792275140062
0.49844673316692933
0.48457401484483853
0.5205842874711379
0.5037302568089217
0.5374171432340518
0.6669400801183656
0.5956793852383271
0.616394309210591
0.5143832875764929
0.5862797375302762
0.5749088493175805
0.6684460495016538
0.5168783505214378
0.622506704472471
0.5694044665433466
0.5698408879106864
0.5327179328305647
0.5650757135590538
0.6608033839729615
0.562702420167625
0.5220871847122908
0.6644964591832832
0.5629985764389858
0.5914341411553323
0.6571477827383205
0.6618549941922538
0.5653765667811967
0.5051245867507532
0.5662627827841789
0.5815936852595769
0.5168475164682604
0.4918474769801833
0.5080158858327195
0.4345559183275327
0.4342907971586101
0.5197753221145831
0.5313562505762093
0.49964869051473215
0.5557085176114924
0.555088312830776
0.49786088103428483
0.4995489818393253
0.5237706318148412
0.5230181887163781
0.55654246523045
0.5322668313165195
0.5155687761143781
0.5174330702866428
0.5892788045457564
0.5391957018291578
0.4817139059305191
0.5007230666233227
0.45843034249264747
0.48787698219530284
0.526903061021585
0.4464874444529414
0.5204048799932934
0.5450993424747139
0.5400726160733029
0.4623050391674042
0.43605096224928275
0.4707481535151601
0.47650512715335935
0.5143058147514239
0.47839156800182536
0.5176551468903199
0.47946540429256856
0.4951402925653383
0.5367026880849153
0.5336598992580548
0.42790503217838705
0.44661151961190626
0.4383410735754296
0.45775438932469115
0.4338220063364133
0.3750199564383365
0.38550781772937626
0.44642054656287655
0.4271366760949604
0.328096819750499
0.3783422363922
0.3930629004025832
0.30800992145668715
0.3493376757251099
0.32599628233583644
0.35361146193463355
0.32648800016613677
0.3185897233779542
0.35820007958682254
0.33829660899937153
0.3321001169970259
0.30000380118144676
0.3342553645488806
0.3361869769869372
0.37159737033653073
0.3664077899302356
0.37418325670296326
0.41157181962626055
0.34288678964367136
0.35250337049365044
0.33432343549793586
0.319769992842339
0.3561342909815721
0.3236483816290274
0.30627038632519543
0.31514935224549845
0.38170217181323096
0.2869172925129533
0.3637219956726767
0.30145187728339806
0.3267617226811126
0.27704328927211463
0.31909802148584276
0.36439365666592494
0.34792350901989266
0.359025934827514
0.39561033446807414
0.40041327849030495
0.3854826542083174
0.395669017045293
0.5120652563346084
0.4712814343511127
0.44316301838262007
0.45806557027390227
0.43926687975181267
0.3918057080009021
0.4197680280194618
0.4623311712348368
0.48750040028244257
0.44678512401878834
0.47560538351535797
0.42740068564307876
0.4394574628677219
0.4350495588150807
0.44149140745867044
0.42949741100892425
0.4196626371704042
0.37093841552268714
0.36654984738561325
0.3348501295549795
0.3982748921844177
0.36415080874576233
0.30833946864004247
0.3458988513739314
0.4001830686465837
0.38333310408052057
0.37318157963454723
0.45232674828730524
0.40214072802336887
0.395658259105403
0.4026385025936179
0.3783054741215892
0.4112467434606515
0.413300639600493
0.42549925355706364
0.4452113478910178
0.41929851163877174
0.4683113910141401
0.41398724980535917
0.4076560364337638
0.3878883494762704
0.47103776287985966
0.41178813902661204
0.40565039665671065
0.4252579012536444
0.4029727518209256
0.43015699385432526
0.4813019193825312
0.46773051703348756
0.4204020935576409
0.4767004636232741
0.45462710183346644
0.4277282476541586
0.47653729101875797
0.43456344067817554
0.3471255012555048
0.3802659563953057
0.35584055294748396
0.3737539316934999
0.3997329476987943
0.410579094896093
0.47424096235772595
0.40845386899309233
0.3854092392139137
0.4107805168023333
0.4715694591868669
0.4695076865609735
0.42751754965865985
0.3877164226141758
0.4008506754762493
0.4075487394002266
0.42732625763164833
0.42809041804866865
0.46400370402261615
0.5484073786064982
0.4734062841453124
0.45571188314352185
0.4341260475339368
0.4699423532001674
0.4562751204648521
0.47593216079985723
0.45692424930166453
0.4403725528973155
0.3886223593726754
0.41079132101731375
0.39219885878264904
0.3879105069790967
0.43271510853082873
0.44510762055870146
0.5048343616072088
0.41104159149108455
0.420765140443109
0.4497142352629453
0.4843233837746084
0.45979102596174926
0.47750313044525683
0.44911198678892106
0.4748136661364697
0.4477909868583083
0.46524006803520024
0.45610934688011184
0.47348085220437497
0.4281317663844675
0.4470271044410765
0.36089996906230226
0.4467169034178369
0.42328612285200506
0.49426162254530936
0.48437396925874054
0.42988179641542956
0.44689519761595875
0.3528470756136812
0.3621984978672117
0.3742839368642308
0.3948140845168382
0.40788303391309455
0.4220019440399483
0.39163977949647233
0.4367214463709388
0.3948235656134784
0.43639434670330957
0.4144661401514895
0.4273192727705464
0.36179981275927275
0.42271343112224713
0.39891920518130064
0.3787975200393703
0.40545914543326944
0.3953831661492586
0.3797738871653564
0.4046351882861927
0.4123101038276218
0.3763364768237807
0.3671436339209322
0.37951534299645573
0.38675783277722076
0.37324776686728
0.3039038158603944
0.3565383079694584
0.3466892416472547
0.3496918413147796
0.3429363929608371
0.3655451917438768
0.30480886378791183
0.36600567447021604
0.3274656015273649
0.33911287965020165
0.35057596358819865
0.33915316508500837
0.35108958918135613
0.3530070508713834
0.3312307072337717
0.37430902273627
0.3809111015871167
0.3749357738997787
0.37538927601417527
0.3708586035645567
0.36122954421443865
0.3424467610893771
0.3390192035003565
0.3870784851606004
0.3467265403014608
0.352941989665851
0.36383551091421396
0.35736637271475047
0.41554303612792864
0.3309602119552437
0.30813793931156397
0.32980394741753116
0.32939088687999174
0.3257181834196672
0.3614774660090916
0.34466201276518404
0.3160532516485546
0.31625398178584874
0.3612566855154
0.31590287876315415
0.3219281693454832
0.34265299589606
0.2919442596612498
0.29402098135324195
0.32043361716205254
0.30402487341780216
0.3499562291544862
0.31761731079313904
0.3096481051761657
0.29591495759086683
0.32893646211596206
0.32627879246138036
0.3002600874751806
0.27348694211104885
0.2777852811268531
0.2718181411619298
0.2668755885097198
0.2709029888501391
0.24708071816712618
0.24589603446656838
0.2845980239799246
0.2580995772732422
0.27231404557824135
0.28388558761798777
0.2687548414687626
0.2898626647074707
0.29999632987892255
0.2841054035234265
0.2930333358817734
0.3045505246554967
0.28819879560614936
0.29657549574039876
0.25500776967965066
0.24113829247653484
0.26345304248388857
0.25703382678329945
0.27514827856794
0.28986897025606595
0.2782930957619101
0.2705479842843488
0.27692018903326243
0.28546543570701033
0.2639718680002261
0.2678437357826624
0.2579110040096566
0.2405313586932607
0.2541909613646567
0.25117146223783493
0.25427849596599117
0.2670377469912637
0.2318740923074074
0.2661528853350319
0.23870203577098437
0.23150555993197486
0.23728784860577434
0.24227019678801298
0.21730023180134594
0.25494442880153656
0.2355180548329372
0.22901783624547534
0.2720855620864313
0.2858706539554987
0.2719801053754054
0.25797867693472654
0.2580014942504931
0.26689106004778296
0.2578751660184935
0.2757947923382744
0.2874479133170098
0.2781094407546334
0.24538379191653803
0.26927166181849316
0.26912528288085014
0.2987726057181135
0.26822417869698256
0.26352445158408955
0.27717835089424625
0.2379698416334577
0.2730844766483642
0.2619193470454775
0.23915232229046524
0.26638509615440853
0.2650739392847754
0.2571857171715237
0.27740264643216506
0.2551668354717549
0.28740439686225727
0.28503256471594796
0.27585106596234255
0.2642067970300559
0.26777330780168995
0.2980452009651344
0.28016123408451676
0.29036673839436844
0.23633432714268565
0.2716028123977594
0.2940641955647152
0.2361828871362377
0.28725450759520754
0.25321385616553016
0.2778098956332542
0.25860498123802245
0.2666135019680951
0.29665471997577697
0.27599053204176016
0.28343355070683174
0.2861293222231325
0.24877287942217663
0.26896000606939197
0.30040729616302997
0.3096411629812792
0.2870740386133548
0.2743868466641288
0.3236357126152143
0.2748284190893173
0.3136516070808284
0.24849201834877022
0.3095231995685026
0.2939479746273719
0.25344734330428764
0.30433246211032383
0.26395801283069886
0.27195282097090967
0.27398199372692034
0.25427293177926913
0.25971134525025263
0.2565275685337838
0.2131985588639509
0.24549983511678874
0.23835573316318914
0.2685846280946862
0.22958807490067557
0.22661263146437705
0.258069786708802
0.2540478800656274
0.2334154810232576
0.2892240872606635
0.29639989201677963
0.31768843927420676
0.2701664646156132
0.2666128361597657
0.30200078792404383
0.3113746246090159
0.3399291336827446
0.31605037773260847
0.31560777372214943
0.3042773015622515
0.3063034129445441
0.25319576618494466
0.2916385112912394
0.26405991963110864
0.26265583222266287
0.2813767186598852
0.2632143116206862
0.2604214818566106
0.28760526375845075
0.29060014587594196
0.22676562203560024
0.2256117321376223
0.2917027684452478
0.2355105173191987
0.24633477110182866
0.2715596026973799
0.2625459311529994
0.2159178912988864
0.23158350915764458
0.1924444922769908
0.23739524284610525
0.18782190757337958
0.20469036916620098
0.22908657995867543
0.21570574564975686
0.22307779086986557
0.20368448211229406
0.2170099695213139
0.22305343640618958
0.21035252694855444
0.24610750915599056
0.2190719157224521
0.22619672186556272
0.22265246938331984
0.2349237638991326
0.2366787558712531
0.21661271201446652
0.24157239389023744
0.22206370922503993
0.23859304867801256
0.2251110942743253
0.2265993594774045
0.2045941739634145
0.21569447024376132
0.19072485619108193
0.20210633287206292
0.20324981812154874
0.22611953603336588
0.2154905971547123
0.21595695716678165
0.21348594687879086
0.21635596934356727
0.2120100607862696
0.21454410647857003
0.1939984816708602
0.2329936646274291
0.2565517439506948
0.2492729855584912
0.22159527248004451
0.1966723986552097
0.27146363735664636
0.233282196422806
0.21847126400098205
0.23419413834926672
0.23515785549534485
0.23724534283974208
0.20779557229252532
0.20995593050611205
0.23233516127220355
0.21526590760913678
0.21039540859055705
0.23406402673572302
0.21793309107306413
0.1998849294905085
0.19887669579475187
0.20959741438855417
0.1949537064647302
0.2000964521721471
0.20401872691581957
0.2186884849506896
0.2154460708843544
0.23319586555589922
0.22970726506900974
0.22083780355751514
0.22424207645235583
0.19938015323714353
0.20512664518901147
0.19368679067702033
0.21101126345456578
0.21880742863868363
0.22906919766683131
0.24979507611715235
0.23792184103513137
0.21178284616325982
0.20339631484239362
0.22467846755171195
0.20477803627727553
0.2044147226260975
0.19851333508268
0.19952843186911196
0.1743236126494594
0.22888230936951004
0.18561868666438386
0.2255676961503923
0.18948217629804276
0.1862743515521288
0.2053593320888467
0.1874252264678944
0.17929685430135578
0.18488439664361067
0.17350298014935106
0.2233246349496767
0.19282836656202562
0.1816972761589568
0.16054062321200036
0.18734233567374758
0.16549368636333384
0.16683972580358386
0.15288308999151923
0.13598431146238
0.17420944219338708
0.14697686792351305
0.15476723978645168
0.15182168511091731
0.13213833654299378
0.15436252095969394
0.15597626197268255
0.1428563736844808
0.14985620402148925
0.14756781636970118
0.1494877434161026
0.14129696105374023
0.1564643132733181
0.2177393625024706
0.19153550095506944
0.18243408057605848
0.22416508625610732
0.19757124842726626
0.18839020264567807
0.22966226178687066
0.18405850415001623
0.2237025038630236
0.2165236336295493
0.22677551314700395
0.21761942002922297
0.22455565794371068
0.22589345744927414
0.21304769290145487
0.18100071462686174
0.22396412235684693
0.23868057623622008
0.23240719770547003
0.2545581297890749
0.21856927662156522
0.23554629308637232
0.23582374647958204
0.2774495115299942
0.2272140438144561
0.23075406410498545
0.2576146972423885
0.24413556617219
0.27590641085407697
0.2550331514212303
0.2770630214654375
0.27771171263884753
0.2676865659886971
0.2644240077061113
0.24427630871650763
0.25715372303966433
0.26241289245081134
0.2643430392781738
0.2604164593212772
0.2621107205050066
0.23193133965833113
0.2577186892158352
0.21033477742457762
0.218917898950167
0.2162147938797716
0.2531991023279261
0.2075475439778529
0.21518631593789905
0.2526979210670106
0.222994683572324
0.26231051847571507
0.26088548082043417
0.22575292183319107
0.2635981142229866
0.245010623941198
0.29462784965289757
0.31027988108689897
0.2326705296
0.25081432415754534
0.24782958620926365
0.26416971688740887
0.2951968729030341
0.24395497771911323
0.26392600845429115
0.23139244550839067
0.20906618144363165
0.23222259289468639
0.20582609661505558
0.24137006510864012
0.260829305218067
0.2627441729127895
0.22414556023431942
0.2261768158932682
0.20781782080302946
0.2629871033132076
0.22032201816909947
0.24882386965327896
0.23747150614508428
0.18682299909414724
0.2126649774145335
0.20780549073242582
0.27325339915114455
0.21378315062611364
0.23737810220336542
0.21236511261668056
0.28184608719311655
0.24145048565696925
0.23255262567545287
0.2089028414338827
0.25612502099829726
0.2153756877523847
0.25035936731728725
0.22640834201592952
0.19137918995693326
0.20912142982706428
0.21496566801215522
0.19477709321654402
0.21227103495039046
0.18855595073546283
0.2089460868446622
0.20691539265681058
0.2223747374373488
0.22805524081923068
0.19443439986207522
0.20085759734502062
0.2003763031680137
0.2190741470840294
0.20111336326226592
0.17717855743831024
0.20041318639414385
0.18158438921091147
0.18595209292834625
0.2389680061605759
0.18088488074135967
0.23985295498277992
0.26937392746913247
0.2412186129949987
0.1983272471698001
0.15916404516610783
0.1821856814203784
0.18624295759946108
0.16847908883937635
0.20893973638885655
0.19736389510217123
0.1704615700582508
0.1929948889883235
0.18380366323981434
0.23307483780081384
0.2398741901270114
0.17975953718996607
0.21391307722660713
0.18356223101727664
0.2097622505389154
0.2047088195104152
0.1973417928093113
0.17530748530407436
0.1957726382825058
0.22291022847639397
0.17660925499512814
0.17264120158506557
0.19930959795601666
0.21910250827204436
0.1856943235907238
0.19162578094983473
0.16938295582076535
0.18156098775216378
0.18219124918687157
0.17512768806773238
0.17161240603309125
0.1836962494708132
0.16870751284295693
0.182422942656558
0.16268758739170153
0.18469745040056296
0.21999772838898934
0.18422287417342886
0.16414872626774013
0.21742108205216937
0.23009330141940154
0.190008510107873
0.19480105323600583
0.18773288003285415
0.2070333220763132
0.1851073795114644
0.2174613485694863
0.18737124823383056
0.2466051285737194
0.21264201687881723
0.17041925582452677
0.2162426503491588
0.18249626920442097
0.19708549085771665
0.18741428447538055
0.20828677638201043
0.2014569114544429
0.16797039032098837
0.19624174054479226
0.1589033562631812
0.17795537765778136
0.1860439377487637
0.17273087169451173
0.19671957608079538
0.20051108225015923
0.17320849731913768
0.19075525624793954
0.18020666859229095
0.2064046002633404
0.23927893937798217
0.18117308075306937
0.19549716226174496
0.18596078378323
0.156898470770102
0.1332366600399837
0.1492230486474
0.18722459641867317
0.15691520800464787
0.15897938451962546
0.1702095092914533
0.1501478279242292
0.13902329676784575
0.1647768349503167
0.18169680138817057
0.13369079469703138
0.1648954650736414
0.14060352044180036
0.1446986069495324
0.15708029607776552
0.17570807074662298
0.16788785421522334
0.18954432575264946
0.15363231123774312
0.16508740396238863
0.15139607491437346
0.176278682454722
0.19398072914918885
0.230246731225634
0.18765395425725728
0.19592619242030196
0.1961712889606133
0.19833798723993823
0.19495902094058692
0.2014798458549194
0.2381359039572999
0.19479536937433295
0.21159973429166712
0.1991673108714167
0.20046215315232985
0.17927821993362159
0.14428993660840206
0.19424164306838065
0.18616577141801827
0.1600913999998194
0.1941529584564562
0.14902238201672638
0.1778192242358144
0.15765647616560066
0.1526291331965623
0.1437758371585936
0.1883797819513505
0.1636215148889643
0.18183029645423252
0.17457789561058593
0.19008368353440067
0.23359259391042192
0.20715994622529021
0.1701502428925413
0.20188579928335243
0.1921758033100545
0.21171776431165343
0.1957302026039972
0.21625302729057513
0.17748240680675806
0.1927855462422521
0.1768112211656852
0.22228861723359175
0.23966575906736645
0.20486510002354938
0.20864007786268324
0.23748402004166852
0.21301617837093006
0.21520950454543894
0.24520873788773545
0.20219875842802168
0.2061173454455034
0.24669098739666262
0.23160361378329006
0.2707348024457928
