0.0014438149399893518
4.451859501841682e-05
0.002084746529718018
0.00028537499173353353
0.0001552951540304548
0.00014497231612153882
0.00243528437604823
0.0009967462444251396
0.00046327967538672965
0.0007677172806666022
0.0032835625233929022
0.0016952311292470768
0.0018202716589712509
0.001278547744050229
0.003950367697029833
0.002291767295560021
0.0020510679141807486
0.0023166344774381287
0.004328677374587642
0.0032612385671200173
0.0025914140503573435
0.0020612745389598786
0.006020394558163389
0.0035952258292581973
0.002839214093114606
0.0032604831422986535
0.007252402182757578
0.005013191623220337
0.004474378108852761
0.0027627096783362504
0.007851410214470889
0.005451919094525692
0.0030408204936520633
0.00527339317568476
0.008827212381220306
0.004714874195315133
0.003984047389394618
0.007087506363632201
0.00789643607868129
0.0060039224429147
0.006456919036963882
0.008046792394452496
0.006907219345521298
0.006963369665299979
0.005168749153199315
0.009828202455992141
0.005893262020890688
0.00782711657893742
0.007090417615927436
0.010084636543979286
0.008302988854666182
0.00861832219925418
0.011046750257264648
0.012176271509815706
0.009835012014718814
0.008159355094448983
0.01241198202706073
0.00947775484610247
0.009967356289962481
0.013103305356253259
0.010996102902481653
0.011646072082839964
0.010168901327688218
0.014073043751523073
0.01332595741860132
0.008398012597353954
0.010047393327113241
0.014708528757182648
0.013494287154571794
0.011082175420597196
0.01618569878519338
0.014238964546166244
0.01483624908269121
0.013882122224458726
0.015639139115592116
0.01309644620596373
0.014845797648376902
0.014564864900421526
0.01832632310652116
0.016295149549478083
0.013750478685324197
0.02230003553449933
0.01459025015901716
0.019793251171904558
0.01563208737206878
0.020497174466072465
0.01760775442016893
0.016225296199991135
0.022946059944843
0.018984844009537483
0.020306389495090116
0.021931179631792475
0.01962264271423919
0.01684469545580214
0.0243273152900656
0.018478473401046358
0.02330110470757063
0.018161989743020968
0.019607776735938387
0.02808301240656874
0.02371726893397863
0.02378322738877614
0.030821270805972745
0.022569283630218706
0.028737204205754097
0.029331988896956318
0.02329628723600763
0.025820531178396777
0.028089554556572693
0.03101923907706805
0.03157835295678524
0.036407100484211696
0.026757624198580743
0.02945018999525928
0.029797663153658505
0.032013217169151176
0.035622234812763054
0.03125315196302836
0.034769649151712656
0.03466555655541015
0.032418634564237436
0.028829379396484
0.035787486311164685
0.03310364282151568
0.03519130912172841
0.03474194525915664
0.03528516563528683
0.038637678771920037
0.036480324877629755
0.035689323896804126
0.04324044960230822
0.037276138114975765
0.03974157668199041
0.043397243331128266
0.044655599020188674
0.043080181425466435
0.039743572338920785
0.04068633454153314
0.04578124554245733
0.03938496114642476
0.04089370897054323
0.039861502780695446
0.048925110007985495
0.045380615440080874
0.05426570912095485
0.039311910506512504
0.048233928719128016
0.05154556485285866
0.043998050183290616
0.04910011273022974
0.0496848013062845
0.04306997202365892
0.05679720494663343
0.05140788132121088
0.05278005533182295
0.0395637487017666
0.04976762679143576
0.059636232239427045
0.04335806675226195
0.05209850499522872
0.04871192450809758
0.050277331516554113
0.05225882503873436
0.05813074507750571
0.06176616213633679
0.05538911354233278
0.057234208441514056
0.060108558980573434
0.06185949240170885
0.052098571592068765
0.07057721706223674
0.060616496397415176
0.058347408987174276
0.06543239463644568
0.05714786240423564
0.06069912684324663
0.07176619209349155
0.06882701731228735
0.0712719493167242
0.07808011381712276
0.0798722187319072
0.07512050529476255
0.07916453402140178
0.07478444257867523
0.07203531224513426
0.07968532598169986
0.07278857484925538
0.06991863375878893
0.07889281527604908
0.0743815375608392
0.08138838349259458
0.08210195122858671
0.09319832288902107
0.0829549290122479
0.08370977012425895
0.0850104400228093
0.08591230207775521
0.10409137234091759
0.1097117973066221
0.09668335350831662
0.09376209543093922
0.08471531711342767
0.09043961921780128
0.09397599749325768
0.10753453945315729
0.10779780257991918
0.11056071352653617
0.10507036384752416
0.10306424210508039
0.10416168209136002
0.0970562262035261
0.10284707228851131
0.10668807157029317
0.11194159779844322
0.10826588190329356
0.11714393592725589
0.11365875082574492
0.1095227864020922
0.11683731851732637
0.1059276261550235
0.10955217806255724
0.12456815302606643
0.11916809053871576
0.11131000630264207
0.11954148964384409
0.1264111966950687
0.11992331001702256
0.13456409826405405
0.13307625225444478
0.1281367997367551
0.12880516383708931
0.12812736923769702
0.12792417597700292
0.13075858536433047
0.12880910739419968
0.13922219248268547
0.12478779455808205
0.1353169280126339
0.14382118115744252
0.1395992902437533
0.13385207610806144
0.12941720706271373
0.1507607058981272
0.13168934187081854
0.13634638467759597
0.13449730539298432
0.138453722410784
0.13208413716610962
0.13590531702351383
0.12207599242371837
0.1367428965103908
0.14704460738681432
0.12403835784497223
0.13199923577623104
0.13916053094967143
0.14053814447536242
0.1337943625027739
0.13915803189587406
0.13333566788965323
0.1308164836501512
0.13468636953689922
0.12761075991227872
0.13387383714200943
0.13298215810942837
0.12618628378928176
0.12516326756458582
0.13104962663153025
0.12788412499967522
0.1199148368882382
0.1363091183107669
0.13709111036512794
0.12364086279953558
0.13191348323085178
0.13179038033828022
0.13010281647049535
0.1244012718712251
0.13612491593468845
0.1265861844922614
0.13705336519583003
0.12752529016629918
0.12128165821860155
0.12008440940398869
0.10665492097458501
0.11728825217743558
0.11433498397117525
0.1225094310645982
0.11719566964962351
0.1157729197146855
0.11850022377930289
0.11001219990567898
0.10817707016125439
0.12934456220058005
0.11654427653457236
0.12379501490142401
0.12122199534783214
0.11488919400089369
0.12005600960939888
0.12143731495644164
0.10772557764893442
0.11017566221201514
0.11759077038938605
0.12017951891060889
0.12336111596719486
0.11485595094758695
0.12077827420173667
0.11877101595242193
