0.08371053499286063
0.0556427022384014
0.07619557865837123
0.06969617583672516
0.10159813973587006
0.10665038724982878
0.08709064389404375
0.1253103109775111
0.12439428579818923
0.12469096609856933
0.10702113909792388
0.11564458291104529
0.13573388384247664
0.15586800841992954
0.16315528842824278
0.1385295605268766
0.14474943071400048
0.15856479506101095
0.17350058804549917
0.14556812740147507
0.1688494580362203
0.1958560482885332
0.17430824813982326
0.18141870872250365
0.17707785070570026
0.19286928349310983
0.10916717411782884
0.1524010771772737
0.17585837500837442
0.12848020526826076
0.17909151423327785
0.16832923145261702
0.1828366549261773
0.15696817139178165
0.17747697522054295
0.15169117984578406
0.1469970673398393
0.1705920951793587
0.20164876845535673
0.18289804205130622
0.20570584829397376
0.1385084878700127
0.19204013248372576
0.18187507317315976
0.16731553272552446
0.1948530134993689
0.15918375953197028
0.17266618473877315
0.17019495218664815
0.15703989118514983
0.12910898477156252
0.1754992482108264
0.16926945387615433
0.15971305850121098
0.16766466465708163
0.20674331241889377
0.1457129868674656
0.1757537763912751
0.17744118765313033
0.1483415762425011
0.19124614503471093
0.1335815035865835
0.18386149508617677
0.16966818114656235
0.15556615390573825
0.14281432594953003
0.18913276963098724
0.1855014614175161
0.15087110843427354
0.18356371137747374
0.16785164100951988
0.17686960500520854
0.1735254299397866
0.15745404699504206
0.14796198079778833
0.1609354292812668
0.1533572082434489
0.13007465652253813
0.13886560813443793
0.1499243128746457
0.16792804834130948
0.14387236441643836
0.1598406629548208
0.17340065635653445
0.1904370635647865
0.14948617298455247
0.18322547299464986
0.1952093746006085
0.16964729878168328
0.1575227859336792
0.16220162945614902
0.17374052415561891
0.18103914310717073
0.18018008341095992
0.1998820854432779
0.14804277366499718
0.18973016086329153
0.1491786307874463
0.14325992024851075
0.15774340966163436
0.1832200907369952
0.1944923864532484
0.18791147003480546
0.15276463445309219
0.18258726044041396
0.1906292561883447
0.17220781183755207
0.15667317755264776
0.21494223532829437
0.14505411383936462
0.17305794139690533
0.17371137741838538
0.1636915282388145
0.18383289135908853
0.15149607369039586
0.21091580999120652
0.17342065348594815
0.17041544998232894
0.15345645584466183
0.20724636351565096
0.1800901626194218
0.18466150633724965
0.1887269702230583
0.15185319652391627
0.18382771622600558
0.1781041695439285
0.148241483290235
0.19566144088500437
0.1577221708564025
0.14888750734917267
0.13439583935235078
0.1568308140161605
0.18763479138195294
0.16808688441213349
0.20599499624785267
0.17836734073551952
0.15282161242950565
0.16836512579050122
0.18167524249355438
0.17718062275102398
0.16653298815037942
0.16270246688134193
0.16428814315304408
0.20016624427785246
0.16489064958182098
0.1608983109535984
0.1778340259164679
0.16678739105748264
0.15182092294708127
0.19545193048315923
0.12523584139853483
0.20061149750927143
0.1984684741790943
0.17667238755808512
0.18742706989473845
0.181386451736671
0.15391531782597667
0.15893814678383933
0.17097737153062553
0.1652256827119345
0.17168567553675018
0.1794597334315995
0.20939535755042016
0.13646679425755792
0.16018639170897586
0.1329208923382339
0.12966905669804873
0.16065894254876412
0.17260300849659416
0.17133548873380278
0.15765277075843187
0.18686680011796852
0.16752848820800637
0.1567267726004502
0.1619193413831681
0.16457636599761827
0.1598580879988276
0.1458387380498607
0.14591626410674507
0.1641612082073607
0.14607606738218237
0.181567010990193
0.16948914914485158
0.15988314349280586
0.15506179368094308
0.1690805325731617
0.1658590493398151
0.15681192099305008
0.19451032636197851
0.18938009883754603
0.1998683979868474
0.17717519821690075
0.19217509899726792
0.17021885816950544
0.19758013192029011
0.1513964464675155
0.1490667102711427
0.16665070278531857
0.20149113741263136
0.16299196739225863
0.17078210504041635
0.17692409165010758
0.16778401073497662
0.15448478565485857
0.1449344266375192
0.17063162266003928
0.14597419501953368
0.188376580219483
0.1505115317322634
0.1862204709073012
0.18919322011470285
0.1955438054988008
0.17777123118730742
0.1878401341272138
0.1701319825781411
0.1480692550136382
0.1685453714252958
0.19647459370906972
0.14842887743145639
0.1855844101370394
0.17599951203504816
0.2124398423054572
0.19536792157521177
0.17900071436747567
0.14860020583000733
0.16778983613414766
0.1323318897570971
0.1650916465703176
0.18336006027334406
0.1751856479397702
0.18975808387705229
0.1467469984258969
0.17866041087540907
0.14427019348869408
0.1563285999116033
0.1703025646875176
0.1822917431144333
0.12903251205739252
0.18114721321671823
0.19758562465835894
0.18771876924267872
0.1950251601604407
0.15727712165187313
0.16473099956965598
0.17155859130730278
0.16800887836728862
0.21460964546196237
0.16733036545329583
0.18092156855914254
0.16681861401957576
0.17637870525121002
0.19497200529713155
0.2048086921971617
0.16471203221757946
0.1635639080912199
0.19701311404742228
0.2066570696444785
0.16336692107643103
0.15003537651250554
0.1646406857012721
0.19579725838411832
0.16882329743839364
0.1320883660346226
0.1928613018726537
0.17621173097450082
0.16115720216521368
0.1723930816169741
0.2236476329476318
0.16203272385598666
0.18034058618923154
0.1742607102044076
0.18021059111970317
0.16403746798027896
0.16896239141630076
0.15125949519233473
0.17895717050089388
0.16734011520929926
0.19283746608232377
0.16042624217357115
0.1526444754715044
0.17982356697689283
0.1420023617527022
0.15751290680418606
0.1610912944267966
0.18086690051950427
0.1836983363091349
0.19547672458975285
0.1509606593292574
0.1506009279189584
0.16779796568562233
0.17579066194252846
0.1701706002904757
0.17001540331659726
0.163837387820422
0.18068102827788834
0.15026546362253157
0.19553568943422306
0.20223907595226365
0.18018634819441104
0.16742420067566854
0.15499136237849598
0.15517996903918174
0.13767075041914723
0.18164469175644626
0.17680449465467518
0.1805553428253006
0.1555547620539528
0.16721907183011808
0.17803647100902253
0.19373909834348524
0.1584774632465269
0.17241622090887176
0.16680686261588562
0.18370873662343
0.15215735008086995
0.19403803264049202
0.15430833721416093
0.17322288199352442
0.16968009607990098
0.12872290634550154
0.18311081422916686
0.19671218399651025
0.14040158943384995
0.1571473171393336
0.16556236189012452
0.1574392837655978
0.13520457155209442
0.16942008154819632
0.16553678807758843
0.18273516319550254
0.1567578663225504
0.17307084256390226
0.14425114973164455
0.1596949162594683
0.1503484136901534
0.1849591674927069
0.1526648752787878
0.17586472503171535
0.16609065937700507
0.1462202826869543
0.16813074799028982
0.13198246703541372
0.20850417899418972
0.15174177064545802
0.15753888721883413
0.1551033319628914
0.13454556072270132
0.1615904331258608
0.15211667910155907
0.17631006590640685
0.14917832710890203
0.1780991804232366
0.14106831193615602
0.15948646381409384
0.15853706226266157
0.15354825079617068
0.1821935042870913
0.1844106411238707
0.14983525248171073
0.14881093197274864
0.1657394998024885
0.1450075244047041
0.1645927902560417
0.17883859514662132
0.15520387874754865
0.22195065424843566
0.17873360165284843
0.23740222837453281
0.276451183849667
0.17897356583142843
0.4139933696412665
0.31607296564212933
0.2485978062462619
0.6070415316604254
0.6291926220411391
0.316044706645913
0.46029369726659747
1.0508031816933099
0.5014401001958396
0.402791243721181
0.9335027632750864
1.046455013470387
0.6169851251005187
0.7651297116842796
1.8419638609322977
1.1954776241084721
0.9732060000652404
1.29696221426716
2.3234249803963607
1.816416929087301
1.6662296507302232
1.8196692269618118
2.833407520309208
2.537236324445469
2.1852051038441695
2.3595030307769775
2.938116973779333
2.9797233108460435
2.6322058561280017
2.7298874686083456
3.4693867934970406
2.9574829058384333
2.6700002921847847
3.328150017055001
3.2703586854333953
2.825194319402139
3.296556255948825
4.317951027802595
3.574494410687544
3.3538723132741732
3.6461054077298622
3.7156884416820497
3.1303022555478917
3.698261494711628
4.833900254542433
4.636306834971811
4.015854550158884
4.424395315290436
5.25476094681447
3.9222360417598816
3.561270211625287
3.6727755670472395
4.730610421323401
3.4689929954648955
3.917646096447321
5.056214694901715
4.771909253803764
3.4429063834543303
4.62912295746991
6.229163646697998
5.6943519547229675
4.174544473332683
5.348982182074719
6.974670539690754
6.644770746155987
3.945422516094418
4.19349468880751
5.449321480247918
8.333477384462132
4.5979303393776965
4.560385480640441
5.4200622584876115
8.500320776241033
5.48710187964552
4.163301235108864
5.090521592793502
6.727670656414483
3.7340298693949783
4.057953265708263
4.467672363040954
3.7272731319187193
