0.28178368771477835
0.20641490291745868
0.2292387032066472
0.2547845762455836
0.27334361389512196
0.31249308737460524
0.34179587522521615
0.33726882078917697
0.3524632674525492
0.33132477855542675
0.41817963641369715
0.3818449362879619
0.37447230669204146
0.3569995234720409
0.37401635135756806
0.334651667275466
0.367816717189271
0.38098835467826575
0.40605425159446895
0.33290191896958277
0.3351436755619943
0.3842231254093349
0.37953931745141745
0.35612193203996867
0.4127737285452895
0.4315776986768469
0.40449611376971006
0.399606971652247
0.4957861331058666
0.4427386795869097
0.40350319840945303
0.4403841824969277
0.39994912524707615
0.45257228217087686
0.4578051547287032
0.4502563338028267
0.42454075039131567
0.40852328890468925
0.40396581846289337
0.4232586284633726
0.3920787925599143
0.4673616160871461
0.42286709509789944
0.4153555015800521
0.4829028877429664
0.47214385331608355
0.41305900050792843
0.42530826258007437
0.44482075155247003
0.4738063793629408
0.41831428452860564
0.46782107232138515
0.4999337161425501
0.49267392337787896
0.4257082820404321
0.41736357437912375
0.42099623824469745
0.47294546966440976
0.5064175848383456
0.49149371089879423
0.44823212409392
0.43226196558680385
0.4908717015059665
0.40724344924092293
0.43588565452955663
0.4406257461523637
0.46361989236902446
0.4221939103445038
0.4718809744808823
0.44729219644796103
0.42536731681320816
0.45815385365858674
0.36880817997734994
0.4005656067747623
0.3794854817679152
0.4441124440054409
0.3552980113308877
0.39017035195138305
0.4056890968349762
0.3710856062825769
0.38927097769919783
0.3742510268930346
0.34021841577487066
0.37449541164096445
0.3932316426653415
0.3859457486541942
0.3945221292087808
0.4260581734124571
0.3830447600921616
0.3790258220396936
0.47472526296041906
0.4345013643614948
0.46412727632559836
0.42337859666440636
0.4026347699109465
0.4255259739002213
0.4309914771001786
0.37967072596075013
0.4279634404229
0.41427962435409427
0.4163418218959123
0.4235867139650509
0.38620468170847744
0.4363115450832993
0.422888673027046
0.4852947536855936
0.4483807764481753
0.4572734539397061
0.4487668665824458
0.4152558312052861
0.4460599791491404
0.4693041506689042
0.4298005596501753
0.4493542454438284
0.4779070616932586
0.4802714040270075
0.41946125333197415
0.4396784297423437
0.45472313032951206
0.45679555844981223
0.436520257149823
0.42951256496598944
0.4229587522568181
0.46709322510287166
0.43191958172246814
0.3898716667899862
0.3971388638019562
0.3834065202390775
0.3747352007776499
0.4386527859605849
0.419266632408835
0.4394027499947697
0.43143514409894124
0.4072783013107255
0.4580270971637219
0.4166159479646012
0.5153763116104528
0.5016879327595234
0.4686802552314475
0.49094131973106414
0.4526660480769351
0.4855961534194648
0.4485539250308648
0.5337871466763318
0.47342307784128934
0.4631265556672588
0.4615296236006543
0.45632117066998035
0.4711393021279946
0.4935307977721095
0.49112884351052344
0.5347315279068425
0.4466454287758097
0.47007846808992326
0.4523500689538196
0.5169918318279088
0.5162628530524671
0.4766466587316245
0.4914035212714225
0.5359327724436298
0.5150980910984799
0.44755639717914164
0.4407644747989252
0.535669835517183
0.4736456221435219
0.5040223281248473
0.5129855169216171
0.5347832124680281
0.5265187663026154
0.5644680635305122
0.5119778715306893
0.452997004322242
0.4795015502604656
0.5165217649773695
0.5220466325990856
0.504488508333452
0.48335107776802033
0.5231823991052806
0.4555059288395569
0.4863354384433478
0.44276503229048103
0.47695489472243935
0.5133457512129098
0.4761129218386486
0.5107637448236346
0.5230780479032546
0.5270516993477941
0.5094524803571403
0.47235235711559653
0.5301712817745283
0.5569011308252811
0.5852150530554354
0.4934446072438732
0.5515122332144529
0.5197027330286801
0.5558028757805005
0.5273197614005767
0.5041527110734023
0.5531605313299224
0.5299572735093534
0.5417508817045018
0.5521249895682558
0.5671723203849979
0.5032304814085364
0.5607802376616746
0.506518050795421
0.5627964346203953
0.5400223181350157
0.5865265924949199
0.5143170095980167
0.48745299532311037
0.5532731348648667
0.501652411534451
0.534008405986242
0.5357263133628294
0.5506118367193267
0.4705819693626836
0.5230058123124763
0.5090270804939792
0.5264335281681269
0.5143912569037639
0.5249102752422914
0.5073762849206105
0.4780413551488891
0.466410827182699
0.5392817957908846
0.5355929264333099
0.5346180289052427
0.5928308212896809
0.5243282010778785
0.5188250001519918
0.5122907477198169
0.5378987515578046
0.5317443931708112
0.6017601260100491
0.5429574159788899
0.5449870675802231
0.5126420204760507
0.5466074093710631
0.5272717970656231
0.4938357371138409
0.5210263702319935
0.5032195392996073
0.4881234308704734
0.5290329429553822
0.5107522215694189
0.5075311111286283
0.551429150684271
0.5201172279776074
0.5404573570122011
0.49713990092277527
0.4880262110964395
0.5058396584936418
0.5444170541595668
0.48577625065809116
0.550689366296865
0.5073817467782646
0.4982085324008949
0.5353923266520724
0.4984955877880566
0.5246790595701896
0.48719402082497254
0.4462492456077598
0.5134483271394856
0.4652787750819698
0.48420547624118626
0.5150761943659745
0.5074500745395198
0.44134299020515755
0.5049209321150556
0.4593933517462574
0.5645451929885894
0.5046228630235419
0.47881028504343703
0.5416600695461966
0.51235646213172
0.49005161999957636
0.4389827217091806
0.4750440978095867
0.4615703451563604
0.4566549906739965
0.4435363421216607
0.42242404154967517
0.5198766517569311
0.4370002682553604
0.4607918292749673
0.4751047845929861
0.4398386995308101
0.461909236444626
0.4691359506105073
0.40879205998498946
0.4812707721721381
0.44384830875787884
0.4565652346936986
0.44485122081823647
0.4534389370237477
0.4370798385934904
0.5044116019271314
0.48193477507447824
0.44187430723104626
0.4363748174509965
0.4526303794118576
0.46242118839290924
0.45440371352015063
0.42356989928521216
0.47099456400610507
0.5001434661098756
0.43480978126171976
0.4082510865991935
0.5100239107850939
0.461289850238245
0.45931904646568
0.4633149850415066
0.47606186196208
0.42079790990101174
0.5111123449169099
0.44145813590148464
0.4375019334256649
0.4352872712770477
0.45048489421606064
0.41951701272046193
0.4421436246484518
0.46158120909240097
0.5080744703882374
0.5377661421662197
0.4568575461162254
0.5202533956617117
0.48340108030242845
0.509779365034774
0.5621796207269654
0.5067578280577436
0.48280135268578306
0.5381740203592926
0.4948792470386252
0.45946260320488364
0.48140153964050114
0.5195924149011262
0.5183128860662691
0.5184259307570755
0.5340243668761104
0.4964504787349142
0.5276927409577183
0.5308839317876846
0.5696813665563241
0.4979679945972748
0.489734681439586
0.5129904563655145
0.4933281661942601
0.5071369362412952
0.5102510606520809
0.5084749622037634
0.5254941157181747
0.510566227894742
0.4833766847732477
0.4785429768380709
0.4659618901787326
0.5046544694923796
0.5116385847795755
0.5389413755619898
0.4716557767242193
0.4807960984762758
0.49765759060392156
0.5079707038239576
0.5255113187013194
0.5255132177262567
0.49136490060482174
0.4932097843848169
0.5433270424837247
0.5305967528838664
0.574005173635669
0.5092769198236056
0.503827597189229
0.4235600510146469
0.49527055909857154
0.49679648084565997
0.5162973505211994
0.4969396623200737
0.4848051873850636
0.5023380167549476
0.5414983260561712
0.47495067451382056
0.4863825776265003
0.5727441954077221
0.493729647481814
0.5147944450727664
0.5209082147339359
0.537120062741451
0.5688656838610768
0.4751606062054634
0.5779390420648269
0.4367966870777309
0.5142001180211082
0.4671367768314667
0.4839744430501014
0.5401721448870376
0.5011317481403239
0.4788059091079049
0.4920993512496352
0.5086781211430207
0.4907606901542749
0.48971317970426753
0.4563013992155902
0.4848688717465848
0.5328781374846585
0.5052666237461381
0.48464809433789924
0.47148037812439725
0.5133229242637753
0.49206913774833083
0.49770067480858415
0.4665194413100835
0.47526430973084643
0.5145554879563861
0.5120876951841637
0.558323301083874
0.49880803137784824
0.5345722943893634
0.4733890991192311
0.4901048923493363
0.4923838973045349
0.49892424169229344
0.4760255590081215
0.49358780740294605
0.4776150350808166
0.4798488830565475
0.4989445203100331
0.46151515876408666
0.4657892585382797
0.4424048194196075
0.5020048318547197
0.4765224049333483
0.5025175122427754
0.4615033612353727
0.47312464617425576
0.5017685787752271
0.47347994724987075
0.46298776287585497
0.46805591689189896
0.4520998815423809
0.452788932423573
0.4801614843891002
0.4457026258460246
0.4934964674175717
0.47802972909994423
0.49790327198570594
0.4584132476011291
0.5195097496325616
0.47792355020646937
0.5152744390070438
0.4588785743690096
0.47995302750496194
0.43580050725722685
0.5281490535708144
0.494262637977954
0.4366485050995834
0.4478367670089938
0.47528074152069166
0.45538596401456743
0.48244638490723446
0.48002760112285614
0.4293285910389386
0.47675964632071555
0.4429530530469492
0.4223276156699285
0.45484533510170877
0.44310365262208506
0.43594760907581076
0.4598686727695167
0.4864424821571447
0.41384676506277174
0.45387855055741966
0.41807337140198797
0.47752547706477344
0.4724017037660815
0.43771307269344106
0.46893177658785135
0.47600981179857627
0.45029700809391215
0.47921927185961977
0.47796108189504594
0.4595435128430836
0.44852903092396446
0.4343393276212737
0.4610400580568239
0.4533133018994704
0.4719428975949995
0.4502916067140177
0.4961963001987897
0.40650265384465456
0.4837693427107297
0.4850369473861065
0.47213923136587255
0.4819780556135811
0.4756900442298502
0.48319464980158955
0.41212094615912065
0.4265687427832745
0.4964585070265457
0.46708312031114474
0.5217262620572001
0.4907227835501544
0.43508573828148656
0.431712347373832
0.4838295505614951
0.4810620173229836
0.5172667525475845
0.5053322036983445
0.4320742238778621
0.45983745716512203
0.4988238596706651
0.4514732930692844
0.45085351407760754
0.48250840476248413
0.5030442420393229
0.4652571225888096
0.4255595821305178
0.440563585027121
0.46921438758727163
0.4323307147133164
0.48189135268330574
0.4845521544921212
0.4357570633874275
0.4596909696701914
0.48390002083033323
0.5009825005545281
0.5176375234732404
0.4923832925851457
0.49226377776358277
0.4732941227266565
0.43374994036275893
0.48448245410691015
0.49965921536204405
0.4816826973692514
0.5179971877951175
0.40997028624406084
0.46552690194221213
0.5068729362683371
0.4540397129021585
0.49287508640554734
0.47513395588612184
0.48106101929442957
0.47321286518126726
0.4345928687544074
0.4596159253269434
0.44947391556343064
0.43918179045431316
0.4550832459353842
0.4687021965510212
0.44189928396372125
0.44631036987993866
0.4721451177028939
0.45990183984395117
0.42794286651769653
0.4675310978782363
0.4504328199836891
0.4604196535074152
0.42474722262704745
0.4811478742631152
0.4949287210474722
0.47231226589065045
0.44498144631506875
0.4145839265547693
0.4499238704738673
0.4713195330114104
0.4213545444072224
0.42486597900278866
0.46608914746320806
0.4302619934314862
0.4372534869471565
0.46860007039504126
0.39999404930858873
0.45941523264627904
0.5200606383150443
0.4481766816461459
0.4686755577567965
0.4552453233045526
0.5023612903896719
0.46597451803972945
0.4376477896585129
0.4469916913076304
0.42386447434546426
0.42540680183446966
0.4518364328832831
0.5240299699944444
0.45812194963218644
0.47968325403053313
0.4349101346451789
0.4118757752585225
0.4911784284049645
0.4379009739786852
0.4422563686966896
0.44473305030260235
0.4208509441232309
0.4582975429366343
0.4373213440994732
0.45005923428107053
0.4376041896175593
0.45027902693254873
0.42496173188555986
0.44022783037507907
0.5007983718242031
0.4377289521507919
0.4597566027950961
0.486774502962362
0.452164203627035
0.4486601776443422
0.3971576057083439
0.4831347256549634
0.4227904615108855
0.4211481158272363
0.43238849996123463
0.42018783011008054
0.4333770830417052
0.4088664000155404
0.3955627286923118
0.4960486551281065
0.4306825448293239
0.4347069218638353
0.4286264643887989
0.42629724682774395
0.4181595942354761
0.43240274576237425
0.491908012132626
0.4288905728026293
0.37884290190413594
0.46477778465487063
0.4637977866223082
0.4412187991547398
0.4520903733500745
0.4607237077434547
0.4646364792715758
0.4791509770147968
0.4421688898000866
0.4826815040432848
0.4861459807725623
0.4579119008849375
0.4373686257749796
0.4526400216273032
0.4400941821222659
0.4237585547089111
0.48574726475635543
0.44831944108591415
0.42988930275896564
0.47782150137936696
0.4679316384717822
0.4750830358825624
0.44249922956805676
0.48766497409087606
0.46269954508170485
0.48540982918348163
0.44963734259363264
0.494442306982819
0.5020776090677828
0.47564830890041776
0.47508272939012386
0.441653472953476
0.4664252147777006
0.5066844050597865
0.4748657089076005
0.47425561473937705
0.44976787106134
0.4512032022466883
0.4742221807828173
0.4668084802397061
0.44218731817090884
0.46995153021998703
0.4719902814249508
0.4664673750521615
0.48150165047263727
0.4348230547038838
0.46109727906878106
0.44867966484162025
0.45536694541806355
0.5086473161936738
0.44628050742903724
0.44377266184892505
0.48114832874853164
0.4690522740711458
0.4334002682880964
0.4444997377577238
0.44035708854789846
0.45300150278490037
0.4547238285886124
0.4387887685734313
0.43900101812323555
0.45485574955819175
0.43110749212792143
0.4599706205772236
0.48166313843103126
0.49444942400441505
0.4442260983923916
0.4810399802227039
0.4638330889865756
0.43527957299374975
0.4415741613483988
0.4661029439885169
0.4243450897047296
0.453607608913444
0.4416895498870872
0.41311665819375776
0.4290053976001218
0.45687540841754526
0.4339107489795424
0.4516473157564178
0.4436979867168702
0.4316230403492227
0.4513538049068302
0.4507004932675045
0.43281841298448853
0.4178832541801967
0.42337664356455207
0.44943478127243
0.4525713987532072
0.44165097252698615
0.4177220077835955
0.439874236646574
0.42440692166564986
0.4380391775921453
0.42840373862418346
0.4478295136068482
0.4737042419728823
0.4143937798216939
0.40461574055370875
0.41991811082698405
0.42866651609074324
0.4587582377716899
0.4334638990985695
0.4414229446556419
0.46085305808810517
0.41013482405105606
0.4698865558602847
0.42409504437819123
0.4168727189535275
0.42579208774259314
0.42593955190386623
0.40940184850478545
0.393702016066527
0.3968750096973963
0.37427520484197885
0.3908160352730192
0.40973169344943017
0.39492584770778194
0.4095426937856246
0.397864815662615
0.4223573115305044
0.4127381725120358
0.4470978628960438
0.423862487426959
0.4446257892413996
0.39448438328690827
0.38014987076167017
0.4106265715090558
0.4421601530048065
0.42458933586021885
0.4101214453112334
0.4198499721242115
0.3838603999465704
0.3815392449614592
0.3849523679818958
0.37692006141878664
0.3849999146768823
0.4186036251485348
0.41885080133215524
0.39519198884954676
0.37272168570780195
0.37869928529835306
0.3672731583355926
0.4413680855068378
0.3818393183173612
0.3832482124562375
0.39181222213665023
0.41032517346320674
0.38118916380335577
0.35306326841237023
0.378687659103889
0.3463633262726944
0.38429998082574457
0.3591722679557279
0.38722225034143776
0.4018549470056314
0.38918947329511866
0.3812731135112699
0.4065413525677286
0.3509597929660231
0.3832823654229287
0.386079701827839
0.4121331352216657
0.39378208451671526
0.371244506794028
0.3773087128647603
0.3732888497179374
0.3764084347640164
0.38540453743189573
0.35275343715329655
0.3702796662983019
0.3697522172005847
0.35323142682318576
0.36912570579443127
0.3456019604636822
0.38164737168699503
0.4000772309373133
0.40496200730558485
0.37393835667171516
0.3572493166429922
0.3780421810806729
0.37480774798314087
0.36073071908322163
0.3635768565000035
0.37594288418767974
0.380812601884827
0.3855964159592986
0.3855465733795427
0.4035777027893346
0.3666656418063212
0.3622004698845558
0.3780434510554187
0.38235012616496533
0.3622449195245281
0.39326566804083996
0.36045293422648683
0.3586717249127105
0.37355135317193344
0.3716153567074798
0.3978898089262657
0.37180854214238934
0.40259939013049006
0.39188338012900203
0.36003259697463363
0.3800114828918595
0.37413195736007765
0.39270485541783273
0.37317593139596283
0.3774963423493318
0.35830779481329955
0.3975032602029387
0.389290210645413
0.4097442747442983
0.3731802125403192
0.37932468752842396
0.4062376036308706
0.36035127216018736
0.38226553838467225
0.3725890213972889
0.35088774425094016
0.36962836896418594
0.34185455832630396
0.3844611771637574
0.35955147349159233
0.4161148351849988
0.35673186377971433
0.3594466845388524
0.3358260665554553
0.34284685683087446
0.3700249264657032
0.35655300176586024
0.4003826308180578
0.3833363105659373
0.3849384119093884
0.4078587454278022
0.37492454634048045
0.3664667139528319
0.3685104644391686
0.37712992311571725
0.38875773499603383
0.3703776618349366
0.3505519929167349
0.4119554111675825
0.3828171635977924
0.3670539610902779
0.4061018464853987
0.37124736921396106
0.38568723262869753
0.36483410763321444
0.35765433896449395
0.35618098368286155
0.362536488333717
0.36850023426814005
0.3856180863804184
0.39146649569738656
0.3706727038079407
0.37579044347512536
0.36197791824815795
0.3394384602434002
0.36717556562507525
0.3730641801375896
0.35546114793396555
0.39261757521308027
0.3658851562940981
0.3778351654182188
0.3562165501352865
0.3922084922378417
0.40456402534618974
0.3963716762373224
0.368621802481357
0.33373460118309595
0.3661769913742319
0.3630744014226366
0.38173875311622396
0.3896232747065369
0.3826704556122422
0.35243110405281186
0.37805070308968425
0.3390542819397524
0.4073633485240862
0.3585537508188281
0.3634411856182851
0.36968359441380017
0.35193356504896656
0.3541373778425623
0.35151071060681716
0.4214765732176602
0.3499506773077883
0.36420522519620135
0.3546103933476843
0.3694659867323935
0.36068075071671046
0.36849233345128596
0.37868076760787517
0.39552037030807696
0.35454348276834935
0.3602861270774156
0.3159146038815379
0.35528832601266913
0.3610261947615072
0.3601281582377851
0.3558571996400133
0.34687583992490545
0.34410945314448327
0.33645820917445235
0.3797479818749707
0.3357966062030755
0.34690190976834856
0.33861223672283813
0.3293758129584603
0.35879026757902466
0.35760080942418426
0.3517861978034489
0.3446609721868299
0.382495451340219
0.34972386123263277
0.3494817998725921
0.35475547972600907
0.36137051571859047
0.31488720831112005
0.3533785072504543
0.3208930210676044
0.3251841270830482
0.34393424016889185
0.31966923677828163
0.33247603877680376
0.33198492249357514
0.346190600132104
0.3476350264973007
0.3403179027372971
0.3440082197776064
0.3110364827152807
0.3089604992419481
0.3541226572706364
0.33939168881624937
0.3386238980165217
0.3402872705482878
0.3389248090388719
0.34643625479657203
0.35016074479790404
0.346858899720246
0.36452140391338617
0.3167843889386859
0.3033820727141574
0.3324949046073016
0.32784392961184494
0.29881405414198525
0.32869009621208534
0.3438583428505808
0.30277933762408793
0.32127380053862
0.33387505990685895
0.32907803167472593
0.32583025164785795
0.32894099460099824
0.3100468765187543
0.32131513429339975
0.35246839217143133
0.31685355032095686
0.31714443588862196
0.3278710564773064
0.3089868306997232
0.3302403511479497
0.32927522505633533
0.30663460260257125
0.3336737534846179
0.32849706639535725
0.3050124844594393
0.3412573598034214
0.307546904834453
0.32023178262170404
0.29890664070262574
0.3380581970268395
0.362135928531643
0.31903267395682633
0.3224554094776977
0.2999590096005704
0.3398317038663663
0.2808050366002135
0.31561214971588925
0.3401573665032629
0.3128163464134559
0.2975455603154842
0.30240773409605026
0.3140582051128149
0.3311460472177714
0.3131743904086761
0.3488983155111782
0.3002127219806425
0.3066617143340409
0.30045766674447805
0.30961019414826296
0.3303214397164993
0.2934361967490986
0.30806558378390037
0.3196557489573024
0.31883908761665225
0.3117366063524969
0.3330080728046596
0.30062913621077314
0.3128091837861575
0.32702587041421793
0.2981675822811667
0.32571391365490854
0.3197324006760027
0.31724982961895876
0.3018454623525031
0.3002097554272041
0.29896617148187943
0.3185993965016678
0.3374478461337276
0.29239004346891306
0.2843038161227014
0.2765562900167424
0.309808065474499
0.30895248538581654
0.2779799835989252
0.2894938971148804
0.29676802217727527
0.2994154258049093
0.28467582463053986
0.2903027077554725
0.26695165975252166
0.30872210828238167
0.2908805059851147
0.23873291930067353
0.27269363414961845
0.2924513972247951
0.29586533558904193
0.2798888756951783
0.2879969238420017
0.32618634414393455
0.2698787068366073
0.2855729052389506
0.27970267381169833
0.2951341738807969
0.26731087744701654
0.2892124700010754
0.27625543833710253
0.27756953454809263
0.27818679925985634
0.2735767039703205
0.28116115706507117
0.29677243196056224
0.2839469704194926
0.2506613056466449
0.2601503587793559
0.2853459602338262
0.2738647040678188
0.2720522215240635
0.2717723743116949
0.2813325900642667
0.2564874650561251
0.24261379067320377
0.26016294409055263
0.2724515387089923
0.26349960127845407
0.25366096186917275
0.2548471543705091
0.2601919348235242
0.25338046584511176
0.25920212833443657
0.2543690058810171
0.2623852877004538
0.26352101954398677
0.26547484763432294
0.26630040060263127
0.24784248249488883
0.25764666631584987
0.2506732174952049
0.26310554548399523
0.2768416421022266
0.26414647977799177
0.25775046390481293
0.25138852203963324
0.29564584081526846
0.2484647966339253
0.28140565217472613
0.2617875388241373
0.24206845395383425
0.2725886974076275
0.2677632165432442
0.2603408867144026
0.26925044431118295
0.25748138717608526
0.25390967677230947
0.26628167543094605
0.2629496032022871
0.30350493686273694
0.2804487890098244
0.26326759572839364
0.26215882194810547
0.24279796512564644
0.23305156285641715
0.24476843990851194
0.22799914405914024
0.245430969807785
0.2598908885847777
0.23497633018996567
0.2409476754546631
0.2515809489414096
0.22769576401333325
0.27173141873208806
0.2697334776748903
0.25317008135607466
0.24988103078794666
0.2703257462126203
0.2524115117848851
0.2531243031184504
0.23657521802022702
0.24151487950616934
0.231513330492917
0.24974288219424684
0.25777205161926314
0.26231274020484113
0.24257792286046848
0.24136494449156476
0.25571472769764464
0.258488973939982
0.22776301765418427
0.23861873786397805
0.2517391855381136
0.2688705696189028
0.245279376167716
0.2344178430090739
0.26340121394536625
0.23861373573776304
0.24407579380226888
0.2649813291477406
0.25652098673300483
0.2258964632674465
0.24962445366101002
0.2714111219768918
0.22129733540763066
0.24688361855003776
0.26067138862187467
0.24988390358648901
0.27101517720954627
0.26067315141751074
0.27791173492125637
0.25860589246932913
0.23461159245353044
0.23202189808990073
0.24381187338176674
0.2377918386670548
0.24702218752794378
0.2630814671751082
0.23506822305049482
0.2519328650820443
0.2568530848352458
0.22913727246400878
0.2535865583757716
0.24250581499746465
0.22821451295313872
0.24891886235339436
0.24067186141811955
0.24893762265134045
0.27106052088573224
0.26589776769163104
0.2386566491460237
0.23290822564030256
0.24427112564444542
0.21447610831636144
