0.6619541799591389
1.4294922826229595
2.815346530813258
3.6081850023474544
3.644075966454693
3.7099621981178643
2.7626587831182405
2.5968540261965245
3.1042408324428834
2.6797925911232596
2.9365068043698557
2.383337854174897
2.6720833974395646
2.5923496305040317
2.362565242467099
1.8986414440587396
2.1389790328976233
2.4506375976488926
1.985749516665237
2.139948610565625
2.153870632580947
1.7928428327431902
2.3127632300020196
2.7109488300338853
2.360059609869495
2.694920928537613
3.087675088987453
2.4800799364456907
3.2284297219011933
3.2006842737901025
3.248148882179521
3.8473804678942543
4.217599712952506
4.110706441104412
4.47298507814412
4.013544157875003
3.5850630554486997
4.599813996028388
3.828574566025054
4.7497972400451545
4.741692541661905
3.5331239138904493
4.388560726176365
4.023526100892923
4.580763714693603
4.060015820723493
4.528823484055465
5.046051076729782
4.137254217654117
3.571147634254885
3.649951165090897
5.117335020768223
4.5690998649806716
4.264867374062305
4.813140065700281
4.067501551879104
4.461354344559368
4.195979437819915
4.717900014526094
3.971848625173152
3.140391972003272
4.874587012098345
4.746970529879036
3.8185776945465477
4.555374235933414
4.387414581433404
4.5505465603855555
4.232919034489896
5.244172576385608
4.5781783977436135
3.9042452031135326
4.521222416980891
4.928772100960487
4.419406344175513
4.178770777762111
4.503380248323083
4.130726513452828
4.443481292888464
4.245667501891148
4.113144993702008
4.7189164797455305
4.064693855361838
4.2004632547468645
4.048293076630216
4.209841559058987
4.072161228607001
4.199653399482486
4.429258602329355
3.2934874213533476
4.837580096645979
4.13039250393922
4.235518477165897
4.126591434935108
3.9610245828225743
3.9377858692678274
4.5306472621596185
3.8465748411545064
4.260102332889801
4.309338412524085
4.65615103590244
4.800377663123072
3.9667080841900315
4.21619029105932
4.2584252099186415
3.698683667134901
4.195670510438504
4.2682036361366045
4.2311679370031925
4.513941567376605
3.9098783307126723
3.842523131868802
5.392456779212807
4.091737998998724
4.480061793670757
4.196557590097655
4.161431082611671
4.6566778047708794
4.391424482339062
4.150217378672096
4.49329017031414
4.018741478008451
4.146993471294991
5.066929816341144
4.752002405060921
4.280571539391531
5.040823288902175
4.871843431683374
4.1195528976095375
5.121422445052303
4.189850171213038
4.096625663456507
4.652564914038521
4.364713978153304
4.981913978408556
4.298888868041104
4.262734444128
4.409393954541883
4.0348553845688
5.011258923987043
4.296700012127985
4.743863445604802
4.5539655233878875
4.970542455514078
4.216333615331678
4.458292527604499
4.6737346816807985
4.013811706579872
4.547835432749707
4.59358025691472
4.011868938920088
4.371631884088856
4.626225830987096
3.5237572100159014
4.915191840176703
4.470433569920715
4.590264400292654
4.6812256791308755
5.008428507528151
3.9902031827077735
4.120614228872
4.81672773695027
4.533369998680428
4.348901043063961
4.870364154718118
4.734160517327837
4.3363671957631595
4.849756326846546
4.287600764262606
4.72028642577061
5.022683329952997
3.983146940401639
4.435619607218541
4.773627549984667
3.7856937490287237
4.980798555596266
4.6529064932401525
4.644393648661207
4.3653606352745555
4.839564987094491
4.694532530003926
4.66544213538873
4.958527638838859
4.637120538754971
4.314085664387676
4.316593489711522
4.159890712078777
5.041431213976466
4.875709654646926
4.634075202775421
4.820509880286409
4.675306587421801
5.09862963676278
4.349342090674327
4.496879243903095
4.541073083382798
4.831842306521139
4.215173648524797
4.601006947399583
5.207044737020624
4.453886357485317
3.9427813207148574
3.9219973137660418
4.272268806875218
5.641699004612747
3.845885708113201
4.136551917705219
4.544272183236899
4.332862000737805
4.536946210471797
4.386784978574724
5.158090648255893
4.447265606111614
4.42665996796859
4.61486045953643
4.454772875891649
3.6297275552060455
4.853972754441202
4.720306575312861
4.779524644705816
4.4309043604298495
5.030808811527095
4.671768853193498
3.914250880217878
4.914012210298097
5.597669050126569
4.182271425626823
4.719000361612416
5.3994489403849
4.245236608418054
4.791079983653617
3.8644954114133725
4.155291839575511
4.853245456513832
5.225689158192836
4.30007981309609
4.562528530310374
5.193594632146414
4.575604971862049
3.964479147311067
5.159246949304361
4.331572922863415
4.52397860075871
4.911320884799352
3.9839504647243302
4.332570998929441
4.7132823811116396
4.023193193061161
5.12759951245971
4.510366597241955
4.663205621080124
4.881954046169994
4.558631036139559
4.5017325410444755
5.0554202309431275
4.225394240405876
4.431760851017316
4.223036764902645
4.3539141728542745
5.017398073992808
4.5083312106726225
4.599374382290989
5.047490709461272
4.355400910280878
4.67696309814346
4.450105621173861
5.080884481532848
4.362330490956083
4.7181800806865795
4.7733142032666365
4.8557063578628
4.647842987644253
4.927958421219955
3.913594814701355
5.027495866801473
4.286463925411226
4.40471355576301
4.367271536553744
5.5569990795629565
4.239877812884515
3.9276813531905646
4.812979996873764
4.3921221185300965
4.428782744085765
4.7524218391336035
4.400019682652783
4.561860607791459
3.900522946205456
5.523535605912912
4.401625281490851
4.906706503970781
4.593462131015258
4.667233906569891
4.556268766886205
4.829157667933032
4.466099324505194
4.215513688628562
4.506315185310086
4.918259636542643
4.632122343493393
4.36220450347173
5.339361607606406
4.5408722536813
4.8036014250683365
4.236257223499706
5.062071760738036
4.653173349361168
4.509766214032425
3.8443777118664
4.478942980902502
4.180952851762413
4.834852615211275
4.569273597589927
4.154347063144087
4.287768525493448
5.226471923961071
4.046532378255506
4.271458325587446
5.358292514822097
4.2040133601403795
4.6568751770828385
5.160592700616689
4.0482088372373255
4.168376730900491
5.066600569407456
5.121132728512748
4.520176922233077
5.2136226217553485
4.517927369510289
4.768437901104335
5.115852407951024
4.380023335310398
4.583567315756227
4.890227887604851
4.789647090481594
4.231710647552973
4.460731750004925
4.419885884868563
5.112433218222577
4.663981411984423
4.078718140590354
5.044704306666972
4.701442116260296
4.034976626862772
5.230455542798154
3.7611567902058596
4.92970299445733
5.639638437394751
3.8095334677491337
3.860780087095918
4.199898942708387
4.400338772058603
4.742207318195142
4.126799488556571
3.452213153592311
4.289757674487191
4.556182731146691
4.7468912267067935
5.044475398171926
3.6175689430965576
5.345705074825673
5.061296656029299
4.503999188891612
4.378357113630045
4.145586887840182
4.198230106616393
4.879421350022312
3.7611295868991874
4.44329908688087
4.030217405263102
4.683597550552804
4.590244444058044
3.9269498616922647
4.368770061570103
4.855845333862817
4.522834547344246
4.364479623240186
4.307462453813059
4.471162540430669
4.846012093505124
4.358892341435421
3.9200241634098347
5.67234600460506
3.9716909438720904
5.43628790351795
4.868817132082768
4.673150513292057
5.1385227276769
3.6453434375143843
4.991894991893787
4.144043934298679
5.027183340542251
4.081634861504426
4.072270301257959
3.9586236019822536
4.112626222311519
4.370376617705915
4.295688755868468
4.287442412984092
4.3205466074578
4.6718185465433635
4.1401827888767
4.33596110806684
4.360457054252038
4.397819028163212
3.7876971754594706
5.7137140296108555
4.306226612316095
4.282184400421102
4.297654629597673
4.007862214493798
4.603525269892998
4.159431079257047
4.885134496958926
4.295024365186691
4.134652676671976
4.30923206184525
4.382532195828389
4.697478876361856
4.1782391542510595
3.71076710667694
4.6391760369588155
4.348547842120752
3.583422353141941
3.8899591919907834
4.305245508090593
4.449416590330657
4.264365427807206
3.5290509240003303
3.7594816480122972
4.797867015528027
4.101902441994753
3.7884558824880514
3.911665291961981
3.716613893950125
3.3768273631867487
4.361236722150352
4.397329535509925
3.838348822988337
4.221123889670707
3.682886267779395
4.271056837897049
3.55506537729525
3.4008505135716405
3.350417783833109
3.4760682902415283
3.6551065493840724
3.416124521580059
3.597584419650957
3.264756828721147
2.842496933124494
3.0088452758500353
2.8641004551318474
3.237364540807903
3.147221149120014
2.9833067524596117
2.891270816733595
3.286696570692584
3.678238427848555
3.0675922596128657
3.3256785899866372
2.6704447695519775
3.0304999260697514
2.862191117630573
3.2380125684430823
2.429635978944134
2.7584450331924018
2.311053406272549
2.2544135511270724
2.3301471188897267
2.1439921656856313
2.030340186378453
1.612262959650252
2.1251707859919406
1.6153150524478406
2.0228968085721135
1.5604591437149793
2.0611772904521786
1.9985251285834238
1.8599119717255235
1.7695520441629924
2.108611036441289
1.7081692349019013
1.9523915819765076
1.9566033964786005
1.996531945689926
1.2505867623790043
1.726534903108135
1.7069915003898575
1.5792272459920935
2.255945339329599
1.5455550358990047
1.69933802804609
1.9740056744006675
1.689408291453921
1.666585661529556
1.5150982034135991
2.064384623482002
1.4868241932213775
1.7529636224893135
2.118790207298722
2.1404518530242087
1.7298401986050793
1.694239881329649
1.6860967055549771
1.8958520282089242
1.8100245575618557
1.6588485540132822
1.827079175729451
1.7813755740213582
1.627234251011075
1.8823932222728654
1.6924665191276806
1.757743282287609
1.6352907902025802
1.4269799254541322
1.6965126593516568
1.582872902226495
1.7186430251504492
1.9181825115572748
1.5144069723374263
1.436261947934083
1.7750978838857703
1.9054941773179948
1.8555747315756919
1.6806900318799995
1.6357385167397382
1.488327209405073
1.7731079211033236
1.6601708359195022
1.3202243331145114
1.5609549924027262
1.4587879631462999
1.3574483791791547
1.895137699159581
1.1946764449610954
1.705118959930938
1.4597479050436357
1.4274910595708006
1.2188188682390948
1.769565357408655
1.4243489226957007
1.3267974110217544
1.3441917673926653
1.1832633233797831
1.3704559245975467
1.2631687764225044
1.2663076414660674
1.4469088694946033
1.657649522837926
1.5465628656698025
1.6271139771684886
1.8111502572776765
1.5357610378561057
1.4648715694119612
