0.07477158354595304
29.54230662016198
14.52931288885884
26.486747491639107
32.47394905053079
23.90766040608287
31.83817780762911
19.35640967823565
25.802610717713833
31.788133468478918
19.70257125981152
21.920442638918757
21.71214740537107
22.199999373406172
24.81801063194871
21.25129492767155
27.951620584353805
13.000764027237892
17.64528127014637
7.959901608526707
9.035912511870265
8.817701516672969
10.803563851863146
7.513954795897007
4.8897262662649155
12.458697259426117
11.941342357546091
6.085636716336012
22.34067217633128
15.17384060844779
13.259728543460369
12.894525395706296
21.213675976730883
15.634938102215528
6.284636424854398
7.639663033187389
20.95890756137669
4.610586698167026
5.863028781488538
17.650821678340435
13.319605831056833
7.362663522362709
13.764878364279866
19.967103581875563
8.936323987320065
4.399241480976343
12.57412363961339
21.429615722969174
14.314298622310162
9.680737925693393
10.23098312318325
18.089430755004287
6.323047557845712
6.219619272276759
4.0542042423039675
5.545099740847945
4.170700952410698
13.816946066915989
4.595686338841915
5.9077947568148375
10.794905833899975
10.07193395961076
2.624359156936407
4.576687982305884
6.770897788926959
5.832545015960932
5.064477602019906
10.423439720645547
5.850295023992658
6.082345504313707
9.725584441795945
5.240478720515966
13.551559288054705
5.630091446451843
9.135977879166603
4.998612407594919
6.857938256114721
4.054048459045589
14.502343086525798
14.348963841795921
12.558854216709733
15.813827568665147
4.019567999988794
4.749798132106662
4.391054233536124
5.839834436774254
4.631936768069863
7.909692336805165
6.254308986477554
4.766032811254263
12.167406093329191
3.6915031876415014
5.61524816416204
12.74204481486231
12.201979888603091
4.648493196815252
2.857217011973262
2.655724328942597
9.90009325928986
2.661718061193824
9.179850907996297
10.587360084056854
9.785954429768026
5.3673480823636055
9.00342490337789
3.876559840515256
1.944416994228959
4.006323907524347
3.392897190526128
4.352401199750602
2.7505026925355196
7.433058139868081
8.940952226519585
3.4806326515972614
3.211890075355768
11.094565406441689
4.8735272996127605
9.545214975252748
6.730225821956992
6.894480273127556
3.179932529106736
11.41811983147636
9.714185294695199
9.93864906206727
6.991450015455484
9.178866844624281
23.098899848759174
12.79173244535923
7.417700348421931
5.445608536712825
7.584085992537439
1.883461887948215
4.490736356005073
11.74930214881897
8.836818793788552
3.3120660511776805
4.263009054586291
3.3233782900497317
12.749432465992868
3.11508584395051
5.839973604306579
3.0596591932699084
2.929812841117382
7.980993970297277
4.053701407276094
2.9979698350653052
6.831549673341215
10.37069218698889
3.460834952071309
6.026363003998995
5.52146786917001
12.063796129077673
2.8333813780918717
3.424714923836291
6.420935231260955
5.262873644474894
14.42533142119646
5.013450747355819
6.81545427814126
5.0256900088861585
9.511574290692806
3.6764292139559984
3.322785406373441
7.336007803678513
5.764745535328984
11.252331516705453
5.659918257035315
5.402989779599011
6.015914156101644
8.135755471885204
3.2080364553257823
2.5855852887034416
3.4266565907746553
8.95982188731432
5.614210016094148
6.330435213632882
3.2543729608878493
4.212441117502749
8.346938976086676
9.864838768728077
8.771124521270394
4.898718066513538
3.35695345280692
6.385630629956722
3.7752189692109823
4.097814680077136
3.731313729658723
10.802132206968963
3.83413715288043
2.51497695222497
3.076961194165051
9.265251740813255
5.856653633527458
4.422971968539059
8.942386987619102
5.12852617027238
3.7474924502894282
6.129507872276008
4.625657805241644
11.391414516605437
5.77192719001323
3.6171938367187977
2.725590167567134
3.7914698091335595
12.790966223925352
11.421730582602322
17.468823960982263
3.0606145788915455
5.585045133251697
6.294409439899027
6.950898262672126
12.435821242630482
5.231587961316109
5.311178962700069
3.816573546268046
4.701774783432484
7.213967141695321
13.2173368986696
14.590697348117828
10.309950505383313
4.706361987628043
4.611069405451417
5.1810691235587
3.1343347216024995
9.313089731149375
3.5134434634819627
15.352052316069603
4.879267136566341
10.544116947799921
6.586391395889223
7.493637885898352
3.939038649201393
3.608938669785857
12.218237673863769
3.6047880072146654
16.638811599463224
10.246200313791633
6.522864006459713
10.726109608076513
6.004272164776921
6.020114729646593
5.553725813515484
5.778537688776851
10.899725446477532
5.865435383282602
6.554986801929772
2.7807364324107766
4.054543166421354
4.045060127042234
7.52425866574049
6.352200663648546
4.999506298452616
6.605876342393458
5.635915943421423
15.219641599804163
4.166943984106183
3.759734299965203
13.573217689059675
3.929507574532181
5.168206920847297
3.4889558544382453
3.5492951404303312
6.100565452128649
7.1518019288778305
4.52042595949024
13.343683962710202
4.657882448285818
3.7977921199053526
3.2836270118132234
2.8404273008927703
17.350909542292356
14.629828345030546
4.551341877318919
5.361316352151334
4.800444836728275
5.144350380636752
2.8165496587753296
1.6652494939044118
5.029499726369977
11.188857481814921
3.70523171313107
6.291013330221176
13.862855690531433
6.9642019784078
3.463020638562739
5.975470132194459
4.252937780693173
11.763090128079057
5.44222329929471
7.260590354911983
3.7569618709385395
2.4654322303831577
5.906844379380345
5.054933587089181
8.423097742721438
7.534507225267589
16.441936743445694
12.73792755138129
21.03667622897774
4.529179414734244
4.995673569850624
5.370107646100223
13.203309242613614
6.7800337839871645
7.222173043526709
6.460402024909854
11.744652167893946
4.750554606318474
3.517780308611691
4.718653356656432
5.64907378423959
6.72533374838531
6.264526807703078
3.3595474380999804
7.27013722807169
9.410699413158
7.616065485402942
2.674516818486154
4.57909175939858
3.262342317029834
5.167279360815883
5.165444969199598
2.7058448465541005
2.3482333826832473
5.071220440790057
3.811849048361182
10.315839113667607
6.763877074234188
3.312825722619891
4.109886201098561
3.932486044242978
2.7388422023504972
18.1489179385826
7.464386243373156
5.746388993225992
7.0442195031791925
2.980820898897946
3.2732784589752555
2.1268910141661763
2.859805289655924
5.836567354388535
7.551511451601982
3.7873447742313147
11.819341848604381
7.580551668070257
5.241951951757073
9.397912719286978
3.3097678180783987
3.4887870075181127
3.234155599027872
2.8117177356034517
6.190627794712782
3.4575012987479568
5.9419310269877315
5.168455223552883
11.582660404965281
10.171271092258394
8.908851532265544
3.986775405704975
4.611589311622083
12.244506988674402
15.261402980424464
6.184889033436775
4.311168685555458
12.204995745792985
3.7359164878726006
5.468564389273524
15.882892796769738
6.496585318818688
2.307210083119571
8.429632767103612
14.473042633384466
11.874928113538772
5.441259720362723
4.25266719982028
3.0072531439363956
3.985065652988851
2.810971283353865
3.141649190336466
2.759045474231243
8.087420561350882
3.4903109688311815
7.904310259968042
6.328663470223546
2.6811364023014903
3.3073642374947667
9.785876207053661
5.991310166195035
6.317359030246735
3.093407364562154
6.733170706778765
9.520366264507174
7.88895602338016
8.02653225325048
4.214322718791664
10.161733468063176
11.514626059681177
5.7230235524475574
9.845635328441858
3.0837633097544312
5.011791696771979
7.527353483252227
6.325538204982877
24.443177642300725
4.954121870920062
5.952202454209328
8.10264004394412
4.844782285392284
3.965982967056334
5.157720161601901
9.018335996195674
5.231828849762678
8.48763567674905
5.604266410693526
8.927561129443347
5.643441582098603
8.187431832775474
4.813696192577481
16.090569261461496
4.632029953412712
3.3703703340142965
4.3982561603188515
6.5201938431710005
3.3781071035191417
4.228440614417195
5.4283235762268305
13.216421759687364
7.037605947814882
3.3094576941803098
4.634364450350404
7.304895121604204
5.754812189377844
5.374549807049334
3.6689538368955255
1.6321881273761392
11.485242961905897
3.6306737177073956
6.2341349786147475
4.448059747926891
15.186859363690019
4.3750023655593395
10.763050576671958
21.303258748725057
3.7777436804026365
2.5135422442108393
2.926514020189643
1.91892103664577
7.817944520153105
4.393137267790735
4.088425354100764
3.154102153144777
5.433015634305775
6.983100989833474
3.7527684569358826
1.189916618168354
2.915968831628561
9.214361042715609
6.308110589161515
2.686571470461786
5.341354412958026
4.3397970935329795
10.333694270811975
5.572033583186567
5.543625490739942
4.653650226071477
4.036491292528808
4.4326834063977
2.258760309778154
2.803326095454395
2.660449529066682
8.097636439837515
4.586149306036532
4.927614476531744
6.877612627111375
5.585333162918687
6.596720922738314
13.329100910574198
1.9994489550590515
6.103204706683755
4.430601631291211
3.9237818801775575
5.515838756226003
2.3892738297581673
5.6560768354684114
6.642539441585541
8.470024363137782
4.739788645878434
3.210104309953749
5.946337400004268
2.001579931937158
10.864301455207169
5.175839032046497
7.506101899780333
3.7769440906122327
3.604937349446118
2.475802649743855
7.063047775067389
3.419015947729349
3.6785022588446736
5.626877868548036
3.662231598980725
1.9608518946915865
8.414190192706883
4.287919206544757
5.5923731457442045
11.226315526291728
7.475454652681947
4.073282309807837
5.455694746226072
2.7223535235971212
7.054277902469039
7.386468064971268
6.2514390256255865
6.225366642698646
2.8259950559586287
6.6686034901067615
3.9581888243556023
1.676051739603281
6.8679736675694585
10.43117958959192
5.96336655318737
8.792891554534435
2.813203467056155
3.713727599941194
18.594880199059844
10.382470201700926
19.97785133123398
4.508156567811966
15.474358738400042
9.022990371566266
3.3929534927010536
7.467559512704611
6.908333085477352
6.699345194734633
6.272060648538172
1.8429843499325216
3.0064488826319575
9.478604666888714
4.696870504878461
3.397719645872712
2.2009442280977964
2.914297202602029
5.652114685624838
7.057013047859073
4.545986174605787
6.4951831279322505
3.1390152387320995
3.9072031676769257
8.257315387949347
3.4577204156666994
1.795819350052625
6.061425998806953
7.187335474416614
3.206441848538816
6.865221886895597
5.781055139377713
4.931608114391565
2.918475341051817
2.4002614356577396
6.318819203414023
5.692460088990629
4.013795526698232
9.41461337916553
4.896916322410107
4.188540352508426
1.5921734105795622
4.956162683665752
13.668685394339263
3.795785477384925
5.577525770291686
12.04390772152692
5.780426604673266
5.634680021554232
17.578620597720146
4.812610033899546
5.315428176894784
9.266343725845218
6.573569328524172
5.602407525293529
3.851668489165604
4.464681415818632
7.736491403542459
7.484227408654988
14.94585321471095
5.599344143643975
10.074582617729902
2.9022909170016646
5.5775176379829645
2.549937696196139
14.571056284941733
6.621858520433307
2.1384997256100178
13.262446824461222
3.838071884587407
14.226035091560334
5.83836317807436
15.718943111598492
5.08372778724879
4.201208170503378
2.923952885903418
2.4154333658516407
3.876270650885999
2.7357027772814035
5.200280230492353
7.3423041040077806
2.470321437343955
4.814317531883717
3.65089500695467
3.8536022631451488
3.7790892962366343
3.3223708607256413
5.9635276002809405
14.559450809843838
2.833865126594901
11.74064451828599
7.013802522793412
2.4228696627542377
3.1425638254731894
6.501920875161886
2.9100122386589646
7.270613320171833
3.2291288720443845
8.294956313446164
6.927067801356316
2.553163348697126
5.509895658120513
3.6835323479026556
3.3065678598359227
6.445140602067113
5.183246169239283
6.049719735980034
3.9187634671106935
6.814682280644774
2.136673640459776
5.137059640139341
5.59478575270623
2.512141208164394
7.00125252828002
5.650009777396917
4.833802797831595
5.743301291950047
4.572988794185221
3.060486029833555
2.006370992399752
1.8842375045642257
4.093075662851334
8.437259822152555
6.839188647456467
2.088062605820596
9.170777400955558
3.92369825206697
5.954507986083627
3.962099618744105
4.804930656217039
2.4585162978619337
5.409202489070594
5.265811966732144
5.87755695451051
5.555424889549613
2.5137243196368217
3.6621293369680643
5.656877993606031
7.4847347270697355
5.837274326942861
11.708102760836482
9.868213935755193
2.247827425599098
26.04747029580176
7.0949474619701505
4.0444579888135195
5.789114127866924
4.199344780296087
11.396073777228594
6.77910471893847
6.017853823490441
5.856619272381067
4.58978589810431
4.397760646417737
4.538880743086338
3.8553758207708597
5.669056022539735
8.00400717370212
1.8614568058401346
7.8748052213341
12.333116721361876
6.887704808264971
6.01049240026623
17.336732292547822
9.080992803908885
6.238703396171331
4.000076193362474
4.94548911973834
2.061758439987898
3.68377373367548
4.456428055651486
4.5843421295285225
2.4352908451110125
9.232189203612506
6.059575639665127
3.324247708544135
1.791233136318624
2.592735414393246
9.852773373946548
8.63957034330815
9.147609455510974
2.6607336159795523
2.560606741346419
2.9530684067867696
11.593994164839387
6.597225981764495
9.911738023161888
4.3475376814603806
2.170266270637512
16.42154318653047
4.693405552767217
1.6259486535564065
2.0655396468937397
7.97000531014055
3.1371418135240674
10.698934062384069
1.8235948020592332
3.531744268722832
4.409879067912698
1.3039860930293798
1.9877406675368547
1.972245835699141
8.082104418426752
8.07001580297947
4.2233211770653725
3.3185142427682877
3.0192612698301673
3.4850207306444645
4.919044424779713
6.859624654054642
2.549370661377907
2.8940420104190707
5.028328130021691
9.601951429620385
1.9673731541261077
7.855260951444507
6.208350667729974
3.2085172683000565
24.776046892628074
3.3511328073218465
3.155265513807535
4.097128028050065
2.644639451056719
6.865607990883291
7.299457930028439
6.423926880583167
10.146590448915958
18.219928954727948
11.357083798386157
3.997587049379945
1.2474682927131653
5.314607075415552
10.66323595866561
4.232358382083476
3.3995804162696004
1.6788771776482463
8.506906950846314
1.532129823230207
3.297940165735781
5.045388909056783
2.8021512180566788
3.8222291376441717
7.136857849545777
10.481684901751578
7.839712131768465
12.49729469139129
1.3430456509813666
2.1202795011922717
1.9991961978375912
8.845713532529771
3.5049570659175515
3.345056025311351
1.9172990284860134
2.087494400329888
11.36341322120279
3.4383690198883414
2.404333516024053
2.6530129071325064
2.3575516315177083
1.3929718071594834
10.780097940936685
1.2744629001244903
7.925858777947724
4.0881303157657385
1.2435825830325484
0.8732064217329025
6.4333558939397335
9.140563515946269
1.9878565482795238
1.9389483723789454
4.694799073040485
4.794024785980582
3.167652541771531
5.592506110668182
7.918487295508385
5.222049692645669
2.361175381578505
4.969802414998412
5.623215246014297
13.621233380399644
6.9146492797881365
11.39778621122241
3.4542941339313984
2.2757506128400564
4.74909196421504
8.963589795865119
6.870791835710406
6.492507574148476
3.247965533286333
4.494745238684118
2.6448432747274637
4.6274169236421585
7.110296215862036
18.34040194749832
15.346737870946527
3.6798354601487517
4.966056857258081
3.111894803121686
3.399247320368886
14.539704691618681
6.230058919638395
8.20038178935647
10.619194972328842
3.4563197568058968
4.7828979743644595
10.66262692026794
4.300565576180816
3.2311541736125946
10.477091626264155
5.05389787722379
6.042370072565973
9.960043804720044
3.6075198398903012
12.631442848592997
4.51782042440027
7.7146211778745055
2.2445697262883186
3.8034215541556478
6.438761988654733
2.7039708280935884
4.894618474878371
6.1374147571623325
2.7445284575223923
18.027942279353738
20.354337827302516
3.6883772406727076
4.37387671880424
4.259972868487239
6.970389248803258
7.02940812241286
5.883370381779969
2.8461270052939653
12.725054076872766
10.815338811837137
2.418072747066617
8.389028020203114
6.188861422240734
3.962839702144265
4.728509904816747
13.099734408780932
9.260883383452892
7.668684388510883
1.8154581263661385
4.162948093377054
4.498991573229432
9.973043077625334
4.120966759510338
10.41837790608406
2.2484689727425575
13.579084331169724
3.4542489890009165
3.3380936114117503
3.3651379058137536
4.773546759039164
3.7732645384967327
11.829459567554295
2.502678339369595
1.2260191980749369
3.1271099960431457
2.7741921222768724
2.4715443048626184
5.520313628949225
5.845486117526889
3.4329202584922314
2.387447614222765
7.6270600240677595
2.095858364365995
6.182657841593027
5.302457999438047
5.923193983733654
10.454364454373717
11.892382118850946
7.134159685578197
9.708774809725583
3.215473921969533
13.897485345602036
5.71700513549149
3.1766805658116937
4.797041075304151
2.6582729504443705
1.3253090865910053
2.561312752775848
5.878977722488344
5.218373955227435
7.510276110842824
9.33005092293024
2.9197780610993505
3.9026106540113688
3.140209603123367
5.711458893492818
14.157399384304881
3.62268456351012
3.629917894490063
4.196538764052093
12.899696312844753
1.8020971743389964
3.6204828564077616
18.423914895392954
2.182273793965578
2.984264171682298
5.613582425750792
1.9343384308740497
2.1939309369772673
10.106069440953434
9.336700196377933
3.7596120918169618
3.193428313359618
3.986763780005276
3.6622965736314654
2.5803988967090845
1.385325807146728
18.370139421895146
1.5251328898593783
2.680962422862649
4.6091880006715655
18.16562538780272
1.7400481682270765
6.610724361613393
3.736158300191164
4.030012051109225
3.7313018580898643
3.5890903687104583
2.408677911385894
19.60814053332433
2.600678676739335
3.138711566105485
21.082265807315707
12.435476451180875
3.8673783615231514
6.08600464835763
2.9041375713422894
5.9528528354130685
28.06185571476817
4.218506503850222
4.2769122794270515
4.058563532307744
8.165512643754482
3.90032565779984
9.855448673479259
4.866331849247217
6.688762087374926
1.6502604465931654
5.092777416110039
1.5058470396324992
9.489589764736593
18.306084586307406
1.139051765203476
5.525260660797358
2.788396586664021
5.0138378366827965
1.3673513485118747
3.154916471801698
5.4786094995215535
3.0843209391459823
2.1293038530275226
9.199670056812465
3.321409742347896
1.8836487894877791
7.808466145768762
2.181022148579359
4.843671258538961
2.2262246650643647
2.0654539903625846
1.638598750345409
3.0578543394804
9.010732624679804
5.479538650251925
3.1559948129579425
2.402788804844022
1.9193787211552262
4.466031840071082
3.0353300804272294
2.381873697042465
1.956425355747342
10.750677817501128
3.2452742815949023
9.749506306834519
3.198551069945097
7.589862214401364
13.445310136303306
19.713407428003848
6.657030927017331
3.6797894909977913
1.5701690474525094
8.054664671421051
4.605693518184125
2.0077909994870424
3.4369158605113626
3.475285797379911
5.0956173138692975
9.420355796813965
1.7442188458517194
6.911006016656756
2.674769988283515
3.5730631267651916
5.099289144389331
6.49312175065279
13.342344827018678
2.8149058129638433
4.369887243025005
6.043847422115505
6.164152422919869
11.859293166548014
2.324547605589032
9.408875641413033
10.446434736251831
1.1189199648797512
4.1198019394651055
1.9276553243398666
1.2961942651309073
5.067701747640967
7.350356703624129
12.267003986053169
4.998239734210074
12.11441809963435
12.412655491381884
7.513509761542082
12.516260632313788
9.573438247665763
6.098229330033064
4.231218170374632
1.3720738319680095
13.53790133446455
7.509105551987886
7.175345351919532
4.06100297998637
4.802116920240223
6.090648118406534
15.003467347472906
2.1179041480645537
7.683056655339897
1.320747159421444
12.643496235832572
5.487079963088036
2.323875231668353
4.424369023181498
3.204713004641235
3.456749714910984
19.476244313642383
3.063356480561197
14.50670334417373
11.865088997408748
2.382757816463709
9.239546472206712
6.972595920786262
12.080345082096756
1.7589310463517904
7.370600822381675
11.678332790732384
5.025135646574199
6.767279320396483
2.3793850438669324
8.359153891913593
9.259366821497679
14.568374208174646
2.1805114448070526
10.784136163070798
2.167717806994915
1.7391944602131844
5.952297663316131
12.62050417251885
5.9838164774701
1.2107000816613436
2.0735374819487333
6.814957890659571
1.9676206782460213
3.557834423147142
2.50200760550797
6.835072265937924
3.3695553112775087
1.0429801596328616
6.698415658436716
11.718988166190684
6.769467649050057
0.9225943302735686
7.934708770364523
2.7298003882169724
2.1530625578016043
1.7022818168625236
9.658200257923454
1.0493787853047252
11.838312639854848
2.723640726879239
5.55444766394794
7.353624002076685
1.3697321936488152
3.6200640709139407
5.634800632484257
5.076222225558013
1.879649793729186
3.9453982543200254
9.96286560036242
6.0659281788393855
0.8945172941312194
3.2647224003449082
10.348611011635512
1.6162094678729773
4.888805874623358
2.6555559346452355
12.860620548017323
2.512184562161565
16.44493972044438
9.131576602347195
7.224786004982889
2.859100893139839
7.621784770861268
15.472637216560543
6.202919604256749
5.583504472859204
11.265974700450897
7.223497080616653
1.399592885747552
9.312736964784563
6.361668597906828
5.142024237662554
6.545867303386331
2.1611414086073637
3.0361015601083636
2.1852094810456038
6.950291299261153
5.446581609547138
9.963830513879657
2.5060966135933995
1.980915973894298
1.9680679570883512
6.7614785842597485
13.182411076501012
4.78781892452389
4.120693418197334
5.49867510702461
2.1641155793331563
9.980792553164065
3.074807128868997
3.0151524748653173
1.5149886310100555
4.602370952256024
2.6444992339238524
13.337888332083821
7.067437706515193
7.2164759347215295
8.323186106048524
8.650123759172857
3.6570101948454976
5.371645728126168
2.530979150906205
3.6397066209465265
6.278657209128141
2.0909770894795656
3.3639961732551455
3.112933631055057
4.288042512722313
1.4579968322068453
1.3225512895733118
1.6743947872892022
16.55550508853048
0.8907668036408722
1.6505441754125059
2.915019682608545
7.461949215270579
4.718095930293202
4.528438193257898
2.1799996215850115
5.432372009381652
4.0306350900791585
1.5044118179939687
5.131862425245345
1.7163684023544192
1.6188118644058704
4.55978193692863
4.968430421315134
3.3354003140702844
1.8443805584684014
11.50729999691248
2.260490892454982
2.2294295001775026
2.171346304938197
4.142715932801366
3.6427906304597855
1.4536180482245982
1.2727327733300626
2.630614184308797
2.9775728844106197
5.374719385523349
9.534200666472316
0.8788625579327345
0.9666358958929777
22.216701412573457
3.3303487519733608
2.3369982121512294
7.5588280614465475
7.123990861698985
5.2933959336951375
5.369148052297533
4.022160297259688
9.493470205925405
1.5304063837975264
0.8617411330342293
0.9128063605166972
6.564669960178435
1.8764689899981022
8.368033370003104
14.778223417699337
4.050495207309723
4.44392601493746
1.1985180079936981
14.20033601205796
5.26009485963732
8.548162526451051
2.7132390877231956
0.8878016755916178
6.805450006388128
19.024450497701764
5.298652664758265
16.64469442795962
5.911806884221733
4.040744240395725
1.478860130533576
4.649227007292211
3.6486706687137485
9.020099992863834
13.760054980404675
2.40476350300014
3.981334042735398
2.3124015256762505
5.1258523017168045
5.2910017762333155
9.426229132339358
3.3178310990333557
3.1574119674041867
1.0110321808606386
7.510327105410397
6.993907731957734
5.371953505091369
3.76535427197814
9.854316952638328
11.860997141338885
8.387879255227745
3.310986793600023
4.403417439199984
2.9635562216863036
1.1639457354322076
2.1920202542096376
2.741793869063258
5.506180805154145
2.3725850298069417
2.41664210986346
1.2643453404307365
6.235683925449848
1.3549738377332687
8.363667559809983
2.348998522385955
3.786443652585149
2.5371888177469373
1.559748093597591
3.002223498187959
4.239169263280928
1.3209819626063108
6.7767794746905565
1.6270600985735655
10.77126910816878
2.314510933123529
3.9563988959416747
2.4256745502352715
5.860306082293391
2.275974399410188
20.979576396755874
7.303933906368911
7.634239632636309
17.989193418063223
6.528901886194944
3.0954471649602056
2.2694661924615502
2.0355539824813604
4.683954069390893
2.276292759925127
5.261834510602057
6.584043436683714
3.8282080767676234
4.507273532450199
3.7482080860063434
1.8058044286444783
4.535731962881982
5.127527152188122
1.187555443495512
1.5379223488271236
2.7296934816986322
1.7509042816236615
4.743958232924342
2.6399549720808864
2.555194233544171
1.2537348475307226
3.228682109154761
15.251690891571343
1.880302126519382
3.530941169708967
11.039402551017702
2.9548282446339726
17.770315404050052
11.909827826544642
4.34185382258147
5.764639141969383
4.974547813646495
4.373200163245201
1.9922543931752443
4.243402800522745
3.5950110079720616
1.1688013207167387
8.257625177502632
7.757813869975507
1.2184260012581944
3.8267559111118317
0.9639164074324071
1.5012912126258016
13.161501478403807
4.895324517041445
2.2347258990630507
7.51853708550334
7.491798287723213
1.2141666589304805
6.475664489902556
1.6486925231292844
1.8999180244281888
2.033563645556569
1.403875319287181
10.041322512552142
2.693005906417966
2.3329033637419343
1.8688232135027647
7.925804381258786
6.902659482322633
1.322715314105153
6.977944238111377
1.1274911258369684
11.26222834456712
3.649629406630993
9.119427169673145
4.355838231742382
2.5499245217069983
7.7506489073857665
3.241129065863788
5.363408056087792
3.134490988217294
2.1913134502246976
15.906606994569302
11.164395215921104
3.1889165630564094
3.5848603788763285
2.236060601659119
8.056795668788254
3.750686662271619
11.32003031205386
1.9760014852508903
9.147949326783419
4.913431262597442
6.488633387722075
6.138967031612992
6.1104314010590315
3.2111585019156337
2.2083280254155397
2.498093893751502
8.632331131957471
1.36687839217484
2.050255316309631
6.208341130055487
4.405882180668414
6.094480239786208
11.006418814882636
2.3304217057302594
5.388557678088546
13.936648566275835
3.2448867075145245
1.7747808936983347
4.901440982706845
1.7568171564489603
4.666385006159544
1.5518257496878505
1.239386323839426
1.2082573072984815
3.978094518184662
2.2994123846292496
3.4339354671537876
6.058600104413927
1.3788018049672246
4.720156668685377
2.814958428964019
9.169046050868928
6.083314689807594
1.514122319407761
1.444490848109126
6.125780174508691
3.5479106018319726
1.4433526825159788
2.6136521715670824
4.342032113112509
2.2127239499241114
0.9347303137183189
3.02851471491158
14.670828185975552
7.717907849699259
4.902322140522301
7.25101400539279
5.786158847622573
3.154614101164043
3.686982703395188
21.740414013154805
2.8674324974417686
2.3368033450096846
1.1560230068862438
3.8850504821166396
6.398106778040528
8.064446195960045
3.926751773804426
1.4487468292936683
3.75894105900079
2.7913117296993732
5.068424263037741
4.767716190777719
1.4957735044881701
6.854756811633706
1.9671559827402234
1.0633056559599936
10.150640100240707
5.771930007264018
2.6066554421558976
3.4024946922436357
13.861128238029778
2.6435335595160723
11.232821232639253
2.494225683622062
4.03015240188688
3.4742670953273773
4.919679814949632
3.9992103315889835
1.7744412114843726
5.412586524151266
3.6839881222695112
2.7027242006734014
4.332962648011744
9.352121393196285
9.42103338893503
1.6994294067844748
6.283472479321063
1.2270794082432985
2.337043440900743
5.2386766178533435
5.522053297609091
3.305773706175387
2.0896073393523693
7.160192748531699
1.3436111249029636
3.488394133746624
2.1347005488350987
4.286273097619414
3.5946795381605625
1.4981501000002027
2.9935180582106113
1.9294373346492648
3.2829192150384188
4.073236990720034
5.420640233904123
1.7704938612878323
2.2320380369201303
4.001532921567559
3.2659692438319325
1.2163235899060965
2.8496644096449018
1.9440640760585666
7.709208401851356
4.292118319310248
5.956208406016231
4.173927831463516
5.900625768117607
3.2661823835223913
5.744676728732884
6.16028112359345
2.9351872969418764
1.4129878543317318
5.080097711645067
1.6165837794542313
1.258562278933823
2.409680741839111
2.6567240925505757
7.18089129216969
5.811830650083721
2.1784657007083297
2.8813958382233977
2.5197779648005962
4.618203508667648
4.8352170875296
1.9024257622659206
7.462892863899469
2.9872535802423954
3.8345233160071075
2.9030159348621964
1.70207236148417
3.3680247766897082
5.717785961925983
1.6456124261021614
2.197275989688933
5.278305395506322
3.776778898201883
1.2732201628386974
3.092674252577126
3.5271023688837886
4.764857862144709
3.162008600309491
9.78824215196073
1.960379886906594
4.040980685502291
1.3379517905414104
1.08107874635607
8.285773765761405
6.038210590369999
1.226254191249609
7.43287611939013
2.550326972268522
10.438695218414068
12.419018938206136
0.9905957607552409
1.7666907319799066
1.6949266754090786
3.6372003378346562
3.9069105982780457
3.1172575345262885
1.9241859619505703
5.272732239216566
9.93104922492057
2.9381293151527643
0.9728217339143157
0.8507099775597453
2.4863987332209945
1.148742701858282
5.9099048669449985
2.7971603153273463
2.3295690128579736
2.378362405113876
3.142452268861234
1.000699171796441
9.040022613480687
5.347472605295479
9.31234910339117
2.038714909926057
1.4411658523604274
9.284922792576253
3.572169180959463
3.7631931733340025
7.990829792805016
5.083522326312959
3.0618492430076003
4.468403769657016
7.907672548666596
4.419515225104988
3.781914798542857
15.25301505997777
1.5498417671769857
3.0926815290004015
4.98188735358417
1.606268492527306
4.922644449397922
8.360624666325748
4.006641329266131
4.447734693996608
5.450788600370288
1.1493854206055403
9.161995332688093
16.206445900723338
4.7145824851468205
1.6070028394460678
6.9755849009379745
3.436182583682239
0.9659110344946384
1.5636173197999597
1.1990850158035755
7.1848418870940804
5.085984067060053
3.7381918020546436
3.312440535053611
5.447276322171092
5.158949236851186
8.774373603053391
9.587953031994402
1.3081119321286678
2.42085571680218
7.213619063608348
4.966798672452569
2.5369712011888623
1.3846140559762716
1.713322689756751
6.8616794580593705
3.221336593851447
1.2880501886829734
4.522514812648296
2.7871365854516625
3.808148043230176
2.848493338562548
2.4930774439126253
2.508889007847756
1.7843095771968365
2.1602154411375523
13.308367921970785
3.502587080001831
5.694109660573304
5.934091101400554
3.544279770925641
2.183542392216623
2.544536021538079
2.1259442446753383
5.255188595503569
1.1148558026179671
5.50866792537272
3.297294296324253
0.8435137895867229
5.1461536809802055
3.2280022772029042
9.49402237124741
3.6287164390087128
3.056938928551972
24.506222737021744
1.5334542347118258
6.242143648676574
3.3636578181758523
5.248367206193507
3.593778319656849
1.4320106534287333
3.7384114740416408
3.1482365429401398
1.598701628856361
2.715903891250491
5.433718970045447
2.500270152464509
3.8925410378724337
5.023606292903423
2.2016962682828307
1.8771546282805502
2.7047760039567947
4.160830153152347
1.3682854268699884
1.7655701776966453
2.16864057444036
1.5369631666690111
2.4381826370954514
2.407623991370201
9.101817144080997
1.1261299238540232
4.403687295503914
5.285225328989327
2.7078001145273447
12.236243164166808
4.045138095505536
8.982697568833828
5.941230971366167
1.7521518748253584
2.589685967657715
3.527130459435284
2.7202732702717185
1.0125055368989706
1.2422609059140086
3.3490582816302776
2.337502893060446
3.254038301296532
1.1364720705896616
3.2756767850369215
4.244588737376034
5.933742726221681
3.7599956952035427
2.7322741262614727
2.1751539455726743
13.354566738009453
13.186115883290768
8.140993166714907
4.833041558042169
11.708577584475279
2.843371434137225
7.284884815569967
1.3969365265220404
3.667183537967503
11.902001464739442
3.55265402328223
3.6005386225879192
8.1232954938896
0.8185504386201501
3.4451879197731614
9.898537874221802
4.833016091492027
1.627019396983087
8.036258482374251
4.031599902082235
1.029174329712987
10.051963143981993
2.360271044075489
5.195301776751876
3.2468313928693533
2.915608396753669
6.27393973339349
9.114440647885203
11.999197469092906
9.516917922534049
7.166881175711751
2.0716091552749276
2.4434908721596003
10.954867680557072
9.193302166648209
3.9318505078554153
4.261188221164048
3.183160428889096
6.522099419962615
1.4438501540571451
4.772279262542725
4.36442459281534
2.6844267495907843
4.176908863708377
7.7925191964022815
1.815705543383956
1.4291135696694255
1.9768916694447398
3.9768554968759418
0.9757762709632516
3.819421815685928
1.1942395027726889
4.661915714852512
3.3484181854873896
2.707895244471729
1.3932417025789618
1.6168493581935763
3.419462600722909
3.8473768569529057
3.63514397200197
6.217118993401527
3.0088786836713552
1.5725054191425443
1.9702677195891738
3.885353079997003
1.177503694780171
3.131680994294584
4.096346204169095
8.228410357609391
4.179869305342436
13.958301205188036
4.251614276319742
3.5969128319993615
3.116107310168445
3.595955165103078
2.4253963669762015
7.2433834271505475
1.3427861677482724
4.305837334133685
2.9105837382376194
1.9163849707692862
1.7128564901649952
1.0608030445873737
2.063971241004765
9.275370026007295
13.376433595083654
5.750102996826172
2.2039535315707326
5.98503040522337
2.3109319917857647
1.9450022680684924
1.4935565665364265
11.948462627828121
1.4056712901219726
1.7682026447728276
3.080188762396574
1.0891217170283198
2.429342605173588
1.2140070786699653
8.205933597870171
1.9345735595561564
4.17955731973052
3.9221581891179085
3.004547785036266
0.7495258115231991
4.545055999420583
1.837728824466467
4.351016051135957
4.482876407913864
2.3789460621774197
5.611097237095237
7.339926305226982
8.784677596762776
2.350002584978938
2.6129419105127454
3.4718844098970294
0.8911657044664025
2.1312940260395408
1.6186292935162783
4.033360755071044
7.73065509647131
2.6983310598880053
1.465341811068356
8.617328233085573
8.880326060578227
14.247681865934283
5.841726055368781
6.13764557428658
1.8798644137568772
1.2305681933648884
11.474151499569416
3.4864960061386228
4.024848301894963
2.3025858011096716
1.3107329001650214
2.952193630859256
2.526488303206861
8.618403226137161
8.716262805275619
1.1320000016130507
4.441031550988555
4.184386404696852
9.423849142156541
2.1835471466183662
3.988527040928602
2.6143774250522256
1.1960548195056617
2.5407551554962993
4.08557587955147
4.555306872352958
1.5172530245035887
8.669777819886804
1.7296490538865328
6.5998096307739615
1.5030758483335376
2.348992081359029
10.590770420618355
3.5501372860744596
5.070320624858141
4.411274699494243
6.365193285048008
13.053061281330884
7.156045067124069
17.78084872942418
5.452304123900831
5.890847431030124
8.53250576928258
5.905629822053015
12.270374022424221
3.742705510929227
1.0354138677939773
3.0712243672460318
0.989625496789813
3.3635332342237234
5.16098196990788
2.7903254721313715
5.988566353451461
2.607028715312481
3.4436889346688986
5.906486822292209
4.975674718618393
1.2129840636625886
5.690805783960968
2.1939916908740997
4.523290507495403
1.5118656335398555
2.390244417823851
2.7239613197743893
7.119103564880788
1.5372110307216644
1.3788830498233438
9.075785763561726
5.775675188750029
3.1824871292337775
7.397636894136667
1.4372253902256489
1.5872498005628586
1.2983332611620426
6.135190608911216
2.0199625501409173
3.0964199397712946
8.686366596259177
1.867112617008388
6.988592928275466
12.479545791633427
1.8711564829573035
1.6092794761061668
7.77621722407639
1.948050107806921
4.131846253760159
8.445233589038253
8.021623293869197
4.932948580011725
5.168574046343565
1.5414612125605345
1.7540612686425447
7.975290742702782
7.08755661547184
5.2282260321080685
3.0243363436311483
2.7528873151168227
2.5654600709676743
2.4833902968093753
4.654247924685478
1.2382512781769037
1.9988646684214473
1.7642256626859307
2.1982761519029737
3.762439123354852
19.862931232899427
3.196044024080038
2.1301531987264752
8.427531766705215
11.762279273942113
1.9917404013685882
4.224325583316386
4.550712985917926
1.3697248063981533
1.449101842008531
3.1063762810081244
3.0791274309158325
10.68266462534666
1.0627630739472806
1.6013495875522494
2.395856572315097
4.384033623151481
1.563475949689746
4.265615344978869
3.6310065779834986
2.0568111916072667
11.700244293548167
6.532867473550141
10.544531673192978
4.023258390836418
7.162176608107984
8.028831639327109
4.282562164589763
9.002378939650953
5.369321684353054
8.110737624578178
1.295969195663929
15.428399349562824
4.788168471306562
2.4865866089239717
1.8836236698552966
7.252573565579951
12.624667843803763
1.7959062354639173
3.5420204121619463
3.7833084976300597
3.708274004049599
14.082764235325158
8.708009365946054
2.572511537000537
4.539634394459426
4.62463837210089
3.137207221239805
1.459702905267477
1.4320547403767705
12.346382644958794
3.835181249305606
1.8266680156812072
7.497634838335216
10.388953845016658
3.174419790506363
8.208462449721992
1.2289545182138681
1.7115188110619783
6.097150995396078
1.6397184440866113
3.9678536392748356
6.164955364540219
2.7152606840245426
1.3045521434396505
3.5455623092129827
1.79410470277071
3.377765695564449
1.792969406582415
1.2061928366310894
2.5081422552466393
2.9666877519339323
3.96637452673167
7.844484810717404
8.852588213980198
5.293031053617597
3.7843000469729304
6.904654472135007
2.273687096312642
3.099240710027516
4.480743260122836
2.2796932607889175
4.202726570889354
1.8382054381072521
6.010418907739222
6.075741114094853
3.169287757948041
3.4060945650562644
6.435508305206895
2.234661609865725
8.74100006558001
4.028953614644706
6.498270858079195
3.5887576919049025
1.1671879040077329
1.8594625759869814
3.759873256087303
1.7508623618632555
2.2920430917292833
2.723287483677268
7.257417596876621
2.9367156624794006
2.362830446101725
1.6834344202652574
4.60201114974916
3.021608385257423
2.502550270408392
3.382534958422184
13.02338287141174
2.9631362576037645
3.4563153721392155
2.5009712893515825
1.2831599740311503
7.543164255097508
3.532397990114987
1.7491660034283996
3.143757193349302
1.9260701574385166
0.9991819798015058
1.357446365058422
0.9217358976602554
7.05695119407028
1.8064695680513978
5.527300876565278
13.083864119835198
3.4051539953798056
16.031256640329957
8.809516035020351
11.582634144462645
3.953172143548727
3.4099012427031994
9.543373583815992
1.597145582549274
1.916109837591648
6.215772930532694
3.996752282604575
7.34089164249599
3.449690175242722
5.814238389953971
5.378152282908559
8.258484935387969
3.2635448006913066
13.764267989434302
8.023613933473825
1.9254105547443032
2.2091505490243435
6.8380023539066315
3.3662630156613886
3.9358372911810875
7.322512298822403
6.230466285720468
3.7131222244352102
12.202967269346118
3.7836039597168565
3.980837419629097
5.100976345129311
4.331120394170284
2.3068413035944104
5.430308221839368
8.76420877315104
13.523627226240933
1.3809436159208417
2.2642776174470782
6.52862495649606
2.1020826064050198
9.633528392761946
2.8426884673535824
5.448500785976648
7.593641050159931
4.510905785486102
0.9099628943949938
2.722875354811549
2.342897117137909
7.45990158803761
4.242789172567427
8.56174747645855
4.898831280879676
1.3681589383631945
2.584705252200365
3.0720907831564546
1.7091355109587312
4.393016355112195
3.3521454352885485
21.89695697557181
3.436352152377367
1.7905620243400335
2.008191619068384
2.247922715730965
2.7670153733342886
1.504956629127264
5.6440926706418395
1.0667734341695905
2.804263115860522
2.5994073217734694
6.707226080819964
2.1216400247067213
1.4779428103938699
4.31703266967088
8.87851741258055
5.571012455038726
11.70721227210015
5.062279216945171
4.515822429209948
3.7155191097408533
2.4552614642307162
1.7627910459414124
0.8050973583012819
4.924230539239943
7.700993566773832
1.555729202926159
0.9140726663172245
1.5789918256923556
1.6511824922636151
2.1371195055544376
1.6561742573976517
6.539726609364152
14.38356681726873
3.5239059468731284
3.052204953506589
4.210604585707188
11.030068620108068
1.0619735922664404
10.410523453727365
2.0180748738348484
2.048903923481703
2.3499063309282064
2.258092719130218
2.4082162734121084
11.375302287284285
3.753754410892725
2.0518944459035993
6.009921736083925
7.0080678053200245
13.353156344033778
1.8398792743682861
10.449813355691731
7.689281965605915
12.37052512075752
2.4184135771356523
16.719769360497594
1.2696649692952633
2.3039197009056807
12.495935570448637
8.527894804254174
2.456084292382002
2.077992004342377
7.901265765540302
16.84543708525598
5.9288659151643515
10.92996131721884
2.74325845297426
2.48572751134634
8.42891926690936
6.191781202331185
2.0224268520250916
5.349291522055864
2.535818913951516
2.6930440412834287
1.513421199284494
1.2330022463575006
5.933539308607578
4.306003330275416
1.6004048194736242
2.984652197919786
6.590325998142362
2.185408789664507
1.4269920624792576
1.3612379105761647
3.6579590160399675
19.35880936961621
9.192240042611957
7.058406740427017
6.249018405564129
4.178191602230072
12.383635587058961
1.8173417234793305
2.2672054897993803
0.8749587615020573
2.295818407088518
3.086192825809121
2.3432418387383223
6.108098463155329
4.518452618736774
1.2875523390248418
4.799557498656213
1.669461414217949
10.196765125729144
5.967356223613024
3.812105843797326
5.981056443415582
3.1111251898109913
4.196865395642817
1.5595773607492447
7.8381472853943706
3.1007660012692213
0.8611816046759486
6.320484070107341
2.9307203576900065
1.6243921667337418
5.745361723005772
3.483061173930764
3.4621258303523064
1.0243288446217775
1.999391932040453
3.392351887188852
3.1334263319149613
4.1216889610514045
4.365418524481356
16.386533372104168
2.9461144814267755
4.040820645168424
1.0426998352631927
5.111376730725169
5.135221731849015
7.166540885344148
1.2279344284906983
2.833564511500299
7.453204439021647
9.199817784130573
1.393703998066485
4.49405993334949
0.748417747206986
2.5240863962098956
4.3685238705947995
9.368637213017792
2.3243127893656492
3.213600833900273
1.8492155335843563
7.563753258436918
6.171395574230701
2.856771065853536
9.959374041296542
1.1997720682993531
6.329665578901768
6.673720574006438
5.026321265846491
2.7614470794796944
2.742044311016798
2.595942284911871
1.387081733904779
4.067251056432724
3.5143242981284857
2.993276946246624
4.208231893833727
3.1575665129348636
3.2253335351124406
2.705307779368013
2.275750156491995
2.855298327282071
13.62854095455259
1.9603354632854462
0.9228796917013824
2.136278641410172
5.347728757187724
5.2254031505435705
5.005788085050881
3.3123531732708216
8.252947753295302
4.9001436568796635
3.2655984619632363
3.5165961794555187
3.1737022614106536
0.8247078666463494
4.78774584364146
8.69910430163145
6.792317436076701
9.569180512800813
5.1106901010498405
2.394805332645774
11.153860083781183
1.846130508929491
3.1238131811842322
1.6134767206385732
0.8199201794341207
3.195784989744425
1.7080495180562139
6.769070856273174
1.265777800232172
7.131003817543387
1.2769695119932294
1.6811468582600355
1.9834983460605145
13.046706145629287
13.093512893654406
5.993783402722329
10.500104127451777
4.141778497956693
5.321213925257325
0.7279730085283518
14.60834187362343
3.440990686416626
5.492050034925342
0.8191949725151062
2.460204966366291
2.394043158739805
6.568057361990213
2.2833828972652555
3.374640111811459
1.4214409664273262
3.218745014630258
3.513526395894587
22.356560644693673
8.329807012341917
7.3875930877402425
3.5541290920227766
1.0239577619358897
1.5552928363904357
0.9781228322535753
5.444796149618924
3.295047774910927
5.036177924834192
1.7888498147949576
1.9581764908507466
1.508700653910637
2.2833283934742212
0.7278094505891204
2.400577985215932
15.309979460202157
8.112018272280693
12.460682530887425
1.6556867510080338
13.933116855099797
1.2849681861698627
9.289904734119773
1.6165511757135391
8.205013052560389
1.4813584769144654
4.1989847011864185
4.254146204330027
1.34618984721601
5.0405179457738996
2.1951468689367175
1.9865862503647804
2.6761367581784725
7.224505391903222
2.1759680276736617
5.076477355323732
5.324660668615252
2.8344203014858067
8.40200477000326
2.994438515044749
2.722947560250759
3.924680066294968
4.517772542312741
3.485499680507928
2.52266991045326
5.832356113940477
15.3481161929667
5.743794886395335
5.608486552722752
1.4927061330527067
8.072964337654412
6.977816913276911
5.742650933563709
1.792901337146759
3.822486413642764
3.9633180228993297
4.875113870948553
5.023592236451805
1.6929153762757778
1.7085670353844762
2.57090530032292
5.16111957654357
1.4538362231105566
2.552341223694384
4.430815851781517
5.341684243641794
1.1297226259484887
0.8695601699873805
15.527987635694444
0.7728060530498624
8.529661260545254
0.7274802466854453
0.8388762883841991
3.7666428769007325
2.035638634581119
1.2807398503646255
1.348882197868079
1.890802837908268
0.7997351321391761
6.257883014157414
4.792389743030071
2.517947906628251
1.5126467300578952
10.836799473501742
0.7388521730899811
14.276298200711608
3.210351319052279
2.775026642717421
2.3453456480056047
2.1306028068065643
3.5112824365496635
5.043602655641735
3.0577613511122763
6.875137228518724
5.184886121191084
3.9023121213540435
4.132834537886083
5.70177825819701
1.632897613570094
0.999270879663527
3.887267043814063
2.209943681024015
1.7702407892793417
2.471903905272484
5.788110631518066
1.0881744250655174
3.5744659202173352
2.427625307813287
6.810250299051404
2.6117812925949693
2.6144303204491735
2.2781112855300307
5.274507480673492
2.4222129629924893
3.876877318136394
3.0708208521828055
6.295946761034429
1.1575915589928627
7.012467614375055
4.274270976893604
20.09839483164251
2.3750869687646627
2.202168580610305
5.89340197853744
3.6514345263130963
2.188818602822721
7.890886683948338
6.604277566075325
7.08091873396188
3.5932729793712497
0.7844433868303895
1.189988355152309
8.470750852953643
5.462947093881667
5.209434154443443
6.999848339706659
0.8331358013674617
9.145539208315313
1.1836398001760244
2.821952661499381
9.205772378481925
3.9309825534000993
2.366624040529132
6.047432475723326
2.889451398514211
6.329885829240084
3.0080328788608313
1.538822471164167
2.098280624486506
1.0974882245063782
7.528862363658845
5.765919025056064
2.763244570232928
2.2265118891373277
3.3028613943606615
4.244747466407716
7.021604737266898
1.3068145345896482
2.5003704130649567
5.842761630192399
1.8492211834527552
3.2780088339932263
20.57332027051598
1.115462526679039
1.8371605267748237
35.19677856285125
4.207993380725384
1.101878414861858
5.075634902343154
3.8163989996537566
6.116382577456534
8.54987080115825
2.6781976991333067
3.272994991391897
5.261263586580753
3.201210532337427
4.072143900208175
6.984906760044396
6.018751734867692
9.207598864100873
2.3139146929606795
2.1473011588677764
5.9659663438797
3.22914164327085
1.0594710623845458
1.2052820613607764
2.76450909441337
1.1445461884140968
3.157206670381129
1.391613533720374
3.9935584692284465
15.423222625628114
2.2805506344884634
5.809080176986754
3.093190706335008
6.483673770911992
1.5717734596692026
1.0207807887345552
10.289209437556565
1.737763088196516
1.8673013746738434
1.1880161948502064
0.6032292675226927
4.523589937016368
1.2196873985230923
4.501851974055171
5.201212267391384
1.935743909329176
3.214295906946063
2.085075343027711
8.501209841109812
1.770890973508358
2.953272856771946
4.306933111511171
4.418665111064911
2.02079073805362
2.1675096806138754
1.171427747234702
12.58107590302825
17.35275162011385
5.213409565389156
12.722244769334793
2.7004261929541826
2.0251774452626705
3.009042656980455
16.009711640886962
15.995331463404
4.6720105446875095
1.0915837539359927
0.82750731613487
3.0882345912978053
18.226647078059614
2.49102461989969
3.2035058606415987
1.1039332887157798
3.56823518127203
7.381545385345817
2.616537405643612
0.728642818517983
1.5231681186705828
4.849273152183741
2.711265197955072
4.155357812531292
0.8232680568471551
1.2093223137781024
8.579242713749409
0.8759884997271001
1.5127925546839833
1.3235167367383838
1.051555471494794
8.13959939405322
1.9226796636357903
6.462838674895465
4.0264392690733075
2.6690851193852723
1.9146541580557823
2.55675838701427
1.3446310553699732
11.622886243276298
0.8485142542049289
1.944000965449959
18.2277345280163
2.9510267581790686
4.227083723060787
3.017641424201429
1.9638080447912216
2.8156214710325003
0.9370402358472347
3.90825913567096
1.0934178391471505
4.068704250734299
7.821417355909944
1.6482597179710865
1.163642005994916
1.1812388515099883
3.5400509275496006
1.2963417889550328
0.905401362106204
1.7736006127670407
1.115288588218391
13.08083098847419
1.3799407575279474
12.602888325694948
4.840327937155962
1.3250792901962996
2.9685265603475273
3.0989044019952416
5.620834753848612
0.7711032098159194
7.207433050498366
1.0586876282468438
9.580272308550775
1.7713906168937683
3.7094276463612914
1.999736400321126
1.4337267512455583
8.434162200428545
7.43199187843129
2.297116353176534
2.6586139178834856
7.826253484934568
7.010943583212793
0.8693351419642568
4.330739772412926
1.1131461299955845
1.5890879686921835
3.0026122815907
13.537928184494376
2.4290237464010715
12.285972357727587
1.4197067189961672
5.9595219399780035
2.6214265264570713
2.5987281785346568
2.352593586780131
8.42107234802097
3.4910601284354925
2.519028866663575
3.9336537588387728
5.846791080199182
6.225501944310963
10.286774319596589
2.986892521381378
10.289389559067786
2.7416265588253736
7.4821345545351505
17.14826604537666
30.053256953135133
5.6988723911345005
4.608870852738619
4.463196162134409
1.2454380383715034
1.444976795464754
5.737180360592902
1.5722348587587476
2.328619236126542
2.0049672443419695
2.356960317119956
13.786074464209378
4.142129898071289
5.965688428841531
3.4060354148969054
4.023255581967533
0.947081025224179
3.6525901537388563
3.2914473908022046
4.431030499748886
3.2479246482253075
3.4209911534562707
1.6343270149081945
1.303254765458405
2.197927382774651
6.1909004068002105
1.3731640623882413
4.8758671982213855
1.7012459263205528
1.041592645458877
3.1463233400136232
5.772648938000202
1.7965135015547276
7.561613609082997
1.6932311030104756
7.299067392013967
5.467810097150505
1.9335199845954776
8.876067513599992
10.092231394723058
9.488145000301301
4.776506715454161
1.9702658392488956
11.16785923205316
5.1858682236634195
4.908775177784264
4.33928135689348
8.815007383935153
9.585934684611857
2.848188374657184
6.449815946631134
3.382639973424375
4.862729107029736
4.278034490533173
2.3983089085668325
5.6623534904792905
5.0447230422869325
6.838995152153075
2.7564869369380176
12.797805532813072
20.86692900536582
1.9358243709430099
1.380478580482304
1.8864308670163155
1.5296512208878994
4.435648803599179
5.503659873269498
6.466339371167123
13.534136053640395
12.949850694742054
4.540323010645807
3.283350056037307
5.4337410209700465
1.5670464998111129
4.447896189056337
2.061655042693019
4.082213091198355
1.5001342399045825
0.6799482242204249
5.529809759929776
8.74001534562558
2.524065009318292
1.4933347213082016
1.827546394430101
2.0453045526519418
4.294544980861247
9.544632201083004
4.1229896657168865
1.1341211423277855
0.987083132378757
11.310489298775792
4.6348754316568375
4.285131375305355
9.161144825164229
1.7103690127842128
4.170273299328983
1.5562147554010153
2.5373982936143875
2.6535783167928457
13.96876851003617
1.523759089410305
1.8002118645235896
6.0259824730455875
1.7089256774634123
3.669948544818908
6.891744596883655
5.6696533230133355
3.254044155590236
8.716235611122102
5.307985168416053
1.8819953054189682
0.6915966514497995
4.337334300391376
1.7914359495043755
2.0314654419198632
1.370880365371704
0.9668983295559883
8.299593507312238
5.049592966213822
3.746754787862301
13.019203982315958
1.8110637022182345
0.6347226798534393
9.95403563696891
1.0458895387127995
4.112187881954014
1.6313468981534243
2.582139673177153
2.100688419304788
2.3773464737460017
11.472600429318845
1.8200374501757324
2.2276755487546325
1.8659626236185431
2.665553469210863
19.379169702529907
2.2299155574291945
1.5754806962795556
16.952430261299014
4.424109701067209
9.796293276362121
9.27016028854996
4.449831895530224
3.974963981192559
0.6739955488592386
3.1783772530034184
1.47694947803393
6.135159763507545
11.815036667976528
3.7554140593856573
2.2964765429496765
8.709272102452815
4.6120639108121395
3.558927851729095
13.871747577562928
1.870372511446476
1.9487568121403456
2.7610845724120736
1.879819605499506
2.5084842583164573
1.1935416338965297
7.980036512948573
3.9138424964621663
0.5979667063802481
5.308979555033147
0.9914861628785729
3.236158426851034
1.6393414195626974
5.132058995775878
1.7834589267149568
0.8524134904146194
3.258084658998996
8.13958417903632
2.8211152465082705
2.967822093516588
5.1471531465649605
7.400559928268194
8.907869507558644
1.6125442329794168
2.442020024638623
1.3376119211316109
2.287427962757647
5.168368303216994
1.104493117891252
0.597560799214989
0.9041636576876044
3.9006542917340994
9.869946920312941
0.8862891234457493
1.4596997173503041
1.3868771861307323
0.6782644083723426
3.246585015207529
3.530174837447703
1.9745427463203669
7.552953347098082
5.060653841122985
1.5146694499999285
2.0744679481722414
1.6674198736436665
0.9997798521071672
1.9627032773569226
1.4670628444291651
1.8390294439159334
1.3914304906502366
1.7656392296776175
2.725069245323539
1.067108133342117
2.040340981911868
5.055820995476097
1.451267977245152
5.288528857752681
1.7511401772499084
4.207545215263963
9.785104353912175
3.625635899603367
1.2133556315675378
7.915668742731214
2.250324657186866
8.86788090877235
5.819699461571872
4.300102578476071
3.0862739952281117
3.524949044920504
3.531867228448391
2.9369100779294968
1.890488374978304
6.938092079944909
2.201999098993838
2.4701649099588394
12.142499851994216
5.026529526337981
8.639694727025926
5.485316276550293
1.8653913522139192
3.0984651669859886
3.6191121730953455
8.468305910006166
1.3305351352319121
6.9626232562586665
0.9649970820173621
2.4691098309122026
1.2175683490931988
1.9553555976599455
1.4704166851006448
4.862498592585325
1.8607494202442467
1.9476290275342762
5.237510218285024
4.113726202398539
14.069184766151011
1.6507766926661134
7.572181477211416
3.4006519839167595
1.2304551750421524
8.824657444376498
1.8537571802735329
1.1521016471087933
2.864369565155357
1.0358877396211028
3.169079423882067
5.309741170145571
12.674619181081653
7.005209296010435
3.4520808421075344
3.3951635370031
1.0771184135228395
1.2287347335368395
1.3286782559007406
5.7225413410924375
4.777501444332302
1.382155739236623
5.265636400319636
1.0523541439324617
2.4518353887833655
1.3823503367602825
5.062635594978929
8.279727306216955
6.859552348498255
2.8465555235743523
2.459168811328709
5.031240718439221
0.7773391325026751
2.4981988314539194
4.551339994184673
2.1452521570026875
1.6893716314807534
6.914851906709373
3.113796263001859
1.4952433835715055
10.758471745997667
0.7880282388068736
8.027106297202408
3.3236983278766274
8.353767787106335
8.383993843570352
2.7935822093859315
11.89915348123759
4.876606081612408
2.8340006759390235
3.6776170069351792
5.063936988823116
2.597234866581857
6.341285230591893
1.0217037852853537
3.0230129519477487
0.7383099407888949
1.078872342593968
1.7553533613681793
3.958159128203988
1.1583579955622554
1.1027333810925484
12.426971622742712
8.835828689858317
8.007478055544198
3.0892822090536356
3.7512291837483644
5.373977347277105
3.895788316614926
4.699263186194003
9.040459046140313
2.457057279534638
7.270578986033797
1.109896121546626
0.8692466635257006
2.883400226943195
1.9722985541447997
4.152114653028548
2.7946597561240196
0.8747174767777324
1.1235199104994535
3.771045875735581
1.122403023764491
15.352395727764815
2.6753567196428776
4.587472918443382
1.1234606597572565
0.7712860009633005
2.3389011062681675
4.520769853144884
7.664745454676449
0.7688333615660667
4.4182891715317965
2.8902331311255693
4.366815487854183
2.243612024001777
3.4359157769940794
1.4286024123430252
2.4053307557478547
11.85089435055852
4.295533025637269
5.017048692330718
5.621454608161002
4.781969862058759
2.8721572598442435
4.99793204292655
0.8825301211327314
8.708588570356369
1.7612927975133061
2.5103046991862357
1.3937988500110805
7.235750638879836
1.2726015811786056
1.694451931398362
0.9612889252603054
2.7963483636267483
2.8389756623655558
2.3338103964924812
10.325099452398717
2.0824355389922857
4.1075583370402455
3.6243597893044353
11.125543230213225
0.9154934287071228
3.527937768958509
4.172005813103169
18.65185183286667
9.649941829498857
2.507551304064691
6.574379393830895
1.0598135683685541
0.7056651799939573
8.003921079449356
5.814694051165134
2.983903327025473
1.0220337701030076
1.3531845705583692
1.1159758269786835
1.3960692044347525
3.461486334912479
2.78685699775815
4.5961447060108185
3.784428559243679
0.9537402745336294
3.9910560664720833
2.6119452882558107
1.7954406272619963
3.4501150557771325
1.0465153865516186
10.930256590247154
0.7363433986902237
1.887652381323278
0.6083063809201121
1.856750337406993
1.0657947063446045
1.8799563916400075
5.30784575920552
5.028266500215977
3.6288341567851603
0.6368194632232189
5.158454968594015
2.2241283114999533
0.7540864264592528
3.2489102091640234
1.3329305406659842
1.0441673332825303
2.9880249863490462
4.97743434086442
6.995330181438476
1.5958419302478433
7.941078157164156
3.6228137938305736
4.753709822893143
10.130681104958057
2.5733898673206568
1.4627533219754696
2.0897514037787914
3.2493419414386153
1.1871674209833145
4.8859307849779725
1.7646437967196107
1.752002221532166
1.1748395776376128
8.677000656723976
1.1467323265969753
2.9879469200968742
0.7535050557926297
1.9056798303499818
1.6770661855116487
2.7065832437947392
5.520223144441843
0.7330666589550674
5.303635687567294
1.6202438538894057
1.5862453514710069
1.689468122087419
1.015335539355874
1.649727651849389
1.142570677679032
2.9974711230024695
1.2106442544609308
2.1527672559022903
11.313603875227273
1.7998040886595845
1.3787218192592263
0.9390650391578674
4.3113783416338265
0.841924742795527
2.433335908688605
7.375804309733212
32.64894647710025
3.687973723746836
1.4522174913436174
8.823510055430233
2.0315295746549964
0.9205720853060484
3.1490472489967942
0.872693007811904
14.290107290260494
7.087357493117452
1.4431180646643043
5.404768439941108
1.536401339340955
3.362796314060688
1.8319386346265674
2.5414378796704113
4.87517948448658
4.326699409633875
0.7782486588694155
2.7621652483940125
2.10647043120116
4.839070917572826
0.9358434109017253
0.9012575773522258
0.9567686906084418
0.8643074510619044
1.0112710762768984
0.9869436719454825
0.8894889340735972
0.9524371745064855
3.022849027533084
0.8718052539043128
1.01420065946877
1.6221685903146863
0.6289646197110415
3.860137092648074
5.87848893692717
2.9626314993947744
6.908509552944452
0.7840379569679499
3.9641917515546083
5.522375757340342
7.057063863612711
3.014830943197012
1.600108714774251
1.3220704142004251
5.802413652651012
1.0293080490082502
5.23342614620924
5.019639675505459
3.170091347768903
5.727210553362966
2.665745737031102
1.376401019282639
1.5492607252672315
1.3569076135754585
0.7100804597139359
2.8317684419453144
0.9337317096069455
1.2169763185083866
0.8384477086365223
2.5986505784094334
2.6067726733163
2.401426114141941
1.012652238830924
2.0617291992530227
2.1503514889627695
2.612637701444328
1.4120366107672453
2.1732866503298283
2.496974487323314
8.32090072054416
4.669652136974037
2.2529597729444504
0.8737501967698336
8.058445139788091
1.3684801431372762
8.01571614202112
0.9623004607856274
2.389802342746407
1.084294568747282
3.6903688656166196
1.2979961428791285
6.418682315386832
1.5428901291452348
3.3331655776128173
2.3950994284823537
1.0815649153664708
9.331466862000525
5.405502856243402
2.621584616601467
1.4009873741306365
4.574239395558834
6.273953037336469
1.4091774933040142
1.2594882501289248
2.466412825975567
1.1953078778460622
5.119690931402147
2.7820957484655082
8.779583969153464
0.5805597892031074
1.1008648807182908
1.1139019010588527
2.119011534843594
3.710118518676609
1.4533868203870952
1.8551668711006641
1.1482270425185561
0.876556153409183
1.4953362136147916
0.9327366682700813
3.2774221915751696
3.073536269366741
1.2196944407187402
3.3250629669055343
5.204544181935489
2.869235645979643
1.3232454415410757
1.4139588475227356
1.2751720640808344
2.840873899869621
3.4106101114302874
2.902691103052348
0.6662864368408918
3.598474237136543
1.5655205538496375
7.238948138430715
3.5726898801513016
4.164328935556114
3.2199102132581174
1.3487205198034644
2.212765040807426
0.8454016330651939
2.673247321508825
1.1245591049082577
0.9223258690908551
1.0952504063025117
0.9676168747246265
2.488982390612364
1.4981545507907867
2.8943750630132854
1.242627532221377
2.449395135976374
2.488697348162532
1.2893148344010115
11.841310447547585
11.47597589995712
9.928224903997034
2.1806491343304515
13.493340710178018
3.2238327153027058
5.2364796828478575
1.3239311231300235
0.8769398177973926
2.6864766785874963
2.340583262499422
2.6687458604574203
1.8476847996935248
2.193589562550187
4.900479795411229
19.37425531540066
13.292343517765403
2.017043254338205
0.7472412693314254
4.808915834873915
12.015381851233542
5.577292236499488
1.8806280149146914
1.5532123632729053
19.369591103401035
1.7377942325547338
1.8112548030912876
1.1295847371220589
9.660250974353403
2.7271653870120645
3.8454792574048042
2.0349745647981763
12.439892337657511
1.9966739770025015
6.094201476313174
4.018789818044752
1.3025273247621953
0.7693491987884045
3.2585985399782658
5.891809098422527
8.996965731494129
1.1343948552384973
4.6429307805374265
1.27753123966977
1.1629246808588505
0.8088255706243217
1.3918480779975653
1.2236196654848754
9.24312358815223
2.7095595388673246
1.209052711725235
2.3884689193218946
1.2181560094468296
11.531278151553124
1.687880421988666
7.951916924677789
1.108463179320097
2.829531685449183
4.770821670535952
4.641123568173498
5.736830197740346
7.678511722944677
1.9694171156734228
2.354113481938839
1.2142073139548302
11.142306384630501
1.75407420611009
3.175724444910884
4.580537060275674
3.987905669491738
1.668173850979656
0.5928233764134347
9.255254712887108
7.028908647596836
0.7082634242251515
1.3861193389166147
1.337920922320336
1.066762621048838
1.0154983783140779
17.734431912191212
1.082266828045249
9.494529439602047
6.9301670752465725
0.9742051940411329
7.511408509686589
0.8972778329625726
7.985415500588715
9.940665095113218
2.6125487089157104
1.2994639198295772
8.03941567800939
1.1250891154631972
9.533002353273332
4.721581514924765
1.3642482180148363
0.8569933818653226
5.967194287106395
3.507901899050921
0.7726162332110107
0.8451039004139602
7.6686097756028175
0.927276695612818
2.959865579381585
7.540858153253794
3.1706720357760787
1.1116442736238241
4.339641515165567
0.6327902805060148
3.150740737095475
1.7487581972964108
2.8419194500893354
9.074301776476204
2.477411726024002
1.857893481850624
2.008684441447258
0.6020551915280521
5.660307076759636
2.8827891992405057
1.0507269403897226
2.8269768292084336
0.665663049556315
3.0301029002293944
9.650136313401163
0.8652691217139363
0.6082291854545474
0.7935333861969411
1.808866779319942
1.5954425456002355
2.118775916285813
2.1866941321641207
4.975465523079038
4.984494937583804
24.542368984548375
1.8091626935638487
6.819593192078173
4.536559104919434
2.9496219847351313
2.4276170595549047
4.027151539921761
7.964141492731869
4.631600419525057
2.188136309850961
3.6030508768744767
1.5985026438720524
4.1830894304439425
2.9003861723467708
0.61832913197577
3.859269226901233
3.5551893883384764
2.098380104172975
4.43293689424172
0.7052917848341167
3.7136917542666197
2.581838278565556
2.8263886412605643
6.035659988410771
0.9354704902507365
1.719200381077826
0.5862928926944733
17.47989792842418
1.996008581481874
2.2963927858509123
0.6959069627337158
3.793842547107488
2.5207986226305366
4.212532221805304
7.420483731664717
10.262791123241186
1.045450615696609
2.0115098524838686
2.233600194565952
0.8219772623851895
3.0186084238812327
1.6653497507795691
9.024769988842309
6.57110143546015
4.078690185211599
7.8443848649039865
1.981562564149499
0.7137319957837462
4.843710883520544
18.16023771185428
1.276065681129694
1.7004057820886374
4.910931899677962
4.836253418587148
1.947475531604141
0.6198566919192672
2.0407852847129107
1.605832357890904
12.60577239189297
6.592860829085112
2.451593936420977
2.5087080630473793
4.377035301644355
0.7103342139162123
2.3713017059490085
5.4267936469987035
10.312717771623284
12.74688930530101
2.5768685983493924
2.879009386058897
2.1873126421123743
1.7613182333298028
5.21036907332018
4.690997456666082
4.00931054726243
6.230146114714444
1.7050139857456088
2.9267331017181277
0.8888175161555409
1.0402417294681072
0.962137384340167
3.5786485127173364
0.5948621928691864
1.8186542820185423
0.8287510653026402
3.1680214880034328
1.1882512047886848
1.4978860756382346
3.111145881470293
5.341790460981429
1.9258140274323523
0.7565564895048738
2.2885758583433926
0.987739457283169
1.1682334188371897
0.7031620973721147
0.7277502380311489
0.6814737431704998
0.49076222348958254
10.242917670868337
1.350177756510675
3.2011738065630198
9.533446168992668
0.951038439758122
2.0202347333543003
6.969654046930373
1.8077252455987036
1.2180105894804
0.6201516631990671
0.8492367817088962
1.0429737148806453
3.0979501605033875
0.8361220192164183
1.2932938756421208
0.9487524507567286
1.7787308413535357
1.8977880785241723
3.1869915947318077
6.090219835285097
0.5387283926829696
1.0311280013993382
0.806416348554194
1.5991272795945406
10.507904943544418
1.1121850390918553
0.7349499315023422
2.780215396080166
1.7624517502263188
0.5136922751553357
5.830896646250039
0.7303334334865212
3.1541286068968475
0.5442862967029214
1.9356364719569683
0.45800347067415714
0.9512821985408664
1.4011583980172873
3.1894244896247983
9.994054911658168
1.0241811643354595
0.8822234221734107
10.473882896825671
10.946423500776291
2.104549282696098
10.461218409240246
4.477717542555183
0.860412972047925
7.316992270760238
0.6009227302856743
1.0286030052229762
2.5112841986119747
13.513942761346698
1.1134782759472728
6.941866944078356
4.3758048033341765
1.0712439785711467
1.2096311589702964
13.471058554016054
1.55515077104792
4.200585107319057
1.6802622424438596
17.488626413978636
1.5153717086650431
1.2059148661792278
3.3597834669053555
2.699225143995136
3.4622318386100233
2.137662070337683
1.4789846818894148
2.2648078659549356
1.365040912758559
0.77859091386199
0.9448543507605791
5.974509680643678
0.8769112257286906
0.8260705033317208
7.116129123605788
2.30114465393126
7.702266916632652
6.20604995964095
1.408013210631907
16.89908487536013
1.6081695347093046
3.8707351689226925
15.615229086019099
3.6035278695635498
0.9065799042582512
0.7045981739647686
0.9362250072881579
2.4163415068760514
5.268850301858038
2.875339881516993
1.6547607234679163
13.25031526107341
9.914131195284426
1.661680261604488
3.439243245869875
25.590161469299346
1.9943488016724586
0.8326667817309499
1.6918371743522584
6.295834893360734
3.0220357989892364
0.8073638738133013
2.5721999551169574
4.289881891570985
9.07347048074007
4.243947151117027
1.8871401781216264
1.626826848834753
0.7013088213279843
2.627100255805999
1.2054978483356535
16.084781976416707
0.8455786854028702
2.0010102223604918
5.1271638330072165
1.030150639358908
13.063256362453103
2.128294002264738
0.8362630875781178
4.273653229698539
2.0288989688269794
3.6970685026608407
1.359795686788857
0.723510661162436
2.201552376151085
15.276559295132756
9.751468260772526
8.793210058938712
1.5345764113590121
0.9050795873627067
7.540948060341179
1.5686981473118067
4.255160445347428
2.507377696223557
2.4126365212723613
7.911065400578082
6.065617798827589
0.9264132478274405
6.192366023547947
1.3306049183011055
1.1456165807321668
1.374101390130818
1.306469443719834
1.0784900388680398
4.06370532233268
1.5793337081559002
0.7382091144099832
0.7148802541196346
5.814627246465534
0.5856788926757872
4.513823543209583
0.6086199921555817
3.701712555717677
0.7229790170677006
0.7763105174526572
1.6012012264691293
1.2939649452455342
0.9847504450008273
11.573436764068902
5.351064398884773
6.990607858635485
9.367104065604508
0.8011605320498347
4.3056887444108725
7.3530806703493
0.626653715968132
1.9593563424423337
6.104011930525303
4.683933123014867
1.5144357597455382
0.9812266184017062
2.5126491389237344
2.45970216114074
3.280882432125509
1.1205020495690405
1.0336151281371713
1.0552694513462484
10.561086715199053
0.6143352561630309
5.567405194044113
1.6180780567228794
3.0045661060139537
2.5437976703979075
4.025083863642067
2.405425194185227
14.46651111356914
3.5103484001010656
1.0871451175771654
6.529867691919208
1.468950186856091
0.7361172745004296
0.7398727787658572
5.74357124697417
1.0700175566598773
3.683007580693811
15.115600204095244
2.059468829073012
1.3331034826114774
2.3958025467582047
2.669665568508208
0.9114527069032192
3.8764279359020293
1.4102964899502695
0.6252742521464825
1.2241675136610866
0.7897127638570964
0.9676230065524578
1.0672618700191379
3.9080380760133266
1.2626863443292677
1.1073420974425972
0.632230703253299
1.1126015684567392
1.4755980973131955
0.9215530743822455
0.9207816207781434
3.8342376351356506
3.5108059542253613
1.8862556051462889
1.2701759627088904
0.994053449947387
0.7052023457363248
1.0279327486641705
0.9385635070502758
5.407842218875885
4.147506385110319
3.72421893151477
1.6298557263799012
0.6512639126740396
1.1815415332093835
3.510226764716208
2.430091236717999
2.4136079344898462
3.0213958751410246
0.9546225224621594
4.398923320230097
1.6316116978414357
0.5543366558849812
1.5104689514264464
0.9237842229194939
3.93253539968282
7.983384690247476
7.603585491888225
1.5402084402740002
0.474197581410408
0.9144287286326289
9.486216779332608
1.4730021301656961
4.987676899880171
1.298238256946206
1.0774585185572505
0.9443238014355302
2.1641538105905056
1.868363090325147
1.032691532280296
2.5896543776616454
0.7220709286630154
1.0471138409338892
2.8363562342710793
0.8015298685058951
1.1987633164972067
4.356799802277237
0.7816736493259668
2.8869300289079547
0.7348922076635063
1.1603210312314332
2.472089333459735
0.537783651612699
1.754138716030866
0.9153554430231452
0.6422998737543821
0.5128768910653889
0.5198314413428307
0.9488483099266887
0.9359017363749444
1.12027288088575
3.9019861686974764
0.8473704718053341
1.677128897048533
3.3371473378501832
2.3624224038794637
1.394696690607816
1.8287641080096364
8.247197162825614
1.8186085959896445
1.4034850555472076
1.3499361616559327
0.7158221956342459
4.618164733983576
0.4094369998201728
0.41044143680483103
1.6883457987569273
0.7026262311264873
4.760870099533349
3.580472055822611
4.214670749381185
0.48033205047249794
0.5519256661646068
11.37233193544671
0.6957826446741819
2.306808017194271
6.347605342976749
9.145728403702378
2.687845842912793
0.577994248829782
0.7308169528841972
10.321752975694835
1.1026877108961344
1.3485181354917586
9.175787637010217
4.048869959078729
6.776982368901372
2.319788088556379
1.4644679622724652
3.8578822282142937
1.32921726629138
5.11535410862416
0.70734400767833
0.5839764634147286
9.710412774700671
0.9315452016890049
7.133762318640947
0.9348510149866343
0.7255221563391387
0.5744499177671969
3.4105350696481764
1.6396121736615896
6.633011085912585
0.6397654167376459
0.9150005481205881
4.151700400747359
1.3327431450597942
5.89512889040634
10.987830196972936
0.571179567836225
4.60625577904284
1.3797382581979036
1.123364794999361
3.248163015116006
1.6029571229591966
8.289351283106953
2.904854805674404
5.2338368580676615
13.318067457061261
6.294452630914748
2.331262140534818
1.1557244285941124
20.631921406835318
7.073650449514389
5.956163940019906
6.780983147211373
4.535315482877195
7.364500413648784
5.4203340811654925
1.8702196450904012
3.965106696821749
0.8033611378632486
1.5079465955495834
2.555568412411958
0.8373998263850808
4.534975797403604
4.2972974251024425
1.800918414723128
8.569928592070937
5.763497474603355
1.0882980981841683
3.9730545887723565
2.9595748595893383
5.785036105196923
0.6758162351325154
10.415190937928855
2.923085492104292
1.0531675657257438
2.752113974187523
8.393175492994487
1.102289660833776
4.503814404830337
2.7903276360593736
4.518548374995589
2.5126015129499137
0.8885106989182532
2.056699742563069
0.5906500504352152
1.4139839708805084
0.697477231733501
2.3814964024350047
1.0966273150406778
1.946861575357616
0.642579386010766
10.825690830592066
4.276668988633901
2.796534998342395
7.275201543234289
0.6732431277632713
6.1966408411972225
9.542780525516719
3.8596119633875787
1.9277198780328035
0.8090974246151745
1.4671668447554111
3.6191558949649334
1.1525774467736483
2.689349309541285
1.4620449477806687
0.5527872536331415
1.3704801402054727
0.5802551563829184
0.699659364297986
7.349376624915749
0.8328539310023189
10.84541151393205
0.9371108720079064
14.492062290199101
13.57772211311385
3.4595063757151365
0.9600813463330269
0.9281121138483286
11.89945983281359
1.5797446072101593
0.797387377358973
4.357300462201238
0.599715949036181
2.962017524987459
11.737961988896132
7.833723310381174
3.2568066702224314
6.891912134364247
2.569253840483725
1.3108773874118924
0.6347296871244907
12.352531367912889
6.564470332115889
7.591558825690299
1.094154083635658
6.334492139518261
0.722797972150147
3.4946389459073544
1.429547072853893
8.604127020575106
6.042787835467607
2.147906882688403
0.7930774767883122
0.6409148336388171
6.53667117189616
3.8367419857531786
6.151147274300456
2.000143420882523
6.598387413658202
7.303934445139021
1.0765882665291429
14.713676422368735
1.346899420954287
0.7767083700746298
2.7011909829452634
17.273217821493745
0.7721266942098737
9.426086996681988
0.7204186907038093
1.3674328210763633
0.6167346960864961
1.2448239219374955
1.7643389627337456
0.836360723245889
2.085912029724568
3.692296593915671
4.710797438863665
2.251529155764729
0.9131040410138667
0.7523280256427824
19.932091702707112
7.930339565034956
2.2901851586066186
10.350430044811219
0.6522456267848611
8.323319872375578
1.3858164865523577
2.401547349989414
6.661152384709567
1.1610661703161895
0.5684689371846616
2.170630354899913
0.589278650470078
8.638340651523322
1.3259303206577897
1.6771247587166727
1.877500159200281
0.9735271804966033
1.8149115182459354
8.271276416257024
9.745899210684001
1.9273295681923628
8.755210724659264
3.109465029090643
13.50246361689642
2.0003411662764847
0.4868788793683052
8.805692756082863
1.303539517801255
6.270235004834831
5.640434313565493
0.9299271372146904
0.8958981442265213
4.0967806139960885
2.734217953402549
1.0156500479206443
0.5696943844668567
0.5192565014585853
5.546369060408324
6.710745017044246
0.47079073265194893
0.7686250456608832
0.6832540263421834
0.441099991556257
5.85112175764516
2.439945842605084
11.510075866244733
6.683810476679355
2.2113246647641063
0.7029750589281321
5.498211465310305
0.6601826953701675
0.6254923576489091
0.672071214299649
8.848990625236183
2.4440754018723965
4.7119066384620965
19.185317425988615
2.07431735470891
0.8060190440155566
3.425948473624885
9.033910094760358
1.7743437280878425
6.014214674476534
2.6286291228607297
2.1776207727380097
9.478074433282018
1.2895910968072712
4.566915292758495
1.5142951882444322
0.4675713246688247
3.264710208401084
2.1497565656900406
3.4579974939115345
1.6341325207613409
1.8655725019052625
0.652776250615716
1.7993338112719357
0.7817828492261469
1.3139642332680523
1.4102816437371075
1.0914067714475095
1.4613531362265348
1.8881436679512262
1.201566859614104
1.6774823893792927
1.0671833255328238
2.466197249945253
1.479215226136148
0.718772862572223
9.910791612230241
1.1865130425430834
1.1736814710311592
0.7833960466086864
0.9299633647315204
4.154950042720884
3.7549754977226257
1.6715007470920682
0.8153626620769501
1.0475184842944145
1.3850626568309963
7.864901450928301
5.566107349935919
2.335132900159806
2.8298778566531837
5.425064900424331
0.7664771568961442
1.432414778508246
0.9952680016867816
1.1922719054855406
0.5732553959824145
0.6362639018334448
0.7673247279599309
0.7498211017809808
11.478416689671576
5.688465747516602
1.1097177024930716
2.0789135871455073
3.492359866388142
2.897069909144193
1.9389721187762916
22.56216991506517
1.408446082379669
1.6143932966515422
0.5766327851451933
1.1873548729345202
2.5396630205214024
1.063435479067266
0.8276603696867824
0.5668206079863012
0.8941181879490614
1.6087512597441673
0.4692100780084729
5.167834629304707
3.868476956151426
0.40613220864906907
1.5324309249408543
1.49834964890033
1.7200868595391512
0.8025874327868223
9.67440983466804
3.2316001974977553
2.0646573808044195
5.855552098713815
2.8857311103492975
1.130046141333878
2.732101645320654
3.731066902168095
0.7358854049816728
20.692560731433332
4.402707819826901
3.771349258720875
0.8428743267431855
1.3356946259737015
6.263897146098316
2.7349662417545915
3.5846036951988935
0.41624340415000916
0.7926159435883164
4.59063476882875
1.0290318801999092
2.5281931650824845
1.2937634689733386
3.2776750130578876
11.232492024544626
0.7176714017987251
5.206358823459595
10.379786239005625
3.3093029856681824
2.0950167761184275
2.203635015524924
3.8187472480349243
5.287692646030337
1.1047893660143018
1.043027084786445
7.804511898662895
1.0579505013301969
2.3628366896882653
2.004125999286771
3.417774167843163
7.930910684168339
2.5680087748914957
3.1879801540635526
0.5754028679803014
2.2671027556061745
5.215429421514273
4.999082407914102
16.149226778186858
9.977552911732346
4.632080020848662
0.9680475424975157
4.522063925862312
2.8595702326856554
5.634202950634062
1.692724695429206
2.032000819221139
0.5128136514686048
4.7018978907726705
3.5611662813462317
11.420271642506123
1.2843316700309515
5.057035009376705
1.6710465303622186
0.5375564112327993
3.013613286893815
0.7204013345763087
6.728413429111242
1.151474213693291
0.8925854195840657
0.7673046449199319
0.6260018413886428
8.747941492125392
6.9741897457279265
2.4348820545710623
3.153121999464929
7.908571206498891
1.0382734504528344
1.5694920727983117
1.6116197584196925
3.122078618966043
1.1696804496459663
1.3426692029461265
3.695625958032906
1.2681837058626115
0.774148128926754
1.011549377348274
3.644339504186064
1.8691501575522125
0.6994291767477989
1.5909293573349714
0.7361649186350405
0.6360555607825518
1.9320489126257598
0.7296258751302958
1.7838309886865318
1.8863095347769558
5.074296994600445
2.9486856847070158
1.0903065907768905
11.615533249918371
1.206449756398797
1.1150633161887527
7.585750448517501
5.486101259011775
1.0540572879835963
4.7182026519440114
5.204429973848164
2.550203802064061
2.4688386488705873
2.480588865466416
0.6569899157620966
4.150294036604464
12.956870556809008
1.3394912034273148
3.2621701126918197
4.0235891519114375
6.1372488578781486
3.019020757637918
3.477233389392495
0.5947655085474253
0.64458710514009
0.5902254162356257
5.887519283220172
1.1116646053269506
0.6306555466726422
2.6100740674883127
6.30469982791692
10.383393568918109
7.602083248086274
0.9680864932015538
8.503014031797647
0.7019917955622077
3.375762500334531
1.3464356395415962
0.8558223806321621
9.604126422666013
9.077915938571095
4.0675164964050055
0.9613328855484724
0.6893230425193906
3.102051488123834
7.2937305849045515
1.8169849226251245
1.28077346784994
1.4033372104167938
1.061564582400024
1.0921938680112362
1.3265623431652784
0.7463257187046111
2.1825794209726155
1.5908003984950483
1.8496591113507748
3.323950458317995
0.9125598822720349
1.0435372754000127
2.539115883409977
0.9849778478965163
2.0670937495306134
3.609678572509438
0.8915701084770262
0.8484882470220327
5.733671009540558
0.7491634991019964
1.587313923984766
1.8988462937995791
5.268053208477795
1.0388742228969932
0.9424916235730052
2.415325613692403
0.6711386851966381
0.5944689866155386
2.6423748014494777
1.062163484748453
1.110538144595921
1.7321188282221556
0.8350126347504556
1.7829058300703764
2.4411350642330945
5.160075292922556
4.4249850041233
5.283377485349774
0.697128705214709
10.699503435287625
0.6130746128037572
2.352989145554602
2.8073605680838227
0.7739948499947786
2.723102384712547
5.591534975450486
1.5312142525799572
1.4062939756549895
0.8225553100928664
1.035250000655651
0.6170096625573933
7.612100029364228
3.0950749814510345
12.129519691225141
0.4719631327316165
6.081809459254146
1.0853747483342886
3.6379719777032733
0.9547198270447552
0.647755891084671
0.682249890640378
6.049553137272596
2.6227138158865273
2.8551537026651204
0.5250223465263844
0.720646858215332
0.7336004143580794
4.450439096428454
1.1914202505722642
2.1169062382541597
2.8949587186798453
4.598057193681598
0.484504169318825
2.608962119091302
2.0090281441807747
0.912130537442863
2.438585329800844
0.5782748674973845
0.9202550463378429
2.563603650778532
1.3903075302951038
4.370444116648287
1.1822419785894454
15.44806938059628
5.332001471891999
0.7433699630200863
1.6436772402375937
1.021558138076216
1.7458063140511513
0.5190476533025503
0.7156152608804405
1.0882889684289694
2.9845823096111417
5.626374747604132
1.3408227181062102
4.185457517392933
6.3649981818161905
1.0502538327127695
5.282518832013011
0.7210687873885036
0.7575502432882786
1.3336433158256114
0.5787418666295707
1.0836328379809856
4.5949204275384545
0.8911268641240895
9.0691611696966
2.4773267935961485
1.1160395117476583
0.6781520200893283
7.615460796747357
4.831299973651767
1.033829366788268
0.5505944131873548
3.167549014557153
1.4343615155667067
2.731936854775995
2.3277408266440034
9.719232478644699
3.8208454507403076
0.5126167531125247
0.7310666260309517
0.5413273493759334
0.8461252530105412
2.700152564793825
9.932534026447684
20.591643846593797
2.9268760443665087
1.073753519449383
7.437683640513569
3.9677405059337616
0.601951495744288
4.102039061486721
2.081360242329538
2.1524789216928184
6.472147844731808
3.012970218900591
2.6568866572342813
3.0545288864523172
1.0945390975102782
0.9705566260963678
0.7462682034820318
0.66652846429497
2.41026100423187
2.4973102463409305
0.639383158646524
0.7867001183331013
1.0198373990133405
0.7016369765624404
0.8034516498446465
2.50516770593822
1.6312954262830317
5.0631210105493665
1.950271213427186
1.0923073221929371
2.4469207995571196
1.1194914104416966
1.1951229367405176
1.7209050841629505
1.6735015348531306
0.7194755794480443
1.5534861548803747
2.2381511507555842
0.4398756418377161
0.8077796413563192
4.126256376970559
2.5248767770826817
2.294811906758696
1.205129140522331
6.212785533629358
0.7527921451255679
0.46038768207654357
4.46578810736537
3.362897599581629
0.6451889229938388
3.4403752009384334
0.49567520152777433
11.311385321896523
2.6212015352211893
2.1820620549842715
2.563857985427603
0.6629885099828243
4.382982878480107
2.602041363250464
5.7208991115912795
2.0023073218762875
11.49938940256834
3.213882860727608
3.6915039606392384
3.269197764340788
4.2822915012948215
0.715271940920502
2.353059527464211
1.0122650125995278
2.1648483113385737
4.040684499312192
0.46358784614130855
0.47385479137301445
0.7732638539746404
3.123879643622786
1.80330322496593
2.377522862982005
1.0679676453582942
15.70397707959637
2.6972379963845015
2.2727116150781512
1.3364255703054368
1.1725254589691758
0.8670030133798718
2.9458752213977277
13.38450186420232
2.5366687970235944
4.804574538953602
8.848909571766853
5.772008567582816
0.9152308325283229
0.45084657007828355
10.346648656763136
0.6475564721040428
16.09179590223357
8.373313861899078
0.5156874936074018
1.273469453677535
4.532405880279839
0.6966465241275728
2.1551469839178026
2.5408008289523423
1.5463688638992608
0.637413355987519
0.5219320906326175
0.9005574309267104
2.8766152719035745
0.6681939736008644
6.2957325601018965
1.2343338336795568
5.540576603729278
2.0896823015064
8.89554674550891
5.884022776968777
0.8835018402896821
2.0120588866993785
0.4824388390406966
0.795937470626086
0.4513681815005839
1.9141325652599335
0.683048861566931
0.3687833668664098
12.539093230385333
1.3736245101317763
2.5197899527847767
0.6490712258964777
0.5668079424649477
0.9056232632137835
11.753131345380098
1.9562121601775289
8.944053675979376
5.093297068029642
1.0581809733994305
1.0756879607215524
0.8592978743836284
3.5244703236967325
5.187551038339734
4.93438512692228
0.8478204170241952
1.132802294101566
0.39416800858452916
2.661031196674993
0.7164287869968722
0.5020614391373049
4.289368780870592
1.6819635826733805
0.617665371106517
0.6508579124366084
0.44077176817001834
1.9347691175437742
6.107982286522465
15.301389353890572
4.765657195160466
1.2759643283582502
7.913950991246008
