0.08092053748259787
0.06613187427865341
0.08455381954991026
0.08283225310151465
0.08989849216595758
0.09824729095271323
0.08767773910221877
0.11456627177540213
0.10814110835781321
0.11113993148319423
0.0908527507490362
0.10973481797918794
0.11456424192147097
0.10449975185838412
0.10819936499319738
0.12968219891990884
0.1280452641294687
0.12913124583974422
0.1181403221362416
0.12324321395499283
0.13495765444076824
0.173833362951882
0.1595673913070641
0.16886892818956767
0.15684505125602755
0.17247031821432302
0.15983054311743672
0.15633963808068074
0.1889860668630945
0.13016239684907305
0.15908843701208752
0.1396160513357927
0.1546707842837236
0.15808052076198464
0.13353086646850443
0.1711545728202708
0.15525979693310887
0.15529330052402202
0.1051592479344663
0.17620963061523298
0.18280447128603328
0.16261069786685312
0.14815286497434954
0.168330786342608
0.20089968557977045
0.18675446922270567
0.15428164519653365
0.16582862124064945
0.20111897830275893
0.16482632201322645
0.1949966955041873
0.14625524454947936
0.15864742400810883
0.15522406454073234
0.14970472745775965
0.13562195729448945
0.1610221894448074
0.18655099686199605
0.18724698362868253
0.15355945584215647
0.15381409534947466
0.13760352436247558
0.1652451519583451
0.18955441396960282
0.16785829710568123
0.146591915136554
0.13265733996649942
0.1493559459624123
0.15947420451067273
0.1463718471110269
0.16878141015098436
0.17030151720494757
0.16553858927750298
0.17005505330757842
0.15610096019747743
0.1669484301354487
0.1821494996202091
0.14670708823030054
0.18327234830175598
0.1545042964125969
0.17779024704111634
0.18214607387960768
0.17670310172275094
0.13982187806192314
0.16393733753272954
0.16424501297700544
0.15967713853001442
0.14834207422285317
0.14553406019490467
0.13724472173475988
0.1686681061546551
0.15982167615305798
0.16010625510898535
0.16870098988363225
0.17091933494640443
0.14541698130000213
0.1440547564529311
0.12877082523681338
0.14745772926494283
0.15549532428076418
0.18181201230743227
0.17557311206564918
0.14461690002335104
0.16967867088072808
0.18394598892956537
0.17565705027053014
0.1456643736441947
0.14789043497108878
0.16507344301180638
0.16247286113531345
0.1621514362952894
0.18224642082944342
0.14854182949676442
0.18176214244488165
0.16360087438511073
0.14743334874833636
0.20579630236102275
0.16886834907765547
0.20186030406212296
0.1344809421036075
0.1706403023956682
0.16673868082352783
0.15980287917045644
0.15960991603287766
0.13189476170339276
0.16024060930323003
0.1564278941211228
0.16148567839081807
0.1663971062419023
0.16064660933079722
0.17363096903295627
0.18852995214217572
0.12093833028956169
0.11871133307164428
0.14615581138741618
0.17092772945426304
0.151169291577105
0.19482400177980708
0.120093117665931
0.1247000122596944
0.1858427667202136
0.1666657918948431
0.16230660632621152
0.1593070965947163
0.18236923650479753
0.13310046914219242
0.17246026554403215
0.13555722371762613
0.19131741758030785
0.1512976077961241
0.18373519991234843
0.1884173031656644
0.18738758505855913
0.13668172450113047
0.15746843419807988
0.15263528251031744
0.20645259169828023
0.17563576952215953
0.16911883709974518
0.17132146737458243
0.1526622927603114
0.18793719197063297
0.18315314495032453
0.1871177155779833
0.1830664327253544
0.16229456798494368
0.1944100909906865
0.15951492033565273
0.1446833782223962
0.1809819255503271
0.18410517041775165
0.15677432203324315
0.15937458291296025
0.1659455134468999
0.1625652118140124
0.18759354124779293
0.17592802055429502
0.17136580581427552
0.15805726402550135
0.19297563422389885
0.13982180491635177
0.16363153674558362
0.1861238133377583
0.17885294640507254
0.15977829253051823
0.18556576050877993
0.13869008067734967
0.1536684049956989
0.13826058452639245
0.1652135673346038
0.18748385072944984
0.18532594101390032
0.15120339033745722
0.20737476040949332
0.16475193955511713
0.17832712134486428
0.15572804852149602
0.1868235243515528
0.1697402741958456
0.16804022681600372
0.12888843890436874
0.14678262037736545
0.16540602307281915
0.15408464389588516
0.14946472800056654
0.14158195783090832
0.15557927785968673
0.15960962430915515
0.17270910442152854
0.1859849031138765
0.14960549550789892
0.1926822714942773
0.16071058411517924
0.15962317323220532
0.1461089265199007
0.1631246705284184
0.15640635724315644
0.18457235131467087
0.14509342559813376
0.17443925709972063
0.14975209209961804
0.15991907020881513
0.13212703266009385
0.16135173024017035
0.16419683080607683
0.16559980774908922
0.17993780946457605
0.1637081910814686
0.18221844146029298
0.17780549186682038
0.1506920683584667
0.14714810793213928
0.12323330974800228
0.15302460459298572
0.16259639429097206
0.13649797068913472
0.15501003787471745
0.1635949870882314
0.14765557632654236
0.15643672496639738
0.12389223160187157
0.15691027846060024
0.16041225777786394
0.1608313295371886
0.17377574179573685
0.15881238732151814
0.14754069840574857
0.13789994273423645
0.14654974583208968
0.18403666067229096
0.17065526047690582
0.20008667344200148
0.15776584329398702
0.173591928843166
0.1482486697063905
0.16735510149112542
0.13930929331229436
0.16727947538151966
0.1799961061528279
0.1776850011294755
0.17253556149285032
0.15531363522018182
0.18285372455784454
0.1649794427910365
0.1596826076383877
0.16363409752239022
0.16359507133978468
0.17769182688653018
0.16058483952178904
0.1696422782748641
0.14883153522464454
0.17601217979802186
0.16973685507730352
0.15153064805008398
0.18294953630652344
0.16149655532649376
0.14813490401741092
0.1558356543141599
0.1514904486125488
0.15401555807932255
0.15998487079133383
0.16081639829690175
0.14788613172322584
0.1448461295199195
0.14368028670924105
0.1522205201865745
0.192058934771012
0.14665396919190243
0.1585179270887238
0.2030830558501293
0.18198201413542847
0.15386542847909368
0.16408578689970454
0.18431674460043723
0.14272429616903537
0.19229280952822592
0.15980588570391774
0.1856236424355302
0.17427153929020278
0.15586768314278743
0.17998955270741135
0.15391289514082018
0.11308513217954896
0.1622196839271055
0.18585224007802026
0.13953057254911982
0.1698138344909239
0.17342581053890171
0.14050246775332198
0.16527393850992667
0.19104139721093816
0.1679683605379978
0.18823295259062434
0.16303183756099315
0.18028783926638425
0.16008696608696482
0.17308968304814698
0.15027508765160746
0.195005575430514
0.17446796856847868
0.18115366433448798
0.13811150188030297
0.1870000570834236
0.13803503610506596
0.15278321748155577
0.17532414492234238
0.1345822283938105
0.127287259941113
0.16185941301228013
0.16007001654588748
0.16403699135753413
0.17111871653696653
0.17882328163432248
0.14937535071294405
0.147810188882886
0.14596480123418587
0.1817792263004776
0.13627897201513406
0.15382154159124184
0.12832281630744546
0.1779177346306824
0.14363533900814218
0.17726366246006364
0.15992979305610788
0.13973041762710636
0.16045516254234826
0.17307591593453253
0.1834477175025313
0.1807497830959619
0.17395082119219296
0.1556784426456943
0.16267380942281306
0.15680041072846507
0.15563642235429143
0.1681294417458048
0.15511246045934968
0.16818628626788268
0.1635362508277467
0.16404448612047418
0.2026352629181929
0.17917476125148823
0.1659418007111526
0.17786867473478196
0.145502782514086
0.1736127145741193
0.1689855308723054
0.15099636953709705
0.15882940632218379
0.15492204957692993
0.16555795673368953
0.1665821759723215
0.18620057086144962
0.14954043218066668
0.16931811722424467
0.19562474706972854
0.18375065269711333
0.16790841765588105
0.18160983872064573
0.1420723153351564
0.14439542583505235
0.18838316892955717
0.1674271893914877
0.15213169933362738
0.1843736888914127
0.17043002510230665
0.15237312543198583
0.15961847568708143
0.16427226453344887
0.17943080760333247
0.1660032745773398
0.16878300149903053
0.14268434881489342
0.17682035195487222
0.1921827606270163
0.1619184963903793
0.18096243202920972
0.235837602767888
0.21225822605485992
0.1865655423736009
0.19109761365872668
0.31796065876333734
0.2393180526734337
0.17442968942400977
0.30869902142389555
0.2807377353897245
0.1976260096128062
0.2942070736894457
0.249763320046147
0.27488311303882146
0.3118701952062254
0.22491491885166467
0.27325883625060554
0.2285193489996467
0.26996325114815256
0.28761718545373033
0.33242496531310045
0.3158233812240165
0.3552198706884084
0.3920325027910743
0.47658227231558853
0.7503393435572075
0.9272108589570354
1.0479078278766842
1.0809955920760088
0.9143964601313974
