0.056170133539126255
0.07171658569131978
0.08437733573373407
0.09461057794396766
0.048532953835092485
0.08121621664031409
0.0814019646786619
0.07591198109730612
0.06502353005635086
0.044711684771755245
0.07151846807391848
0.06937748288328294
0.06342340957780834
0.05959075620921794
0.06378359324298799
0.06026848217879888
0.059733472036896273
0.07338472409173846
0.09869653690839186
0.1001253697759239
0.07249140586645808
0.05897829956666101
0.07936836361477617
0.08014713539159857
0.08173297731264029
0.08285672494093888
0.08202134538441896
0.07293500371451955
0.06787337893911172
0.08234191665542312
0.06879763703909703
0.08730324397038203
0.06802329565834953
0.07967789532267489
0.07732744351960719
0.07572908376459964
0.0954197106329957
0.07192462829698343
0.07623633183538914
0.10979753134597559
0.07536278068437241
0.08549587553716265
0.0647582972451346
0.09238326021295507
0.09968615909747314
0.08830131505965255
0.08764013819745742
0.10082075773971155
0.10997446003602818
0.0958785540133249
0.10288996374583803
0.08031557987851556
0.09572561444656458
0.08441501214110758
0.10851971701777074
0.09874305654375348
0.12738774297758937
0.11611245668609627
0.08023171259264927
0.0968865652976092
0.07853502640500665
0.09118262860283721
0.10907610750291497
0.12301224505063146
0.10489280501496978
0.0924720218317816
0.07188423386833165
0.06610791648563463
0.08053747200756334
0.08534322890045587
0.09051535348407924
0.10823856122442521
0.11511966233956628
0.09500994003610685
0.08409315615426749
0.09717639459995553
0.1276822647487279
0.11707018929882906
0.10673987428890541
0.14532553195022047
0.17085312103154138
0.16094720037654042
0.14019401810946874
0.1538993299473077
0.18378143024165183
0.17812873487127945
0.16504267189884558
0.15696997399209067
0.22103285155026242
0.2429600748582743
0.2824258877662942
0.34787253907416016
0.4355251304805279
0.4580026000039652
0.4377390423323959
0.45114896015729755
0.5676607866771519
0.6177031400147825
0.79909593379125
0.7530778502114117
0.8897952847182751
1.0454084482043982
1.1270525441505015
1.1761694480665028
1.2519757701084018
1.2316889390349388
1.2429202788043767
1.5342997913248837
1.4666538680903614
1.3925521145574749
1.43918536324054
1.7280660858377814
1.921236281748861
2.0088907666504383
2.0102560208179057
2.258930029347539
2.325596410781145
2.682353370822966
2.778849443420768
2.8862995533272624
3.4320209408178926
3.7872821865603328
3.6161320693790913
3.4058242617174983
4.175148211419582
4.632849412038922
5.106705391779542
4.751092160120606
5.175887117162347
6.135204529389739
5.763376947492361
6.037144197151065
6.550278792157769
6.066790631040931
6.559257121756673
6.80908115208149
7.4953594617545605
7.836527470499277
9.234659366309643
8.729949712753296
9.829905223101377
9.726758275181055
9.363665573298931
9.993552085012197
10.711847465485334
12.100945845246315
13.032408464699984
14.653441172093153
14.148898836225271
14.568835400044918
14.721839658915997
14.328553982079029
15.149162773042917
16.12252578884363
16.123440220952034
16.69905798137188
17.51658971607685
17.511293791234493
17.85455710440874
19.263459861278534
20.385686956346035
22.218589082360268
23.651888117194176
23.312768876552582
22.052131585776806
22.11624912917614
23.761806659400463
24.513026669621468
25.460648261010647
26.145156159996986
27.30012136697769
28.512116096913815
29.07706744223833
28.947960309684277
29.83323684334755
28.869348093867302
30.43280366808176
30.158892206847668
31.785706013441086
33.47794522345066
30.856179803609848
30.617091685533524
38.96057066321373
36.39408287405968
37.7347806841135
37.36128890514374
39.24058049917221
39.51863846182823
42.063038155436516
43.306393668055534
42.51778061687946
46.00936110317707
45.5883384346962
44.34562110900879
44.427227064967155
48.10352046787739
50.33964768052101
48.899670243263245
53.33264730870724
51.52763342857361
51.474291279911995
52.593837946653366
49.522233709692955
52.1725320070982
50.502666130661964
49.786692693829536
50.65068508684635
48.34630371630192
45.28033062815666
45.17333962023258
48.19753807783127
50.98883078992367
52.48289154469967
51.13422641158104
48.51972119510174
51.97145737707615
51.52795770764351
53.03801102936268
51.54843397438526
56.531652972102165
54.14851774275303
49.762971222400665
51.71303214132786
52.1966864913702
53.29333199560642
54.685039922595024
53.207652524113655
51.95071521401405
53.42361591756344
50.918068662285805
50.78713819384575
50.26356041431427
47.85824313759804
50.06108057498932
52.10760350525379
49.747026562690735
47.32175061106682
46.41032758355141
48.640585109591484
51.0178861618042
44.74482652544975
46.31920976936817
46.51708607375622
44.76701919734478
43.613696843385696
44.427802577614784
44.696438536047935
39.93005841970444
43.12460331618786
41.84682857990265
46.20770491659641
43.47416406869888
40.07512654364109
43.64827671647072
40.59322075545788
40.46774235367775
37.56077069044113
38.920368329746516
38.80288397421048
38.10148535000058
39.385454373096856
36.855782891821676
35.49084750498373
35.839863439244546
38.48423550823542
35.6063971481924
35.5950078588771
35.195445083257724
32.90859012153205
32.67350950766736
32.78576452150119
30.737536415340394
32.73393323102335
31.37972878283403
31.04467461052842
31.101837436045248
28.668874079786885
29.018127358804538
30.17067105751338
28.48253070651077
29.61077458839717
25.292549846679208
27.259345287413108
27.955425239923432
27.566502443448766
26.47831076524389
28.394888232073445
29.991238263648327
28.24268724036029
26.64079004573071
27.271383788641984
25.12108682647465
25.868999698969322
26.690944251113052
27.5085603158305
26.878285025048445
26.18524497325026
24.82612225389856
23.457920479962205
25.13620851922223
21.263472151568557
21.05156101016548
