27.129158180672675
25.648604284971952
22.03471849858761
14.869013451039791
19.628502612002194
15.023533004336059
21.479141304269433
15.348154429346323
18.7583744879812
11.569349892437458
13.997636212967336
10.974631435237825
8.169700279831886
8.753513540141284
7.665111529640853
5.862305745482445
8.849583555012941
7.988717617467046
12.600261438637972
10.54385507851839
14.098041819408536
16.777162613347173
10.374383259564638
8.293836753815413
7.9811048954725266
10.593968100845814
7.644175244495273
14.404708230867982
11.464531095698476
11.714393008500338
8.703843547031283
17.6424418091774
16.712893289513886
15.325671186670661
15.05858949571848
8.688124554231763
10.666878212243319
15.982570243999362
11.850402859970927
13.757406240329146
17.309170428663492
17.516005458310246
19.484011290594935
17.659176491200924
18.534201983362436
15.243758523836732
17.095120031386614
18.24188961647451
11.002705734223127
14.326288333162665
12.736595844849944
19.26699380017817
11.316028961911798
13.50795866176486
10.240281246602535
14.37937887571752
12.726011835038662
9.702698254957795
15.734866324812174
14.458086723461747
9.719243671745062
15.254936339333653
8.700748654082417
11.923397958278656
12.018394688144326
7.864626653492451
11.608214605599642
8.719620203599334
10.5678266948089
12.186840480193496
7.860657410696149
5.311452755704522
9.443579975515604
10.310054525732994
8.928733680397272
8.74196738563478
17.11960426159203
6.153346182778478
9.290569119155407
10.907514968886971
8.067584868520498
11.001789890229702
8.10286389105022
12.60463766939938
7.712262002751231
7.843402627855539
7.148245070129633
14.342263984493911
4.033343082293868
8.257479388266802
12.256970348767936
10.586210710927844
8.823938821442425
13.00516164302826
5.147829128429294
10.289512066170573
9.515405310317874
11.5519690932706
11.738336393609643
8.087677136063576
9.943181086331606
11.020124182105064
10.540372759103775
7.929625045508146
9.930380143225193
7.77949951402843
12.923199947923422
6.513961869291961
11.496155571192503
7.555690590292215
10.15296564437449
5.596015851944685
8.999270498752594
10.12015028577298
9.75379565358162
10.609195433557034
10.387671679258347
9.610132221132517
10.4623449370265
6.735710708424449
8.336629085242748
7.803719179704785
7.535437774844468
10.478426137939095
6.242594961076975
10.26512080617249
7.990187821909785
9.21106049604714
9.082306044176221
7.294314192607999
5.559226330369711
5.711806667037308
6.404675075784326
9.489955943077803
9.757964347489178
8.38353331387043
9.221128260716796
9.593603610992432
8.695001376792789
8.797945861704648
7.9797447100281715
6.690396958962083
8.468647927045822
6.130045495927334
6.983159540221095
8.947827287018299
6.358362196944654
9.16184796858579
8.735469891689718
7.12888696603477
5.561044719070196
8.176376417279243
8.137137174606323
8.153025409206748
7.302428792230785
7.970103802159429
6.531299666501582
7.8967165015637875
6.555028490722179
7.61515336856246
8.641872432082891
7.96843858808279
6.512157330289483
8.6415004581213
7.811062293127179
7.5356276165694
8.224493907764554
8.700443808920681
8.673290942795575
9.068640971556306
5.49264504853636
8.7237614300102
5.8766480181366205
6.286696653813124
6.810793232172728
7.342986347153783
7.333845951594412
8.717766839079559
4.629008868709207
8.596134226769209
7.266379998996854
10.03032576199621
7.834373871795833
9.474259654060006
6.796200333163142
8.25362962204963
7.021416833624244
6.119594770483673
7.059199241921306
6.825717429630458
7.169184166006744
8.842784174717963
9.492019369266927
7.42612618394196
6.64305370580405
5.536409300751984
9.795367288403213
6.104693343862891
6.532475299201906
7.261860020458698
6.7266617100685835
4.42367653734982
6.671587775461376
8.226196147501469
8.896185105666518
8.764374891296029
7.719341795891523
5.958875694312155
7.2602964993566275
5.897914732806385
7.056274238042533
8.212749993428588
5.194975157268345
7.50717294588685
10.090483043342829
9.38098741415888
9.614456152543426
10.055881925858557
6.988052976317704
8.922110059298575
6.012110388837755
9.254835831001401
5.685190889053047
8.30509359203279
6.705663652159274
6.3462949469685555
6.466706781648099
9.405126879923046
5.605302735231817
5.350044302642345
8.766424308530986
7.228179896250367
5.489171771332622
7.036875195801258
9.423946131952107
8.58931383676827
6.679500688798726
5.936185202561319
7.392928957939148
7.504049808718264
8.899724275805056
5.770634023472667
7.077641433104873
7.93430464528501
8.994211919605732
5.129194434732199
8.262545444071293
10.001193285919726
6.886391492560506
7.595407740212977
9.522607845254242
6.660955955274403
7.062308284454048
7.282465939410031
8.374835618771613
4.267914392054081
8.880188713781536
6.480344519019127
5.661117844283581
9.524507858790457
7.233052867464721
8.69074344728142
6.860855998471379
6.955928708426654
4.886800790205598
5.430038088932633
5.589851077646017
5.4011769918724895
4.746012459509075
7.753145050257444
7.929682998917997
7.244094824418426
8.623730944469571
5.932256331667304
7.729118960909545
6.600385938771069
9.907699861563742
6.036125629208982
5.609015223570168
5.90317908488214
9.12899083364755
4.782032214105129
5.215762761421502
5.321656961925328
5.860801920294762
8.083361377939582
8.556032313965261
5.100858689285815
6.073931361548603
5.427906207740307
8.003269538283348
4.705271355807781
6.683873566798866
5.182502979412675
3.9212076170369983
4.703903113491833
8.371402367018163
8.087808788754046
5.5112566677853465
3.7185940016061068
4.419383349828422
5.698759926483035
5.333491639234126
5.612168123014271
4.907469192519784
7.621249827556312
4.886842746287584
4.070570062845945
6.509589079767466
3.576906365342438
6.6343516213819385
7.99008147418499
7.078847479075193
5.014583341777325
5.611402519978583
7.574935086071491
3.458752487320453
6.684111590497196
5.626888061873615
5.965937144123018
5.818842658773065
5.290807410143316
8.0364421159029
5.546774256043136
5.529013469815254
6.32126637455076
5.719939517788589
5.683518691919744
3.759741397574544
5.237930119968951
5.248866752721369
6.438622770830989
7.659584358334541
6.653303373605013
6.835927359759808
6.285041952505708
6.568931955844164
8.291216718964279
6.426569502800703
5.605172009207308
5.839639065787196
5.243857199326158
5.506544313393533
5.845380169339478
6.218427577055991
6.993419675156474
3.7006882587447762
5.78596078325063
7.307583157904446
4.184319548308849
7.444636401720345
3.512972663156688
4.702606395818293
5.5491325575858355
6.171906441450119
5.5361367696896195
5.1644574496895075
4.5063355676829815
5.57897346932441
7.9389342637732625
5.6965201226994395
7.642970618791878
7.206830006092787
4.922372893430293
4.80560765042901
3.888420588336885
9.390380092896521
4.18241545651108
5.990671442821622
3.5381994070485234
4.019661145284772
4.882181555964053
3.4614688819274306
4.893469160422683
3.199753592722118
4.751261687837541
7.084213154390454
4.674256191588938
5.370672543533146
5.7310430109500885
4.354542783461511
3.0831675715744495
4.315239223651588
4.960468275472522
6.222055401653051
2.915081105194986
4.553432342596352
7.854803401976824
5.663051957264543
7.03720183763653
3.318706952035427
5.1689402516931295
4.022910042665899
3.581017912365496
7.674381212331355
5.083697336725891
5.5917837005108595
4.844433641061187
3.862143118865788
5.318398592993617
3.9899752167984843
5.941151717677712
6.177819825708866
2.9818467665463686
5.7146036475896835
3.8397686202079058
6.055529669858515
6.148276844061911
2.2965482836589217
4.787278506439179
5.427755584008992
3.1576194232329726
4.557815730571747
5.133769076317549
5.064329722896218
5.1814333805814385
4.396826209500432
3.960729475133121
3.8218450266867876
2.9771040435880423
7.31213297508657
6.872426877729595
5.7661206386983395
4.435860000550747
4.1048087971284986
4.20375807210803
3.42014690535143
4.930890180170536
3.849326679483056
2.618630124256015
3.4491060189902782
4.875338301062584
4.263624782674015
3.4517850801348686
6.937099848873913
3.0572317000478506
5.454282768070698
5.188240231014788
4.506636414676905
2.1042610378935933
4.030297405086458
3.5128995766863227
5.843445076607168
4.256137207150459
3.1559130614623427
4.876323708333075
6.435228502377868
4.434090567752719
6.1339722983539104
3.170528993010521
6.4143907725811005
4.65941624995321
4.8899809792637825
4.308164176531136
3.7143186843022704
3.5680420324206352
6.210093419067562
5.323905684053898
4.023557549342513
4.324938231147826
4.780799784697592
2.863504442386329
5.33417396619916
4.8261521169915795
5.10675130225718
4.840338778682053
3.1857074154540896
5.398310578428209
2.312919049523771
3.694421462714672
6.692445531487465
5.351845029741526
3.0026465030387044
6.305131001397967
4.993101809173822
2.9955726703628898
4.9061948684975505
4.186556828208268
4.076340337283909
4.586790200788528
3.0539435455575585
4.213689900003374
6.558118462562561
4.565222497098148
2.44007496163249
2.8964654123410583
7.124664180912077
3.3847005628049374
4.1918798284605145
4.428439018316567
4.264479484409094
4.347840772010386
5.04932367336005
4.274727823212743
4.570782803930342
2.5499658212065697
4.925979436375201
3.5970504339784384
3.591258334927261
4.601652033627033
3.7931688986718655
5.214992303401232
4.303106881678104
3.4763197656720877
5.560971600934863
4.529760075733066
3.672873852774501
3.548385325819254
7.136350177228451
3.778050792403519
2.641938926652074
4.454342038370669
5.059140045195818
4.522647871635854
2.8366445368155837
4.372779273428023
4.241258952766657
2.910683671012521
3.8550300737842917
8.675643499940634
4.620323873125017
3.4192988723516464
2.1813685689121485
2.4003687677904963
3.904276159591973
4.048895573243499
2.896538549102843
5.2377227786928415
3.8693438470363617
2.148884362541139
4.622494969516993
3.5562813887372613
4.446890671737492
3.497148689813912
4.219979306682944
5.048868536949158
3.827203243970871
5.2853242717683315
4.1648794282227755
3.088225394487381
5.446348266676068
4.34970338921994
2.793447940610349
4.127209818921983
3.4110302729532123
2.9285401981323957
4.4278049459680915
3.9806474605575204
4.504008858464658
4.8459095461294055
3.6601183814927936
4.8556478302925825
4.36667125672102
4.973031358793378
4.231497365050018
5.737924478948116
4.328436965122819
2.955532828345895
3.1072252364829183
4.7547908602282405
3.660225640051067
3.9359220284968615
2.294303484261036
5.048484228551388
3.1268074130639434
4.143208186142147
3.6697070533409715
6.071292354725301
3.915850702673197
4.56163395754993
4.507652259431779
5.590164238587022
6.619570651091635
5.383223129436374
5.939633680507541
5.055845921859145
4.97981043253094
3.4385047564283013
3.0799405705183744
3.019236493855715
3.067003531381488
3.711287804879248
4.565809141844511
2.646031307987869
3.3382059205323458
2.585106872022152
2.6549125723540783
5.490846296772361
3.7311575673520565
4.013494825921953
4.080158120021224
3.0933956187218428
3.149729695171118
3.4920443603768945
3.505683545023203
5.1862756153568625
3.4097740380093455
2.789854124188423
5.827899829484522
5.5260360930114985
4.042554873041809
3.2562074717134237
3.757355811074376
4.361863910220563
3.2137677166610956
3.8894922975450754
4.620843658223748
5.26512392796576
6.5193947847001255
6.508743971586227
3.4559553610160947
7.609604025259614
4.219596392475069
3.0693136118352413
3.6341334069147706
4.8577316692098975
3.0999475615099072
7.4531037686392665
3.2358011389151216
3.863171176984906
6.819939159788191
4.572830865159631
6.701191559433937
6.100692101754248
4.051377488300204
3.0257260045036674
4.961797337047756
4.181154573336244
4.581934933550656
4.420509138144553
5.035856440663338
4.421359604224563
4.891124530695379
5.499017453752458
3.644002664834261
4.3691843673586845
5.670557036064565
5.7557958154939115
5.714017560705543
6.4596614465117455
3.85076950956136
5.727200946770608
4.792862143367529
4.511448998935521
3.424801094457507
4.056608992628753
3.979314974974841
4.167391055263579
5.3957010647282
5.4504578942433
3.5208858884871006
4.089622709900141
5.742044085636735
4.051700923591852
4.058872922323644
4.476975526660681
3.936833812855184
3.5402176384814084
5.125591120682657
4.172189717181027
5.657723443582654
5.246822734363377
3.7374453926458955
4.239195412024856
3.5711066890507936
3.312586865387857
4.05723493359983
4.9556340500712395
2.4905099850147963
5.79937307164073
3.6329571958631277
4.573132883757353
4.704411727376282
3.473136631771922
6.426576002500951
3.7236978048458695
6.132143933326006
4.998411046341062
5.111345164477825
6.615362425334752
2.275731848552823
7.507984044961631
5.540078621357679
3.9159826170653105
4.875750089995563
3.6653782008215785
3.968245791271329
2.107073124498129
6.247588193044066
6.106839167885482
3.0072941295802593
3.224557165056467
7.936140297912061
7.035300524905324
4.132890266366303
4.397388228215277
4.832374164834619
4.408945578150451
4.412054369226098
5.92404543235898
4.877209972590208
2.514078412204981
5.355920349247754
5.135817531496286
3.717044450342655
4.658802477642894
3.3462511636316776
3.777130630798638
4.0736922500655055
3.8953831791877747
4.85234690271318
3.131492187269032
3.391176225617528
3.8604426765814424
5.9539997624233365
5.602606002241373
5.814809421077371
5.121500202454627
3.5487593607977033
4.488792195916176
4.113693293184042
3.4391582179814577
3.8158305175602436
7.412753249518573
3.8315541241317987
4.85632927948609
4.740703077055514
6.033831547945738
7.08315765298903
3.932106395252049
5.85450066998601
2.916264107450843
5.248515998013318
3.5437715342268348
4.482524994760752
3.49122170265764
4.583151564002037
4.52744475286454
4.782725751865655
5.788079337216914
3.529902530834079
6.172122914344072
4.204027256928384
5.424769837874919
5.781581048853695
3.864177760668099
4.324421189725399
6.5893452456220984
3.231862898916006
3.1596945859491825
4.939042768441141
4.209862829186022
4.115995176136494
3.4556658072397113
4.7142357202246785
3.556342041119933
3.036174033768475
3.5896422239020467
6.378350078128278
2.4320918610319495
5.381816583685577
5.41555458959192
4.969943317584693
3.442505359649658
3.185973604209721
2.3890377832576632
2.2634241431951523
2.278933803550899
2.9754636283032596
6.015048463828862
2.1159118693321943
3.7541532274335623
3.0307692904025316
5.68498888798058
1.9531365763396025
4.37177383992821
9.261740970425308
3.81946730427444
5.332700843922794
4.926616995595396
2.9445191211998463
3.419413856230676
4.888960041105747
8.094926650635898
4.209641671739519
4.382192629389465
4.362939341925085
4.44593034312129
3.983097436837852
5.286638827994466
4.053983258083463
7.463467979803681
2.937418404966593
3.6846910007297993
4.371049243025482
3.3623970467597246
2.9985919995233417
3.590854711830616
4.004470322281122
3.265646039042622
4.7978526735678315
2.3047263072803617
4.544782213866711
4.244834426790476
7.216145264916122
2.7849436877295375
2.643474875949323
6.136029649525881
4.924775036051869
5.873470805585384
5.009924626909196
5.378292181529105
3.2998825553804636
5.379473773762584
2.800505214370787
5.574234768748283
5.52711165882647
5.752053498290479
2.693175559863448
2.602055205963552
6.893575582653284
5.214396948926151
5.872013381682336
2.9410384353250265
4.5302279042080045
2.7787586161866784
4.232089857570827
3.891172100789845
2.457679023966193
4.541699066758156
7.17525992076844
5.37802959792316
3.3191224578768015
6.991072101518512
4.449227873235941
4.740877044387162
4.629727115854621
2.3571961764246225
9.207144174724817
8.136861776933074
4.92633309122175
7.6288962084800005
4.246763144619763
3.184882369823754
4.482116336002946
3.5087598636746407
2.915446895174682
3.0686227418482304
3.0788002931512892
2.9893460599705577
2.7590978336520493
2.165008720010519
5.119928072206676
4.566304262727499
4.802347398363054
4.616079991217703
5.482160598039627
4.641626265831292
3.682862493209541
3.0961878476664424
5.266981469467282
4.287346566095948
4.531990894116461
4.5150946425274014
4.07498824223876
6.340762332081795
3.8724773665890098
6.837371252477169
10.01436636224389
4.669645443558693
4.156728473491967
3.444539090618491
6.65393696539104
3.6798795191571116
2.3389666005969048
6.685038416646421
3.4477434623986483
6.435762017965317
3.7187717109918594
2.59265361353755
3.6434343680739403
4.051243216730654
5.483277115039527
4.257045930251479
5.317087532021105
5.305254627019167
5.334112617187202
4.820623643696308
4.157160621136427
3.8758185850456357
2.403007644228637
4.708009953610599
11.672448246739805
2.4382150284945965
5.719681605696678
4.648291310761124
5.458316717296839
3.286627469584346
3.956611927598715
4.192227421328425
6.296669226139784
5.201443933881819
2.625972636975348
5.042645134031773
4.4083311799913645
4.818695175461471
2.801338579505682
4.453490884974599
5.176304864697158
7.3180060386657715
6.7694639433175325
4.758188994601369
5.215305658057332
6.0082445200532675
2.594910306856036
3.7465398237109184
4.042913551442325
6.454759490676224
5.405704234726727
1.5351574709638953
4.025029539130628
6.742503124289215
2.499673335812986
4.536144151352346
4.087843867018819
5.822056379169226
5.133454905822873
7.4715477442368865
8.38942422810942
5.907544130459428
3.1907991049811244
4.59771092236042
4.0264735743403435
3.7500946344807744
3.8551931492984295
3.379734412766993
3.1569352243095636
3.84512587916106
5.022110486403108
1.9706682274118066
3.6488533057272434
5.12459702976048
4.763249976560473
4.026340590789914
5.012154649943113
4.158590163104236
4.055535634979606
4.26363561861217
8.334764203988016
6.87295972649008
2.6144933057948947
2.2378180916421115
4.538065063767135
4.768914192914963
3.7222473742440343
4.573594469577074
1.791886436752975
5.34403689019382
3.387952017597854
3.945019070059061
3.712296560406685
4.17777325026691
4.057607310824096
6.3860319862142205
4.998167580459267
5.270315391011536
6.426372402347624
3.1001739744096994
3.1113187093287706
6.154950940981507
4.807730779051781
3.326000836212188
3.383588277734816
4.587910463102162
5.550522579345852
3.778807078488171
4.857396222651005
5.567812057211995
4.734927517361939
3.717056095600128
7.272848439402878
5.562174418009818
8.448665989562869
6.400873862206936
2.2476728511974216
6.011196727864444
3.9833515426144004
5.691703613847494
2.201425090432167
3.819954413920641
4.360311287455261
4.600768121890724
6.760989834554493
3.5799287743866444
8.76645083585754
5.887436450459063
2.6418579518795013
3.1142917927354574
4.3829624289646745
4.729746889322996
4.131628963164985
7.121146303601563
3.617995203472674
6.741675359196961
3.5762056671082973
4.1160558494739234
4.97560802847147
4.199799773283303
4.190524790436029
2.6994416886009276
5.31307031121105
3.8457812927663326
2.982339572161436
3.6467183055356145
3.3154728980734944
4.886989920400083
4.816483703441918
6.339055552147329
4.970697022974491
3.0563136865384877
3.7467751000076532
2.0564212226308882
3.687973673455417
1.9861749368719757
7.579135403037071
2.5700258063152432
2.127078540623188
5.246235112659633
3.610823092982173
7.237276105210185
4.091177824884653
2.6286695962771773
5.451689747162163
2.4078872138634324
3.935779832303524
3.844514320604503
4.259189775213599
5.993933262303472
4.109661974944174
2.7567777475342155
4.333196544088423
4.096429578959942
3.4140872713178396
3.2636240222491324
4.389384265989065
2.3148044031113386
2.180510748177767
4.186634544283152
1.8041660245507956
2.2200982784852386
5.353610593825579
5.890087057836354
2.3130431305617094
1.7545110257342458
4.202985627576709
2.105532286223024
3.392549332231283
3.2779206158593297
4.4605370266363025
6.570937461219728
5.435439641587436
3.010011678095907
4.980599460192025
5.3351826458238065
3.2301106872037053
3.6298968414776027
2.914579031057656
6.971020662225783
6.586891765706241
7.863528275862336
4.41695524379611
3.4013697216287255
4.158541474491358
2.6752269263379276
7.8740732707083225
2.520561132580042
6.436195578426123
5.654048398137093
7.207370925694704
6.961635754443705
1.731313903350383
4.469027370680124
4.684970447793603
6.0222313133999705
3.8815576136112213
4.203763922676444
3.4946406465023756
2.1195568768307567
3.696989770978689
5.355427164584398
2.621818973682821
4.752828102558851
2.660835168790072
2.5122051499783993
8.738198825158179
6.124634104780853
1.9213573662564158
4.67544953012839
5.782123780343682
4.58142707683146
1.8501622444018722
2.2940566688776016
2.333841761574149
5.959675123449415
4.717770826071501
4.8812233386561275
3.3223775667138398
4.167289023287594
3.869816903024912
3.5031431782990694
5.544397062622011
4.995132828131318
6.129636190366
3.796305984724313
5.0708712339401245
3.9273603726178408
2.4909749468788505
5.484076786786318
4.105697564780712
3.9871001043356955
6.570030151866376
2.507476203609258
2.069726847112179
5.495513602159917
2.7980606434866786
2.665777058340609
3.141264097765088
3.1690903874114156
4.253445229493082
4.161354347132146
2.392320305109024
2.9321071095764637
6.808992407284677
5.6581397000700235
9.844731025397778
6.1669843858107924
3.8080355003476143
9.128211101982743
2.261498496402055
5.622394959907979
7.018909815698862
4.174697178881615
4.513891824986786
3.787318215239793
3.3966038143262267
5.545546040870249
2.21681472286582
4.544254321604967
3.569787967018783
3.1389974392950535
4.885971473529935
5.66655557602644
2.4210668983869255
3.6714844941161573
3.5359393530525267
4.729285855777562
6.187707547098398
3.2842086274176836
5.729953305795789
3.4180353516712785
5.500620742328465
3.9117251839488745
9.261293904855847
3.418072022497654
3.024815633893013
3.8712326642125845
3.295161693356931
4.994447025470436
6.3746538031846285
2.881262427661568
3.4281522361561656
4.066151559818536
2.8554664766415954
5.830993858166039
2.55314233712852
5.878462875261903
5.038252342492342
8.128286823630333
4.390000840649009
4.096832736395299
5.827047595754266
1.8304660273715854
3.131574819330126
5.987224981188774
2.681370621547103
3.5024070111103356
5.312213101424277
3.5583055475726724
4.206998073961586
3.9333158982917666
2.580718799959868
4.173298202455044
1.9536883546970785
2.5740150483325124
3.074783614836633
4.07959947315976
4.994597821496427
3.243894510436803
2.829486967995763
3.106129702180624
4.705238945782185
5.095805826131254
5.438494400586933
5.0558994971215725
3.269739674869925
4.19599942676723
3.917451007757336
3.9752826034091413
2.8028165539726615
2.9572178684175014
2.2634260524064302
7.202666423283517
4.794895691797137
4.37739376258105
2.0432894127443433
6.386704566888511
5.147905617952347
2.7539357128553092
5.059598370455205
6.231021974235773
6.413312985561788
2.7570874807424843
2.2867606338113546
4.368640911765397
1.7883169688284397
2.08285098336637
2.6021054266020656
2.34425711305812
3.799751415848732
4.030492927413434
4.092537565156817
2.19944898923859
4.244429067708552
3.185183030553162
6.031232055742294
4.458019354380667
3.1520497612655163
2.8432592703029513
2.0320839444175363
2.924139564856887
7.992038554511964
6.521833793725818
2.6515616052784026
6.303004776127636
5.552153382450342
5.131480204407126
6.496332940179855
5.469804240390658
3.0837308913469315
3.3542868020012975
3.295800701249391
2.5661217500455678
3.9055185238830745
3.0619937535375357
2.86755494447425
2.210091169923544
2.011959756258875
3.061795989982784
3.511412398889661
2.2335540214553475
1.7524724318645895
8.089218905661255
2.5233982848003507
5.744904278311878
4.053888745605946
1.257211349438876
1.2385610779747367
3.882564529776573
3.998890796210617
1.6918924003839493
1.4157571005634964
2.9987455513328314
2.4014575611799955
2.7976762293837965
4.792487987317145
3.585747436620295
6.125403733924031
1.6997314300388098
3.863244835752994
5.084736066870391
3.508382996544242
4.018318959046155
4.7748671574518085
4.925953718833625
5.7301553431898355
1.691375759895891
3.303538164123893
3.6565778222866356
3.815505590289831
4.174994812812656
2.5738116945140064
8.585590670350939
5.095990726258606
2.6154262218624353
3.057337248697877
2.4014141680672765
2.811317902058363
1.6712136808782816
2.9603808275423944
5.258851275779307
3.2475573741830885
2.397143344860524
2.2618381599895656
3.172792942263186
2.1926859691739082
2.324559816159308
4.1025246270000935
2.295370700303465
6.131982417777181
3.0581614272668958
2.694416681304574
5.831081084907055
3.918147030286491
1.6159583311527967
6.281267640180886
6.200900161173195
5.373470268212259
4.670816761441529
4.917938563041389
5.512783146463335
3.4930974021553993
1.6099192379042506
4.048707735259086
2.377525269985199
2.4255977012217045
3.841014700010419
3.4589422796852887
2.43373895669356
4.070900901220739
2.131753785535693
4.210844712797552
2.561717202886939
2.7555585503578186
6.291505856439471
4.790320449043065
2.9248852520249784
5.604136581532657
6.762498881202191
2.6049459245987236
6.032196729909629
1.747261369600892
2.4422611966729164
3.3806445891968906
2.3616824643686414
4.987792395986617
4.734947431366891
3.2131413109600544
2.4756790599785745
5.9769530994817615
3.513252121862024
1.9169852081686258
3.476114485412836
2.442776022478938
5.905839316546917
6.331043160054833
3.7816957607865334
2.43314659409225
1.7473412109538913
4.954056421294808
4.263467212673277
4.263570916373283
3.5214193910360336
3.488420187495649
3.745980761013925
6.061199571471661
3.1085740732960403
4.843807140830904
4.079540071077645
4.371241472195834
8.534500026144087
2.4381673857569695
3.0657444894313812
2.0562177221290767
2.5107176629826427
4.123731336090714
1.6671605776064098
2.1223334851674736
6.4740396505221725
1.9364359760656953
6.197579259518534
1.6569557068869472
2.431884833611548
4.215928580611944
1.3273458876647055
2.0583400167524815
6.445747517980635
4.182037904858589
2.2815169231034815
2.19764859508723
2.926155050750822
4.261156848631799
9.100209056399763
1.944879530929029
3.567519891541451
5.1165435165166855
2.7966750231571496
2.980953048914671
3.9951470480300486
6.923274697270244
1.542650556191802
7.069442536216229
2.013248063158244
2.433564042672515
3.032566272187978
4.177216651383787
2.5005471631884575
4.730626855511218
4.804934683255851
3.2501016072928905
2.2016951628029346
4.944339145440608
4.680346678476781
3.6785940919071436
2.402500113006681
4.067530494648963
2.5772189968265593
2.675759044010192
5.511133779305965
3.335334514733404
6.483681011945009
2.9384482712484896
3.6926837391220033
2.800761668011546
4.742770651355386
4.13948925351724
3.651236831676215
4.77755984198302
2.546296898741275
3.269520194735378
2.7769253198057413
4.575224056374282
3.9257450690492988
3.334803639911115
2.7427512272261083
2.364271041471511
4.6893726834096014
1.9752216935157776
3.870492686983198
1.5310566704720259
4.676544810179621
3.243528782390058
3.9192144093103707
2.6325666806660593
1.2154670399613678
2.9158523096702993
3.3414721260778606
3.09877056395635
4.663507962133735
3.9096978874877095
2.606333530973643
3.6256266464479268
3.312800235580653
3.319870924577117
2.404449636582285
2.008974085561931
2.806841171346605
1.7688973718322814
4.814544161316007
4.930991463363171
3.7813795590773225
3.352429173886776
2.4496351508423686
2.904830983839929
3.0708538298495114
3.1276353620924056
2.965745999943465
1.531009170692414
3.1794090596958995
3.467828448396176
2.0944751873612404
1.874976412858814
2.3976984145119786
7.057540799956769
3.53793937433511
5.549530202522874
3.989142296370119
4.335293949116021
2.1915842089802027
1.5967008196748793
4.592319872230291
1.9938020566478372
3.720457812771201
2.0236713690683246
1.9178127921186388
4.078561129514128
5.648265766911209
3.684328411705792
1.8561921049840748
2.870859183371067
4.914565407671034
2.650103008840233
2.844913049135357
3.336390257347375
3.1964880600571632
2.541274475865066
3.3471915358677506
2.9546392671763897
2.085072045214474
1.799086113460362
5.399139959830791
3.7568435203284025
5.276872931979597
2.4915203703567386
1.876271876040846
3.8076713760383427
2.5614821040071547
5.1435143398121
4.698094643652439
2.815489219967276
3.4181709443219006
2.1407799222506583
3.0641981563530862
1.7532100467942655
3.9575060796923935
7.000058827921748
1.8219642373733222
6.948199333623052
1.2561340052634478
3.918968501035124
4.674927057698369
2.1026350036263466
2.4652676936239004
3.7373679052107036
6.704505546018481
2.184359676204622
3.6632067570462823
2.2877228702418506
3.106517232488841
2.7196368467994034
2.3008119803853333
5.959704543463886
4.467782250605524
1.8559850133024156
3.289855819195509
3.1060854885727167
5.039790422655642
4.14322104351595
1.8982495428062975
1.973750441800803
3.246292215771973
2.963456343393773
2.3235394274815917
2.5239542755298316
2.6937182205729187
4.436284098308533
3.27324894675985
1.4694002117030323
4.462023567873985
4.275116330012679
3.508454774040729
2.4828232466243207
1.85834542196244
2.8660174482502043
4.813923633657396
3.256130672059953
6.720088344998658
5.253662140108645
2.7640637764707208
2.1643606261350214
2.839159993454814
2.1481980471871793
6.785448329988867
8.943393762689084
1.558950670529157
3.5505754691548645
2.557764396071434
1.4763575750403106
3.59752653259784
3.398733976762742
3.19667377974838
2.3921685684472322
2.8369428776204586
2.4486580742523074
2.729356392752379
5.597782057244331
2.5227451133541763
1.7365178354084492
2.6157146096229553
4.769038739148527
3.6131186122074723
1.8718119654804468
5.030669437721372
2.209108134265989
4.215410517528653
4.527021168265492
6.582242033444345
2.9657354396767914
2.342069665901363
1.4507724619470537
1.9824069472961128
2.7061681374907494
3.2965817260555923
2.2882085544988513
2.8534669345244765
5.404260369949043
2.6810533427633345
3.696332766674459
4.480141848791391
2.5457752379588783
9.65777930058539
3.2960098101757467
4.813148885499686
3.0801048120483756
1.9529213132336736
2.0557666746899486
2.0484406244941056
3.1266017528250813
2.77555366512388
3.773131624329835
1.4252784056589007
1.9361553261987865
5.9145324705168605
3.9371763807721436
2.1571647785604
4.4255257663317025
2.448133308906108
3.3269522483460605
2.1082532070577145
4.884021474514157
1.7586877420544624
2.2884368747472763
5.754579768516123
3.8482807823456824
1.6518756947480142
4.103691699914634
4.537792598363012
2.5027994168922305
1.6620317506603897
1.3944600587710738
2.029886556789279
1.7322420910932124
2.7732009473256767
4.131528205703944
4.939048552885652
3.654494628775865
1.9583627842366695
1.7174737923778594
4.9385064407251775
6.316914800554514
1.4110514014028013
1.5847337623126805
4.924865621607751
2.466536391992122
3.336793696973473
2.366600627079606
4.57025903230533
3.359167923219502
2.2952436092309654
3.518506563734263
3.1143684424459934
1.374855833593756
3.977922160644084
2.1388320783153176
2.390781594440341
3.9221859956160188
2.95593916811049
4.460031693801284
4.328979115001857
2.5096393837593496
1.674706314690411
5.118955101817846
2.4556981115601957
2.641525561455637
2.165811391081661
1.5177372302860022
2.147093230858445
2.885244234930724
3.267115968745202
2.7266552671790123
3.0867128507234156
1.5267374068498611
1.474544198717922
1.7727587572298944
1.168486312031746
2.0145309274084866
1.6613458734937012
4.829763270448893
2.154589527286589
3.0697071752510965
2.0453626131638885
1.8566475743427873
2.7293651583604515
2.116072826553136
3.7815440795384347
2.813462868332863
1.9752870430238545
5.365543914958835
2.9189212946221232
2.9137796708382666
2.8146934085525572
3.087940155994147
4.031582260504365
3.839989183936268
3.4631989281624556
4.311729981098324
2.9178535607643425
3.0523275616578758
4.6224801554344594
2.459808731917292
1.3255002405494452
3.4392904797568917
1.928579868748784
1.2855845098383725
1.6580783636309206
1.7695344695821404
4.289372560102493
4.232178622856736
3.0153364720754325
5.31031238194555
3.4991324143484235
3.4900791025720537
2.7913084626197815
3.2844370771199465
1.964443906210363
5.554635108448565
1.2473938520997763
2.0394655726850033
1.4555075936950743
2.9376205755397677
3.1297999382950366
2.8414692948572338
2.551021938212216
4.379943254869431
3.561804666183889
3.7503962786868215
2.9451573113910854
2.4132430241443217
4.088991892524064
2.151058930438012
3.5354141094721854
2.303677642252296
4.3023792607709765
3.8093034946359694
2.880131194368005
2.028490106575191
1.5965872569940984
3.80298138782382
3.581226629205048
1.5919627407565713
1.7904790407046676
2.7770289410836995
1.568102814257145
3.9257751116529107
2.371580987703055
3.786437339615077
2.271867181174457
2.923053340986371
3.3039324986748397
3.398002628237009
1.23230532836169
4.186322085093707
3.344446008093655
1.7861474258825183
3.7791892220266163
2.7950289943255484
2.3929619095288217
2.83346100570634
2.7357029002159834
2.4892024300061166
2.9378425665199757
3.6335311057046056
2.2853053244762123
3.4299466903321445
1.8117957171052694
3.2484765760600567
3.4410438709892333
1.6722328308969736
3.3374474751763046
3.4386096950620413
2.75951822521165
2.938011629972607
3.1568030207417905
2.530590858310461
1.7231298019178212
3.077012578956783
1.8925863318145275
3.4114185008220375
2.6332187023945153
3.9217029311694205
3.068288885988295
2.4388259747065604
1.449495602864772
3.955341154243797
2.684541813097894
1.3226809944026172
1.3906836905516684
2.79608391597867
2.8834447734989226
2.9296783613972366
3.4450141238048673
1.858356773853302
5.650186606217176
1.941149506252259
3.238790082745254
2.1810579081065953
3.6392212603241205
2.1577356182970107
2.631500456482172
2.7601840058341622
4.451648715417832
1.8213182790204883
3.664529190864414
1.6853741137310863
2.810523869935423
3.2120611304417253
1.9035331602208316
1.328046073205769
3.658023933880031
5.370221969671547
3.394734151661396
0.9795429757796228
4.4929983746260405
3.1896810811012983
2.26778333960101
4.321182738989592
2.551691811531782
1.6964272437617183
1.52593844383955
3.7572536151856184
5.53628665395081
5.901009158696979
3.8202058244496584
3.0496446904726326
1.2544299000874162
2.209718605969101
2.217091646976769
4.486645600292832
2.410356145352125
2.342631818726659
4.70341658173129
4.100265322253108
2.133404392749071
2.9152943366207182
3.7515503778122365
3.604100865777582
2.38159162690863
2.8491698023863137
3.118129794485867
3.587445619981736
3.8265248918905854
2.1628180760890245
1.7759069399908185
2.190669711213559
4.707662823610008
1.7342773578129709
2.3367791334167123
3.0849871174432337
3.6703895619139075
2.8802398666739464
5.30930352024734
4.993368572089821
2.076861145440489
2.1737121678888798
1.8718156879767776
4.787045340053737
2.5948182181455195
1.6304415720514953
2.530482961330563
1.6732415109872818
3.3496494004502892
2.317178507335484
3.0047136154025793
2.55929651344195
1.396924219559878
3.4824368907138705
1.8710672734305263
1.9432707545347512
1.9007075484842062
2.570129321888089
1.646088573615998
2.7187927830964327
1.6085027614608407
2.138663809746504
4.416857230477035
1.6823841780424118
1.8164886091835797
2.3903609942644835
3.2359272059984505
2.025277517270297
1.3383243125863373
2.2995756305754185
2.797557025682181
2.58853264618665
3.9328954527154565
2.5611671917140484
4.573643633630127
2.3487634724006057
2.4517493657767773
2.1983129968866706
3.659874541219324
1.3995355037041008
3.4133191951550543
3.4562993198633194
1.7169160158373415
5.134094470180571
2.6165464450605214
2.4115465856157243
2.5142118674702942
1.561993143055588
3.1342966575175524
2.2683678241446614
1.2700399779714644
2.414873759727925
1.7007221761159599
3.8851527478545904
4.037870446685702
2.3972749039530754
2.2281036842614412
1.9662560778670013
7.078123320825398
3.330014912877232
2.186502450145781
2.960988328792155
1.380898660980165
2.0170958945527673
2.2750807371921837
1.3460191474296153
2.5703272288665175
2.7274052565917373
4.156259685754776
1.739922299515456
4.539155858103186
3.0574456616304815
6.722936742007732
4.398669150657952
1.9618048421107233
4.185754886362702
3.373582453932613
3.072649223264307
3.978197318967432
1.7149461945518851
2.897097500041127
4.516966683790088
2.3280910165049136
1.8046273463405669
4.750234491191804
2.7876430456526577
2.307464419398457
1.9073291635140777
4.026857614982873
2.0571811366826296
8.079388479702175
2.5871748537756503
1.7323694434016943
5.580626958981156
3.088733479846269
3.563191855326295
1.5208184588700533
1.7839507828466594
2.0232517146505415
1.1926992307417095
2.3130971742793918
2.5571537031792104
3.2207732321694493
2.7853712933138013
2.762488751206547
2.337443077005446
2.0493776402436197
2.1586531484499574
2.99652606761083
1.085568720009178
3.0082651996053755
1.4449300593696535
2.010620854794979
3.009280188009143
2.4260012111626565
2.0682089030742645
2.491548971273005
2.8114108038134873
2.789430004544556
3.062297231517732
2.2727514863945544
2.0761526795104146
2.6561800446361303
7.24052519351244
1.676341085229069
3.8186505339108407
3.177345016039908
3.0930932387709618
1.560851130168885
1.2742985114455223
2.202334581874311
1.8953737108968198
3.2293719709850848
2.8788280729204416
1.5509555386379361
2.1391819403506815
2.951854169368744
3.474889107979834
1.3152207368984818
1.5213124281726778
1.914921157527715
8.37036682618782
2.813900909386575
1.5666890325956047
1.745612951926887
1.2939144037663937
1.3691063313744962
3.3208096432499588
2.704230490140617
4.078182142227888
3.7302805543877184
2.380486269015819
3.317554360255599
3.6212969962507486
2.6815022309310734
1.4027179009281099
1.4702111510559916
2.1157742287032306
2.3910369002260268
1.8042475846596062
3.491461019963026
1.511611261870712
1.3383982037194073
1.5163220148533583
4.4508175370283425
3.71091094519943
1.9212488275952637
2.2705982150509953
1.7823926149867475
2.3299015923403203
3.248690231703222
2.860700035933405
2.8579371073283255
3.741197109222412
2.710250597447157
1.8448393316939473
1.9244313640519977
3.597846780437976
3.104821039363742
2.8969977432861924
4.377875057980418
2.02246062643826
1.676015286706388
2.9246440334245563
2.7022135383449495
2.8342600422911346
4.658151762094349
2.1242975941859186
1.7185936849564314
4.211965199094266
3.213354902807623
2.7021250189282
4.113538828678429
1.6511396607384086
1.5748555711470544
1.8155038226395845
1.279019061010331
3.006746002007276
6.079296608455479
1.7995556979440153
3.6207257411442697
2.1285881171934307
2.5023743249475956
4.155591557268053
2.619622504338622
3.11623820848763
3.2439905013889074
3.5672789849340916
3.508153598289937
3.214445131830871
2.1749597466550767
2.2487568208016455
3.388527392409742
2.6177655505016446
2.9917268455028534
2.1412434983067214
1.9268329925835133
2.1566401603631675
2.905301173683256
2.816425316501409
1.7061219275929034
1.8386273179203272
2.512262059841305
2.9232774558477104
2.03829136909917
1.707855463027954
1.465319943614304
2.7638604934327304
4.820630723144859
3.3446447872556746
3.4466752018779516
2.393476461060345
2.946594333741814
5.796393341384828
3.6831360426731408
1.5050000362098217
2.3722445708699524
2.937720752786845
3.5676734508015215
2.730193122290075
3.731887064874172
2.0434530000202358
2.8339454219676554
4.027378964237869
1.7265617595985532
2.081688999198377
2.7857945659197867
3.8774170516990125
1.4744915454648435
2.93518475163728
1.5856151268817484
1.7112648049369454
1.5969588933512568
4.4591566189192235
3.0754586970433593
1.6214245459996164
4.262805255828425
1.841667728498578
2.2808236652053893
3.3180909333750606
2.223536677658558
5.553308555856347
3.6468934169970453
1.3865387947298586
4.021789288613945
2.6741305217146873
2.593113522976637
2.325034612324089
3.5289719975553453
2.678402231540531
2.5672043883241713
2.045882592443377
1.2989371200092137
4.188645463436842
3.7810358651913702
2.740994627121836
2.704454974271357
1.1748723261989653
3.776907508727163
2.032792393118143
1.190816760994494
2.1175101813860238
1.0714092319831252
1.2584078130312264
2.06705713365227
1.9084288817830384
3.006485295947641
2.0233535887673497
4.7449933821335435
2.2067565666511655
2.27740021282807
1.7160511398687959
1.9381854613311589
2.098441833164543
2.281856127548963
1.5539740039967
1.7813407802022994
1.676557035651058
5.7141207391396165
1.9084199243225157
3.5588949993252754
1.6521963221020997
1.3707373444922268
0.9785156943835318
2.069452891126275
3.6938043138943613
1.8252445035614073
3.208653514739126
2.024543233215809
1.716671735048294
3.163569438736886
2.308094651438296
2.6219811169430614
2.3788291811943054
2.343043377622962
1.326544530224055
2.6418054178357124
2.1203206833451986
1.394321205560118
1.4329162314534187
2.027838898357004
2.22662220755592
1.4608851536177099
2.2829678393900394
3.9173331167548895
1.6073622768744826
2.2854000460356474
1.3814131277613342
1.466542162001133
1.2631395575590432
1.436093841213733
3.477631026878953
2.8751517892815173
1.6441288636997342
1.3910394310951233
4.517430924810469
1.3495552949607372
1.19878871133551
3.08658892987296
2.174826913513243
3.4919096822850406
2.379252596758306
2.5193548896349967
2.236110840924084
2.384137198794633
2.7489969530142844
2.6883564200252295
0.9535037856549025
1.0430932361632586
3.1785234101116657
3.509015191346407
2.0336006777361035
3.203472414985299
2.3717029173858464
2.7065455936826766
2.3149107773788273
2.858247592113912
2.494884245097637
4.631052866578102
3.698959856759757
1.6290132128633559
2.120723026804626
1.5947301210835576
5.242871313821524
2.723977903369814
3.0106975655071437
2.3773672613315284
2.682289657648653
1.8845579642802477
6.272445173934102
1.9922498110681772
4.220267686061561
2.8448003423400223
1.360663517843932
1.390038224402815
4.992901764810085
1.6028819102793932
2.3943853224627674
1.6247081407345831
3.317030147649348
3.8339723548851907
5.250101451296359
4.263911502901465
2.928617995698005
3.3470214856788516
3.4827330224215984
4.567742500919849
5.246808524243534
3.716516172979027
1.9097146755084395
3.1396450828760862
3.5492207589559257
3.4030925827100873
1.9423203566111624
4.608639035373926
4.300842886790633
2.65842152480036
1.7856211732141674
3.85209974180907
2.0838682865723968
3.337605344131589
3.1677334713749588
4.12940171873197
2.7788844872266054
2.0962430331856012
2.7006765911355615
1.687767421361059
1.7982542640529573
1.9946082369424403
2.4811955159530044
2.774604380596429
2.721273192204535
2.8612769576720893
2.88149141240865
3.142513911239803
3.6278174901381135
4.5833181836642325
1.7894507055170834
2.076706907711923
2.085419920273125
2.4538740827701986
3.337878559716046
1.5300091374665499
1.9798054895363748
1.2650576629675925
5.0681995511986315
1.9068368095904589
1.23582087084651
2.9469367410056293
2.076683500315994
2.8376124119386077
2.373613630887121
0.8914802563376725
2.7754783504642546
2.820921593811363
1.8338235346600413
4.215361709706485
4.098508432973176
2.0575151098892093
2.1913782013580203
1.8608282087370753
3.369802582077682
3.371846687514335
4.4171337857842445
3.693413354922086
2.92263319529593
2.23703427053988
2.122551240492612
4.808864255435765
2.322546137496829
1.952088609803468
2.863455943297595
3.620535185560584
1.9819718850776553
2.315764646511525
1.816373701673001
1.582854941021651
3.1356216087006032
2.0123661239631474
1.413549697957933
2.3127438575029373
0.9757687011733651
2.4982553869485855
1.6880382974632084
2.522275228984654
1.2022697161883116
0.9616413516923785
2.9046172816306353
1.3743186336942017
2.8650728301145136
2.3019189639016986
2.4626412908546627
1.197604036424309
2.6633726875297725
2.1594097781926394
4.879166268743575
1.9924297966063023
2.769132592715323
1.257293524686247
1.3132811528630555
1.8071114462800324
1.8685211017727852
5.829214073251933
1.3428341718390584
5.0638244319707155
4.460086451843381
2.0829212572425604
2.9443295407108963
3.4203290697187185
2.690114181023091
0.9550482858903706
2.7437007944099605
2.1960339657962322
2.942082175053656
2.6829980798065662
2.737436067312956
1.6448870641179383
2.111238783225417
1.3053969838656485
2.3794093718752265
1.8822159939445555
3.1604168731719255
1.3164782752282917
3.413389779161662
2.780782376881689
2.524574596900493
1.5145571869798005
2.627958537777886
2.3873225492425263
1.0177024989388883
2.1901742261834443
5.346568679902703
2.4208642919547856
2.454085512086749
5.112584587652236
1.0647557792253792
2.512366220820695
4.309737741481513
2.1433656699955463
2.2597120539285243
1.8628499871119857
2.876526219304651
1.5699846516363323
3.047306699678302
2.4348671678453684
1.2091125948354602
2.2651815586723387
2.957069093827158
1.7683195378631353
5.457372815348208
1.5480686137452722
2.7050994159653783
1.7937677591107786
1.7578088040463626
3.3659558119252324
3.20391410542652
1.2137763784267008
1.982110282406211
2.001928796991706
5.608228656463325
1.9470529379323125
1.784155406523496
8.668003777042031
4.85727548180148
1.5837517860345542
2.660422770306468
8.166847571264952
2.197469816543162
2.036412870977074
3.24899017252028
1.4052390400320292
2.5062195542268455
2.525252099148929
3.3414943707175553
3.2321162302978337
3.586209569592029
3.3305536964908242
2.8360701291821897
8.447982312645763
2.3811726458370686
4.677687564864755
1.3293410749174654
2.1574863689020276
1.517894039861858
2.088262092322111
2.333990854676813
1.429732367862016
2.3475017049349844
4.015921026468277
2.106386818923056
2.375907522626221
3.820809978991747
3.067586651071906
1.7649542056024075
3.0670123607851565
1.2757798274978995
2.9028282086364925
2.711288577876985
3.383772597182542
2.5414363760501146
2.4374168841168284
2.5104856216348708
3.130513015668839
1.5683724656701088
3.0637582624331117
4.018617635592818
1.9339709905907512
1.4681777181103826
2.2309232247062027
2.034887337125838
1.8066767444834113
2.2755106785334647
2.018796654418111
1.4444801178760827
1.9978424631990492
1.9950088327750564
3.327525489963591
2.0904669710434973
3.3596199224703014
2.302317146677524
2.465723085217178
2.8690589312464
3.6845762482844293
3.2136489464901388
2.1844188161194324
1.3591573308221996
4.367535128258169
1.8331079450435936
2.874701162800193
1.3048814381472766
1.4304447108879685
1.0543229263275862
4.237398595549166
2.8992137783207
2.34529466368258
3.685450214892626
4.143567737657577
3.319400647189468
3.0773950214497745
1.3696518908254802
2.0997418430633843
2.4656638535670936
1.788053478114307
2.431396311149001
1.496992731001228
5.910076355561614
1.6763370619155467
1.3227157667279243
2.320203196257353
5.825145967304707
2.2351343450136483
2.912898246664554
3.0231608506292105
1.8057100377045572
3.537646096199751
1.5950902868062258
2.6790299410931766
2.79946501692757
2.6100796391256154
4.806166812777519
2.2823630683124065
2.7936402284540236
2.072031260933727
1.7526184157468379
3.1945261429063976
2.9878524295054376
2.340009829495102
2.6292910128831863
2.7974115312099457
1.4390977486036718
2.7836615601554513
1.2036622264422476
3.689746483694762
2.3859074185602367
1.7984950947575271
0.807578700594604
2.54621863598004
0.8706423286348581
3.9851199625991285
1.4966583345085382
2.29914464475587
1.196768604684621
1.4287516619078815
2.1530000283382833
2.0347584602423012
1.5158743560314178
1.8535252446308732
2.687513462267816
2.4962825486436486
1.9370277663692832
1.705389664042741
2.9123934586532414
1.0398109527304769
1.5453630010597408
3.2244141353294253
1.5553587591275573
2.5025640474632382
1.7013969328254461
2.8015046189539135
1.5462019387632608
1.3866728297434747
2.496510493569076
1.0986705645918846
3.714914702344686
1.358379797078669
1.7067648842930794
2.2985458122566342
1.3748076362535357
2.8870203029364347
4.6633253786712885
1.8327703126706183
1.8836683044210076
3.071762398816645
3.5045445361174643
2.0610475670546293
2.2701369803398848
1.3507460218573373
1.6900171874061463
4.208571444901209
3.146261387401157
1.128091026393194
2.111457299618494
3.386138383358244
1.7205398569977473
2.6479063719984084
2.162665895999424
1.2225017547607422
1.6858012056539928
1.9058945642577276
2.543547593884998
4.084922946634746
1.252943031371586
0.972866787323876
1.4559963052234952
1.631793030670711
1.414224160096002
1.8510079606184884
3.283159283891557
3.5631080255621956
1.5364028882412684
1.02329901996113
1.8105127376223367
2.0518822447648124
2.395261912118821
3.441765503750907
1.5859243373076122
1.172149477023927
2.3407471922654954
2.8318853993264455
1.5406787433321514
2.396635861623855
1.323147281058251
1.3607446693238758
1.5136574052629017
5.554518041156587
3.8932767955083696
1.1775741917746407
1.9341471341867296
2.024042061633534
2.974928292490187
