0.8888622883241624
2.004958511359291
2.6519507569028065
3.0154099684150424
2.662610396364471
3.6280481964349747
2.6506366381945554
2.847611488221446
2.61944990279153
3.1218762205098756
3.170252392446855
2.593270022480283
3.2355871512845624
3.1560049255786
3.39352066378342
4.107117310879403
3.807840473484248
3.7078550955629908
4.12499909941107
3.756530803249916
2.9871285667759366
4.175125753041357
4.176334389718249
3.3534092532645445
3.995436915778555
3.9105745133711025
3.8721917965158354
3.2861086681950837
3.6688008996425197
3.497205386753194
3.3202834723342676
3.478942813555477
3.3048517172574066
3.208383619756205
4.170855495089199
3.5166146298579406
4.380352825828595
3.602025957661681
3.7477759832690936
3.708444889547536
3.460395774542121
3.905500073276926
3.1617094945104327
3.912730191106675
3.376424237707397
3.958521868684329
3.4714594106335426
4.038472613145132
3.5669419536716305
3.8662879630574025
3.8512034621380735
3.57382160591078
3.805798264569603
4.11026585532818
4.122661528206663
3.9098317000170937
3.1378137092106044
4.014667267721961
3.5984979324566666
3.1203557619592175
3.9973279125406407
3.614776854054071
3.332772608671803
3.4644663157087052
2.80765453595086
3.2654787378851324
3.9275806664372794
3.5682131503417622
3.617886171065038
3.8002310259616934
3.248816888255533
3.574558734864695
4.162869500549277
3.1844184077053796
4.672717121255118
3.3525722379854415
3.958128055150155
3.9822056649136357
3.824253943254007
3.2465178183629178
3.6453798997972626
4.139552562890458
3.2722693593532313
3.5579304968123324
2.798492088288185
3.588846924219979
3.463947461277712
3.56007297988981
3.117591049231123
2.887274962704396
2.3770690381352324
2.5269534160615876
2.7438456553791184
2.7883231357845943
2.558350328647066
2.9871327205037232
3.0688819107599556
1.8854150197003037
1.93330340704415
1.5482172491028905
1.560979773872532
1.0489739218028262
2.4324362261104397
1.235916991776321
1.1597783474135213
1.2216115194023587
1.4261041753343306
1.6692629180033691
1.4192750481888652
1.3959676034282893
1.2104417721857317
1.147653793450445
1.605222738638986
1.3024867025087588
1.3502125591621734
1.265899945225101
1.080076839600224
1.3664273307076655
1.1345681673847139
1.1603562622331083
1.084181680023903
1.5140684176585637
1.7371879058191553
1.5332186962477863
1.5432465807534754
1.2261464135954157
1.1436901736306027
1.1156092965393327
1.295011586160399
1.0350184084381908
1.1190338262240402
1.1169063397246646
1.2154835855180863
1.6948108712094836
1.329644758370705
1.179207124543609
1.3413880843436345
1.1412647084798664
1.124712315009674
1.1823508326197043
1.2002744559431449
1.3164327066624537
1.5414477188896853
1.2261457773274742
1.34748713998124
1.1633361955464352
1.5825365873170085
1.4566557741491124
1.291369136190042
1.2030007304856554
1.2197804698953405
1.7762971490446944
1.4383444924897049
1.0923157533979975
1.435275372583419
1.4917566669173539
1.2980296970927157
1.15860093550873
1.1268805535219144
1.3071101820969488
1.368765241757501
1.5156569328391925
1.1247063176415395
1.094202805776149
0.9690287937410176
1.1949190595478285
1.2255016350827646
1.2529202232835814
1.5713506624451838
1.142969926338992
1.1504434076487087
1.0315330279699992
1.1758418620738667
1.2966399327851832
1.2013597887125798
1.3767728682723828
1.1250090261455625
1.4308576375478879
1.3466792774561327
1.2487047352187801
1.1592945354495896
1.240945335914148
1.69084523289348
1.2577153729216661
1.1521617451799102
0.8578392048366368
1.0773462168872356
1.214690167515073
1.1689555675839074
0.8810766566894017
1.0924553904333152
1.1826839429850224
1.3699230771162547
1.2267148057871964
1.056164741894463
0.9864078015380073
0.8480226840474643
0.9384489067597315
1.0707991161034442
0.9951030390802771
1.2353146286332048
1.0276620225340594
0.9234438604034949
1.1064538588398136
0.9545667352504097
0.8896515758970054
1.0256317718012724
1.21857830134104
0.9888617873948533
0.8857176998571958
0.9204691738123074
0.7692276708548889
0.7000404917926062
0.8203209457860794
1.0422975957917515
1.0373719558410812
0.9684372847550549
0.9484555280942004
1.0184653312608134
1.2068536492879502
1.0454542360675987
1.0541348601400387
1.19187539149425
0.8588705723523162
0.8813804195669945
0.8710019538702909
0.8023848384618759
1.0908389305695891
1.0424332018592395
0.9226132240437437
1.0613561592472252
1.029894308099756
1.0378649851190858
0.8871647932392079
0.8651742326619569
0.8020467964524869
0.8412110466160811
1.0635810597159434
0.9607172718679067
1.3203354481083807
0.9964706561004277
0.9646684207982616
0.7235634212847799
1.0630604956531897
0.6498074452101719
0.7383960527949966
0.6293639601790346
0.8879578067280818
0.8355962903297041
1.0749245101760607
1.3257853257237002
0.8080850623373408
0.8416129926627036
1.207416795543395
0.690564055199502
0.8239146229752805
0.9287131116143428
0.9030365581566002
0.9602798681298736
0.7508302358037326
0.7556478914430761
0.7283306939630058
0.6149924629492554
0.8259077854161188
0.6487286764923044
0.803912708081129
