0.0013185795309453852
0.00012407797919422592
0.0025519711955155344
9.13932884714086e-05
2.455584505156594e-05
2.818527908488022e-05
0.002860104526490659
0.00041690165295449333
0.00040917591243783136
0.000599413494228429
0.003722481191857696
0.0013698542711608752
0.0010362446143403758
0.0010521416514279736
0.004449728288022925
0.0024559928946246146
0.0017947064149552716
0.0015575379094343589
0.006199169853573494
0.002860628034227375
0.002995510316736727
0.0032039307620834734
0.006766969394220723
0.0037695750038437836
0.004683220356128004
0.003388224591844846
0.008618501858336458
0.004853838689768963
0.004538892810842299
0.002930424033024792
0.009391238773332589
0.006173462128344909
0.005913637692401608
0.0031471375702949445
0.010731722851232917
0.007989139265418999
0.004435708111032
0.0063266259599004115
0.011762920215915074
0.007936234738735948
0.006072710845273832
0.01002946421976958
0.01050248007868504
0.006909771531354636
0.007532046392952907
0.013614589237022301
0.011436436008807505
0.008451949731352215
0.008598474673817691
0.014181212930452602
0.01188077984352276
0.008830850085359998
0.012019132168006763
0.018933206486508425
0.013774825816653902
0.014295886874606367
0.017319211565336445
0.015210531095362967
0.017070074016373837
0.013492548736394383
0.015747886945973733
0.014737479536051978
0.011885348652867833
0.011587736695219064
0.01945967557912809
0.018732408359937835
0.014046238853552495
0.014869052747599198
0.019584162148021278
0.016535842143639456
0.018625401447934564
0.020358992318506353
0.019711510993147385
0.017401657194568543
0.02272894915586221
0.020107388641918078
0.01704807834175881
0.01775722994352691
0.024315977203514194
0.022337293787131784
0.020036621233884944
0.0262856382978498
0.02139564592653187
0.021012169319874374
0.026999685895134462
0.021875263992114924
0.028644991802138975
0.02457309065721347
0.02374177737874561
0.028150869387900457
0.02467139899090398
0.03197101344994735
0.028412934465450235
0.027311005695082713
0.03167239782487741
0.025290852598118363
0.027939423842326505
0.028995218151976587
0.03603275703790132
0.033902589209901635
0.03777268179692328
0.038968249631579965
0.04187764090602286
0.037902868585661054
0.04353136007557623
0.03148633550154045
0.042058053411892615
0.03784848467330448
0.03675911390746478
0.04240811834461056
0.034147546932217665
0.0374898803056567
0.045485868635296356
0.045228989925817586
0.04005193924967898
0.03783699517225614
0.04595837949455017
0.049961756958509795
0.040324360990780406
0.05172306140593719
0.046160128091287334
0.03676973612891743
0.04337563649460208
0.04330428662797203
0.05254277306084987
0.04528108124213759
0.05537897348403931
0.0453997191216331
0.04368577663990436
0.051003455017053057
0.04396457197435666
0.05570822292793309
0.051868274007574655
0.06515310303075239
0.06010806800622959
0.06002841117151547
0.06925402575870976
0.06999429203278851
0.07353752970811911
0.06929812375165056
0.0647699641995132
0.07252523806528188
0.07983203297771979
0.08005924754252192
0.08184985180560034
0.08163228207558859
0.08940440774313174
0.09206125349737704
0.08692905062343925
0.0914594599744305
0.12145876209251583
0.12080029342905618
0.09998743978212588
0.12469404333387502
0.09914266763371415
0.10470856646134052
0.10133256608969532
0.11715400137472898
0.11641783043160103
0.09976272637140937
0.10993376348051243
0.10158046553260647
0.10584346912219189
0.11859728521085344
0.11081736549385823
0.11728179224883206
0.11896161129698157
0.10975225150468759
0.12377958360593766
0.13442509580636397
0.12881892209406942
0.11948403230053373
0.14207844919292256
0.1333703616692219
0.13126631366321817
0.13119253289187327
0.13092335101100616
0.13257967040408403
0.13198160094907507
0.12534347764449194
0.1312184379203245
0.1331926722486969
0.13005699426867068
0.1259653444867581
0.130270876979921
0.12595592788420618
0.1263261408021208
0.126014056004351
0.11471449461532757
0.12213553776382469
0.11268279183423147
0.1076498472248204
0.11936564900679514
0.12331048992928118
0.11287723717396148
0.1254497250483837
0.12901475722901523
0.12121490863501094
0.12268379033776
0.12199042833526619
0.1269493475847412
0.11711257367278449
0.1256058973085601
0.13769017002778128
0.13362048781709746
0.1263228063180577
0.12460925508639775
0.14074091333895922
0.11842514661839232
0.12698182399617508
0.13655280938837677
0.12071215463220142
0.1258294525614474
0.1352363033220172
0.12223740899935365
0.12858398794196546
0.12439497112063691
0.12906257979921065
0.11946181402890943
0.11787041957722977
0.12145170604344457
0.13187075150199234
0.1334661568980664
0.13377963739912957
0.11865401256363839
0.11277601349866018
0.12619857606478035
0.14475052058696747
0.13324634276796132
0.13863044013851322
0.1255072127096355
0.1357594548317138
0.14235160744283348
0.13407164125237614
0.14144845184637234
0.1341161334712524
0.1286223677743692
0.12815055798273534
0.13334308547200635
0.12875877460464835
0.1282495640043635
0.11341034443466924
0.12490357895148918
0.12618050538003445
0.12952390042482875
0.12464971741428599
0.12884035578463227
0.12583414008258842
0.11710992350708693
0.1176311403978616
0.1204762484994717
0.12897311541019008
0.11308795202057809
0.12562195389182307
0.12844207769376226
0.12857280648313463
0.12737274839309976
0.13048850058112293
0.13201771944295615
0.13024947547819465
0.12495901479269378
0.13342255749739707
0.12425058626104146
0.12640916323289275
0.13612044579349458
0.1170577897282783
0.13792023609858006
0.13374602614203468
0.12911274601356126
0.13380282817524858
0.13870569758000784
0.14017772139050066
0.15138272783951834
0.15020815399475396
0.1557065693777986
0.14566886116517708
0.14287668676115572
0.14138305862434208
0.12881303500034846
0.12870112666860223
0.14038093321141787
0.12740170140750706
0.12508719135075808
0.13440394471399486
0.13250993058318272
0.1288055270561017
0.13159299170365557
0.1428891103132628
0.13825100334361196
0.13044167688349262
0.13744796597165987
0.1166352930595167
0.14227532944642007
0.14188606210518628
0.13237216719426215
0.15111768170027062
0.13934147311374545
0.14742514269892126
0.1400813905056566
0.1324099287739955
0.12507287645712495
0.12217998586129397
0.15867602755315602
0.1413118081400171
0.131775232963264
0.1390107682091184
0.15639042161637917
0.15011408488499
0.15266436245292425
0.16214892460266128
0.14763202366884798
0.14378825575113297
0.157092479406856
0.13194975553778931
0.14059549442026764
0.1439670027466491
0.13843888285919093
0.15251304727280512
0.14401170995552093
0.1622541822725907
0.14711435261415318
0.13559715382871218
0.14870293537387624
0.13132231193594635
0.12593927804846317
0.13465460407314822
0.12749227532185614
0.12361728126415983
0.13225020756362937
0.11928191102924757
0.11625229939818382
0.1201474709669128
0.11850126738858036
0.11312844149592355
