0.2715110833523795
0.2929287240258418
0.3610508310957812
1.0612237060558982
0.7371607453096658
0.42416157689876854
0.4241655783262104
0.4518071925267577
0.46112090651877224
0.476123318541795
0.44239755196031183
0.4255043256562203
0.4185766610316932
0.41946227801963687
0.4337392783490941
0.4611200623912737
0.44673168286681175
0.5162756677018479
0.49023721378762275
0.528823854168877
0.4375618149060756
0.45311561645939946
0.513118306407705
0.5181014862610027
0.47416186064947397
0.5782212336780503
0.5354082229314372
0.581213527591899
0.648739607189782
0.664351245155558
0.7156672619748861
0.7360715458635241
0.6482527507469058
0.6934408728266135
0.694784811232239
0.6156859676120803
0.6017561794724315
0.5880523809464648
0.5956888656364754
0.6276082150870934
0.6435654605738819
0.6561238315189257
0.5802965589100495
0.610639245598577
0.5871834288118407
0.5153705691918731
0.5458561993436888
0.5342709884280339
0.5601385849295184
0.5651935823261738
0.5152854283805937
0.5741414400981739
0.5760276458458975
0.6009989792946726
0.5621438680682331
0.5784975077258423
0.5882821223931387
0.6167098291916773
0.6066212452715263
0.5693493169965222
0.5951482544187456
0.6181259403238073
0.6094486984657124
0.6494016266660765
0.5879166967933998
0.5624173950636759
0.6168729230994359
0.5968964656349272
0.5673061275156215
0.49394311534706503
0.5377370521891862
0.4980363773065619
0.47426892444491386
0.4853954988066107
0.45361768070142716
0.4821748863905668
0.4965620801085606
0.5002859479282051
0.43874737003352493
0.4820695189991966
0.5016226521111093
0.4877714343601838
0.4579881939571351
0.4655355119612068
0.4730742403771728
0.46349246840691194
0.4099527074722573
0.4441599252168089
0.42813620308879763
0.4264202315825969
0.4175331845181063
0.41431185079272836
0.45087388495448977
0.4551542439730838
0.437400603084825
0.43953483703080565
0.40884762204950675
0.4402310386649333
0.4720714697614312
0.44307847402524203
0.45384214725345373
0.41366426239255816
0.4512917585670948
0.4203014465747401
0.42644906538771465
0.40880339656723663
0.42989589914213866
0.41779129655333236
0.4441936779767275
0.390145497454796
0.45890844287350774
0.430376555363182
0.3950735718244687
0.4266940242960118
0.4201090184506029
0.4274540992337279
0.40687402128241956
0.40262192499358207
0.41988118435256183
0.41482646635267884
0.4303486867574975
0.40052069956436753
0.4245174208772369
0.4084427493507974
0.3646359771373682
0.428861343418248
0.3863351675099693
0.3641602426650934
0.3728837834787555
0.4182653305470012
0.379948454676196
0.34317297651432455
0.4186439464101568
0.3867701801354997
0.3949235294130631
0.41347322141518816
0.3814977695583366
0.40125387150328606
0.37839038722449914
0.37377198407193646
0.3645858956151642
0.396449000982102
0.3773047586437315
0.398545055068098
0.3996748515055515
0.3785708404611796
0.3741340801352635
0.36321891780244187
0.39340878691291437
0.3757464016089216
0.4154419213300571
0.400136144075077
0.45280129835009575
0.37222997401840985
0.38005276129115373
0.39549814764177427
0.43518052966101095
0.42302954342449084
0.42015122348675504
0.3956594112678431
0.48440936562838033
0.422920320823323
0.38765634183073416
0.40327543392777443
0.41255111375357956
0.40914789511589333
0.40230701660038903
0.4769877996877767
0.44221954175736755
0.4625817522755824
0.4505526139982976
0.4513744931900874
0.47583237156504765
0.4859007319319062
0.49046213895780966
0.49216515792068094
0.48175641789566725
0.4865422947332263
0.46721386804711074
0.45360291528049856
0.4613850803580135
0.505064751545433
0.534998522605747
0.4665378874633461
0.44932061043800786
0.461531515000388
0.46576357795856893
0.4625995086389594
0.47957538021728396
0.4703415255062282
0.4865053817629814
0.50558735744562
0.5101184943923727
0.46844905242323875
0.4724012000951916
0.47773545811651275
0.44344094209373
0.4616988165071234
0.43965106253745034
0.47694076428888366
0.42528832773678005
0.4559744126163423
0.3880565179279074
0.42891725880326703
0.44580478401621804
0.4306602931465022
0.38899829058209434
0.4018565451842733
0.4063772576628253
0.38558888802072033
0.3734301515505649
0.3877327017253265
0.4164635936031118
0.3905071989283897
0.3801608262001537
0.36330984462983906
0.38949401129502803
0.366850130725652
0.3508368896727916
0.4181597629794851
0.38608099619159475
0.3496453471016139
0.3894006214104593
0.3940041832975112
0.3754953923635185
0.4141510323388502
0.3756871576188132
0.3611451843753457
0.3893603936303407
0.39134939352516085
0.41907538613304496
0.36538972932612523
0.3787440959131345
0.38483316358178854
0.3862276135478169
0.366252672218252
0.35858347825706005
0.3513471228652634
0.36215661439928226
0.34551514766644686
0.3532396318623796
0.3460477582993917
0.3767887296853587
0.38562126603210345
0.360817167267669
0.3345243649673648
0.3345781028037891
0.32232348376419395
0.3574558390537277
0.3703228883096017
0.34464895696146414
0.3451913894386962
0.3465901417657733
0.3422191724530421
0.36052660091081634
0.3680244212737307
0.38273788255173713
0.3625161608797498
0.34754165512276813
0.3670465881587006
0.37273633282165974
0.40729715663474053
0.3582416336867027
0.3608291333075613
0.386111882457044
0.38324961432954296
0.36672299524070695
0.3939375490299426
0.3826456873794086
0.36189175030449405
0.4185035546834115
0.39552975349943154
0.3983206307166256
0.3916474375873804
0.4046275743166916
0.4158761468133889
0.43269862222950906
0.4197804948198609
0.37748366192681715
0.3646901551983319
0.3638746607466601
0.3534274667617865
0.3434029679046944
0.3841705788508989
0.38149201759370044
0.38348539045546204
0.3736054897890426
0.40859697229461744
0.3666467434959486
0.3853665062924847
0.3515108158462681
0.3829630760010332
0.3560575976734981
0.3802591587882489
0.3747834406676702
0.3721077122609131
0.3275212160660885
0.34453812323044986
0.3574307765811682
0.3347673257230781
0.35423572483705357
0.30442150618182495
0.31535950617399067
0.3280622306629084
0.30931104195769876
0.333917104289867
0.3242500531487167
0.31827267084736377
0.3307759406743571
0.3197293591219932
0.33868173172231764
0.3304220841964707
0.3119660523952916
0.3152992550167255
0.32777636765968055
0.329704389849212
0.30866832664469257
0.2986702431808226
0.33703186560887843
0.2999897603876889
0.29246660764329135
0.3176058206008747
0.3015349284396507
0.33811230317223817
0.3184827157529071
0.3091064399923198
0.3089200677059125
0.350749826466199
0.31448896910296753
0.3218263431917876
0.3193604469415732
0.30551049107452855
0.3280606926418841
0.3112697254982777
0.30045365064870566
0.3170066651655361
0.333125643664971
0.3472119651851244
0.34653796115890145
0.34574263653485104
0.37327656539855525
0.37141450482886285
0.37825201405212283
0.3439662498421967
0.33663480257382616
0.32818467466859147
0.31081805389840156
0.29812085430603474
0.30172301532002166
0.3202522384817712
0.30390289973001927
0.31078853708459064
0.3219180162413977
0.3311022439156659
0.32041496608871967
0.31168059920310043
0.3051782220136374
0.32497639500070363
0.3059083013795316
0.31111206833156757
0.29683078289963305
0.30644321226282045
0.29382073757005855
0.32361208397196606
0.31127696539624594
0.28068592346971855
0.3117258039419539
0.3248929497494828
0.3028212380595505
0.3104097660689149
0.2952369250706397
0.31782710389234126
0.3006569667486474
0.2946535682422109
0.2908392192039173
0.29127792082726955
0.2810062349890359
0.26394390215864405
0.23266901273746043
0.2480130367912352
0.26243268730468117
0.2512639246415347
0.27757886017207056
0.2665470161300618
0.2892619893536903
0.2754776462679729
0.3025983606057707
0.2939797218423337
0.30857706573442556
0.3178580566600431
0.30210253270342946
0.28217893559485674
0.27437087893486023
0.29077603385667317
0.2674764962284826
0.2720094620017335
0.25787671841681004
0.25779605624848045
0.24567870845203288
0.24206034367671236
0.2526430003636051
0.2662240240024403
0.22784465679433197
0.28399950778111815
0.26339987601386383
0.2590331708197482
0.2753348757978529
0.29501115885796025
0.24449224799172953
0.24815117032267153
0.2756104349682573
0.2601392875658348
0.2806692103331443
0.2364878995285835
0.2655362620425876
0.2548762263613753
0.23472269938793033
0.27226025497657247
0.2916858956159558
0.27648213115753606
0.27441904734587297
0.25759086484322324
0.24275742191821337
0.2188726072490681
0.24534368357853964
0.25826593238161877
0.2599391211406328
0.267582849774044
0.24710222240537405
0.27332407448557205
0.24961795905255713
0.24958333969698288
0.26518440642394125
0.25315561654861085
0.2461704028537497
0.2556285895698238
0.23556805195403285
0.2586267142032739
0.21393772028386593
0.22058191860560328
0.2327767942333594
0.23412584877223708
0.25122241012286395
0.2566065797873307
0.2569177076802589
0.25025621012900956
0.26979350778856315
0.2406615337531548
0.2157222497917246
0.2567086791677866
0.2117647232953459
0.2323841929610353
0.22174056561198086
0.2207634609658271
0.22127224018913694
0.2178138825984206
0.2210449800186325
0.23416165652452037
0.22831230881274678
0.21058232270297594
0.18186728178989142
0.20150821635616012
0.20328830234939232
0.23480067442869768
0.23742195894010365
0.19614717076183297
0.19122317197616212
0.20811372905154712
0.19462961624958552
0.20975559385260567
0.20226065095630474
0.20914284128230065
0.22774328908417374
0.22124933698796667
0.23435630908352323
0.22628203290514648
0.21056844858685508
0.23321328952442855
0.2212666533596348
0.21856353720068
0.23709498535026796
0.23388685192912817
0.25980369554599747
0.22791612570290454
0.2474580857087858
0.2278366495447699
0.22805387558764778
0.19733652748982422
0.21464653106522746
0.2659383993013762
0.2625283322413452
0.25677901139715686
0.240099524758989
0.23680230675381608
0.28383889838005416
0.19252643871004693
0.2509940770105459
0.21580452084890567
0.23481271599303
0.2453493892098777
0.24704307032516226
0.24699055345263332
0.24075744466972537
0.2749092800077051
0.24261707477853633
0.2556398240849376
0.25089881572057493
0.25202950957464054
0.25982493642368354
0.25389166024979204
0.2940516843809746
0.2532313431438524
0.23151558154495433
0.2506855982064735
0.24580738303484395
0.28303804650204256
0.25989716476760805
0.26204192437580787
0.2802119061234407
0.27233752512256615
0.256540498288814
0.26192722155246884
0.21525057751568966
0.252979291632073
0.2660199568781536
0.2631911935750395
0.23495262331562117
0.22167166258441284
0.2488474507990759
0.2405989533290267
0.26457083655986935
0.23454290250083432
0.25723305068095215
0.24148968659574166
0.24475233640987426
0.2331588694069069
0.2195072278555017
0.24882435298059136
0.24323849022039212
0.2170030151901301
0.2419712289411109
0.2390032406838145
0.2584706154302694
0.23024448091746308
0.2333663210447412
0.2382844621897675
0.23994728698744439
0.24151689431164414
0.24507460618042387
0.24000220719608478
0.24925914785126224
0.23521282579167746
0.2272398181085009
0.21654517069691792
0.25946050460333936
0.2743940367072355
0.23612178163602948
0.2560637697461061
0.2626244147249963
0.2684038795414381
0.27214859578553147
0.23968515188733894
0.23126182139037163
0.24852640313778337
0.2761038378115714
0.27664402963256274
0.25937196401160534
0.2660056832796476
0.2538033051518943
0.25778832251396705
0.25525799945114164
0.2474466556697849
0.23608170986527532
0.24075882456551387
0.2588028984921654
0.24882045763684071
0.27806077322621986
0.26537661656268
0.24600276623771886
0.25875727659252684
0.26926714445896976
0.25709888280376675
0.26726201643037983
0.25088884505465275
0.2583079478578774
0.250243280405604
0.2772323432869799
0.2730921979729585
0.24051106448365947
0.22714969662465448
0.26419991861999503
0.2189190361619465
0.2136651151703568
0.22106168424989295
0.23315897097033778
0.23496694812976468
0.22854112833738327
0.25613953830219627
0.22400756241885697
0.24736724034186422
0.24070184906636635
0.2125523328839794
0.25197471126796694
0.22894542596823586
0.2691421968730416
0.21909518985767065
0.2206055971933162
