0.3005292929010466
0.34324567147996277
0.39453729727392783
0.43198690356803127
0.4411987167550251
0.44620123924687505
0.46869945258367807
0.46067961887456477
0.5408574366010725
0.7797168530523777
0.6235930052935146
0.5336008032900281
0.49346679425798357
0.6214597900398076
0.5521779448026791
0.6180248523596674
0.6195449463557452
0.4525231069419533
0.6871280116029084
0.6562846049200743
0.6131659648381174
0.7432963729370385
0.9082773660775274
0.8700833318289369
0.7369144095573574
0.9339576759375632
1.0815687933936715
1.0684131439775229
1.1909472523257136
1.3256315104663372
1.5355525882914662
2.276094392873347
2.306626806035638
2.7029409115202725
3.2721291128546
4.037571968510747
5.127790100872517
5.779736872762442
6.758590154349804
7.4751537926495075
7.927826497703791
6.190472148358822
6.212386328727007
4.7349848337471485
4.502092128619552
3.5383270289748907
3.607012588530779
2.8089436888694763
2.6692515909671783
2.1980763785541058
2.210021685808897
2.0387019384652376
1.6695127729326487
1.2659179093316197
1.1376636270433664
1.319042544811964
1.2634023521095514
1.1748703261837363
0.9852140308357775
1.1058855545707047
1.1673923078924417
1.018011043779552
0.9590865601785481
0.8555396385490894
0.7949143960140646
0.8715587360784411
0.750130929518491
0.8274437831714749
0.8355088527314365
0.9062251066789031
0.853732000105083
1.0932127083651721
1.2246425715275109
1.2793846572749317
1.5130771407857537
1.5898685362190008
1.7189522329717875
1.6425963821820915
1.548800190910697
1.0560282282531261
1.0858896770514548
1.0058899521827698
1.3071263544261456
1.1472115102224052
1.0843601522501558
0.7667125796433538
0.8192322764080018
0.8596182987093925
0.7071458054706454
0.8985775962937623
0.6261661690659821
0.7535764176864177
0.803000001469627
0.8258241002913564
0.7221001461148262
0.7118473299778998
0.7809786992147565
0.6604618821293116
0.671642261557281
0.696330854203552
0.6004812105093151
0.7578939308878034
0.6005145984236151
0.7519817515276372
0.6846328584942967
0.656046929769218
0.5609965499024838
0.716950798407197
0.5996841113083065
0.5386435496620834
0.5017129441257566
0.7193382096011192
0.5703962619882077
0.6978208986110985
0.6048281844705343
0.6162999053485692
0.5993384406901896
0.4837733618915081
0.5431766882538795
0.5224075899459422
0.5447890481445938
0.5726538652088493
0.48249501758255064
0.47096632700413465
0.5280476729385555
0.48460906092077494
0.42529733874835074
0.6174705009907484
0.5339460035320371
0.4611970782279968
0.49881808226928115
0.5207453563343734
0.5668382195290178
0.47948690853081644
0.4522860706783831
0.48854072811082006
0.5283218072727323
0.5218188411090523
0.43698553065769374
0.476543924305588
0.4084644636604935
0.47131761792115867
0.39172752387821674
0.49404397793114185
0.41165596689097583
0.4993289797566831
0.42917646118439734
0.40995673183351755
0.41402859846130013
0.37362568313255906
0.40462789591401815
0.46249739290215075
0.4598500048741698
0.44428326771594584
0.40281882463023067
0.29885756061412394
0.46497374679893255
0.4464512576814741
0.35731920250691473
0.38030145154334605
0.5399442641064525
0.4644384703133255
0.3707816540263593
0.38997261691838503
0.36145844240672886
0.38383840559981763
0.4567081870045513
0.4415839482098818
0.566868134541437
0.41098673501983285
0.4405397444497794
0.4882759707979858
0.4818191264057532
0.4738953185733408
0.43054779386147857
0.5265431166626513
0.32073969091288745
0.44125422928482294
0.4517120898235589
0.426178396679461
0.47499774140305817
0.514855537796393
0.37574182567186654
0.45478582801297307
0.4897050268482417
0.4265320908743888
0.40630801883526146
0.45238869136665016
0.40676377387717366
0.4879978836979717
0.44832326588220894
0.4517079647630453
0.5364887868054211
0.3712152438238263
0.46502664452418685
0.47221597167663276
0.4160679569467902
0.4833522194530815
0.41312591859605163
0.34734355728141963
0.3869339443044737
0.3873250106116757
0.3497000550851226
0.3780516944825649
0.34614944527857006
0.3716668493580073
0.367810053168796
0.42234362405724823
0.3850052572088316
0.41860053432174027
0.43372926907613873
0.39616620331071317
0.3062578411772847
0.3627461773576215
0.406175349955447
0.4262009501690045
0.3742042201338336
0.3637181007070467
0.43892088683787733
0.36723381909541786
0.33034309512004256
0.3633016274543479
0.38959531974978745
0.3119479710003361
0.35942140221595764
0.388629786670208
0.27678018086589873
0.29018764628563076
0.3109178993618116
0.3448684719623998
0.2801858613966033
0.3401240622624755
0.2988694151863456
0.28820193698629737
0.3655012135859579
0.3561783062759787
0.35131977999117225
0.2959588930243626
0.41721417428925633
0.35387623764108866
0.2838756375713274
0.34225230594165623
0.37439655023626983
0.4014679586980492
0.3391338622896001
0.4155997803900391
0.4516461412422359
0.4135528003098443
0.270800169208087
0.30592431349214166
0.37609386327676475
0.3381322016939521
0.33273122960235924
0.37438271124847233
0.373883806867525
0.3814889603527263
0.3058234000345692
0.39481839211657643
0.3098424016498029
0.4596830497030169
0.32617434463463724
0.3746900353580713
0.29611880681477487
0.40689056017436087
0.3314175643026829
0.30548369872849435
0.32905097398906946
0.3696304322220385
0.3022216953104362
0.3632581904530525
0.5366149537730962
0.25697105284780264
0.32477673364337534
0.3906096937134862
0.4271841086447239
0.3854623617371544
0.37617162778042257
0.28232669783756137
0.260737678501755
0.3526859903940931
0.3000834967242554
0.31406812416389585
0.28314319741912186
0.2900131295900792
0.3018279039533809
0.3194775393931195
0.26039692747872323
0.3310555163770914
0.37698727508541197
0.22511215833947062
0.292302607675083
0.2841524127870798
0.3619097056798637
0.28512296825647354
0.3069044369040057
0.3175746406195685
0.3619795083068311
0.27507076947949827
0.3651501105632633
0.3101857682922855
0.32154238247312605
0.28445216186810285
0.3497577679809183
0.3196603865362704
0.2235269775846973
0.26330264133866876
0.30866538116242737
0.3339866610476747
0.34137119399383664
0.28732529550325125
0.24322146724443883
0.2706040667835623
0.32026805309578776
0.27183679467998445
0.3925125023815781
0.3566800581756979
0.313236812944524
0.2830349720316008
0.3312945533543825
0.36786952952388674
0.2891428043367341
0.4717578092822805
0.4124799455748871
0.35616601479705423
0.3741415546974167
0.2748281618114561
0.32076719915494323
0.27574231231119484
0.27329163637477905
0.29769221681635827
0.3202493987046182
0.3920297354925424
0.32074654486496
0.3407017367426306
0.35518582921940833
0.31272262369748205
0.26198528020177037
0.3477876087417826
0.29402273206505924
0.3469225176377222
0.30185817345045507
0.3041862305253744
0.3174844797467813
0.3254013095283881
0.33001822663936764
0.35121798841282725
0.22727505874354392
0.26374748221132904
0.35477435297798365
0.2783473829040304
0.3232265142723918
0.28162950900150463
0.40920238057151437
0.2968395536299795
0.37079144653398544
0.282852114061825
0.2944872765801847
0.30182827613316476
0.3749163068132475
0.373717442387715
0.3456602734513581
0.33443918894045055
0.3613194708013907
0.3387458851793781
0.4011269916081801
0.31921043584588915
0.30310289724729955
0.28823481360450387
0.29170151066500694
0.23555818549357355
0.29829545761458576
0.2621099016396329
0.3684049773728475
0.3425753365736455
0.32230945373885334
0.31951373058836907
0.24982981523498893
0.3554173435550183
0.2524931331863627
0.2986737872706726
0.32634846109431237
0.303013373631984
0.32417153869755566
0.24886245385278016
0.3205199824878946
0.3197656406555325
0.3101824370678514
0.30512971174903214
0.3133041930850595
0.29210096411406994
0.2909529081080109
0.34436014690436423
0.3561240561539307
0.2946094514336437
0.2758258326211944
0.3357800580561161
0.3381466686259955
0.3550101718865335
0.3383382259635255
0.23187802720349282
0.3275803114520386
0.23187435552245006
0.34110746800433844
0.30557348555885255
0.2984109075041488
0.31161360058467835
0.2617245663423091
0.43554183503147215
0.34935228945687413
0.39965036138892174
0.29142171586863697
0.3964430068153888
0.3362439408665523
0.31971321359742433
0.2565232908818871
0.27934287767857313
0.28937949787359685
0.32313484349288046
0.3834415770834312
0.3515503406524658
0.41344827122520655
0.26255073689389974
0.32589005562476814
0.4089353303425014
0.3990416332380846
0.3525599776767194
0.3108933038311079
0.2779223844408989
0.3105411039432511
0.3474344037240371
0.32546391256619245
0.2570093517424539
0.29167632502503693
0.2819638760993257
0.23434003232978284
0.24312990042380989
0.30987778515554965
0.2904302964452654
0.377132712979801
0.4280118499882519
0.32653044851031154
0.3468037082348019
0.33577806828543544
0.49466232454869896
0.37456108548212796
0.3508555452572182
0.2532594450749457
0.32564260181970894
0.3912473606178537
0.3228113780496642
0.2699180586496368
0.3319080501096323
0.278811945929192
0.3209727059584111
0.3318783602444455
0.5314139826223254
0.3249631649814546
0.4059169004904106
0.3703610837692395
0.3087785233510658
0.37108345108572394
0.3361241148086265
0.3938305334886536
0.3281184131046757
0.3489664477529004
0.3774455439997837
0.309869940741919
0.46740565774962306
0.2436991810100153
0.29057242249837145
0.5148089720169082
0.2578821509378031
0.3358162664808333
0.3429748583585024
0.34897725796326995
0.3691907791653648
0.24890612484887242
0.2871913786511868
0.339205201016739
0.41492399282287806
0.49488486105110496
0.47929406783077866
0.4014992399606854
0.2781654678983614
0.2500235504703596
0.5462030194466934
0.34593475714791566
0.578280683956109
0.4003308708779514
0.26442044344730675
0.47636754729319364
0.3963399016065523
0.5517843880224973
0.2922145630000159
0.2644449162762612
0.32412405125796795
0.5013855255674571
0.2717223016079515
0.3630822824779898
0.4420961879659444
0.2823193618096411
0.47775829629972577
0.3701216074405238
0.5185472725424916
0.3836711572948843
0.4736163765192032
0.3301131413318217
0.49215457716491073
0.2971180791500956
0.33751335775014013
0.39437392505351454
0.443037502001971
0.36405133199878037
0.3526958058355376
0.45898907829541713
0.23648275714367628
0.2730793412774801
0.4618472644360736
0.5217191478004679
0.4659908461617306
0.381383145111613
0.36921306082513183
0.3652005256153643
0.4553656813222915
0.39871478907298297
0.3718584456946701
0.2949352040886879
0.30431005789432675
0.2835147565929219
0.38720758294221014
0.2811185889877379
0.38807623682077974
0.33008897595573217
0.24112173914909363
0.3466783625772223
0.254438734613359
0.45935558853670955
0.4366164113744162
0.4598362253746018
0.47951365914195776
0.4072241950780153
0.39504026260692626
0.40127506002318114
0.4692181699210778
0.2691261798609048
0.2971597705036402
0.38755679852329195
0.4617308455053717
0.2165315985912457
0.34947355242911726
0.3390436357585713
0.3531869841972366
0.388674616580829
0.3031167380977422
0.38861227326560766
0.44745431339833885
0.22794041375163943
0.3512759383302182
0.49824722367338836
0.38732983253430575
0.3662399231689051
0.45995412359479815
0.31502971739973873
0.2691020225174725
0.4404399904888123
0.36796460894402117
0.3111839654156938
0.30584459437523037
0.26344093831721693
0.2936018346808851
0.41458851797506213
0.39626907045021653
0.28809042426291853
0.31254444795195013
0.2921787847299129
0.3404954147990793
0.5206986297853291
0.2633097812649794
0.30292070150608197
0.31257066153921187
0.4089820758672431
0.22725517518119887
0.40036630164831877
0.4229294714750722
0.3066902629798278
0.35668304678983986
0.3781199217773974
0.29868795594666153
0.40966239239787683
0.4150059219682589
0.33082378073595464
0.29096855223178864
0.4743492876878008
0.2527637544553727
0.29773335676873103
0.36252972506918013
0.38479991198983043
0.24018799979239702
0.3063342819805257
0.22035822831094265
0.32983749092090875
0.34588357515167445
0.46504108305089176
0.326311185315717
0.29875382559839636
0.2875948760774918
0.2790558548294939
0.22120306635042652
0.32781962445005774
0.3493151889415458
0.3082824111916125
0.27622230746783316
0.1777666345005855
0.2838054235326126
0.28415027796290815
0.4633504473604262
0.3107749766204506
0.27077796298544854
0.3098092412110418
0.392530674347654
0.3338534792419523
0.27499461465049535
0.421648919233121
0.2655336457537487
0.27917084470391273
0.30337837210390717
0.38959714490920305
0.23187556897755712
0.33153824898181483
0.3430442732060328
0.28395483177155256
0.36439809179864824
0.3550982151646167
0.34487577551044524
0.3785294417757541
0.3178965544211678
0.30357748648384586
0.2850199774838984
0.2826758837327361
0.21874083613511175
0.4250608599977568
0.4565000765142031
0.23503377026645467
0.38008652080316097
0.41241895069833845
0.3812477739993483
0.3032198656583205
0.39335358899552375
0.3244474880048074
0.40839127299841493
0.32830622768960893
0.2983193687396124
0.4284759326837957
0.2408514873823151
0.28311668150126934
0.43569124140776694
0.402914936770685
0.33115967886988074
0.2993843523436226
0.3267717701382935
0.3013352882117033
0.4308349579805508
0.3241048007039353
0.36262376385275275
0.3388455481035635
0.40775462961755693
0.4671377365011722
0.38487228914164007
0.40307843673508614
0.4003834422910586
0.24564223107881844
0.276803916785866
0.3060439995024353
0.32780407066456974
0.5584119311533868
0.3384329029941
0.5586279220879078
0.45249371125828475
0.43943734862841666
0.3258350562537089
0.4398060729727149
0.35135356651153415
0.4794019280234352
0.4726002289680764
0.2946904085110873
0.40206360968295485
0.3380843928316608
0.3361986819654703
0.3080159485107288
0.34316928987391293
0.48109494405798614
0.6040990989422426
0.3358062964398414
0.3620805732207373
0.46125618647783995
0.30065230652689934
0.3623212523525581
0.4127160155912861
0.39275531645398587
0.6200393390608951
0.46536719135474414
0.2841505357064307
0.3997022716794163
0.38766824710182846
0.39531623327638954
0.38381346326787025
0.3690602849237621
0.2751740689855069
0.41650373861193657
0.25961185281630605
0.3170455122599378
0.29986510949674994
0.4238845077343285
0.24841272574849427
0.2733031860552728
0.2756308922544122
0.33829868061002344
0.28235812578350306
0.27581973595079035
0.38894693390466273
0.5443919311510399
0.29498182563111186
0.445757775218226
0.327163273235783
0.4675640896894038
0.33090175106190145
0.33533880684990436
0.326858333311975
0.3270589596359059
0.39164714177604765
0.31852976768277586
0.2532209084602073
0.3740379778901115
0.4478872996987775
0.5296028528828174
0.29665290110278875
0.3516874121269211
0.4056804282590747
0.3968819899018854
0.1786491108359769
0.34994323790306225
0.3515771114034578
0.30911523959366605
0.33503805665532127
0.3756238614441827
0.2476762092555873
0.2899180661770515
0.29760656820144504
0.2938432460068725
0.3553772463928908
0.21665715688141063
0.281317267275881
0.27387631114106625
0.34110332909040153
0.3061039744061418
0.4135967299807817
0.37546327739255503
0.25744134723208845
0.30660194624215364
0.37187785311834887
0.4129104480962269
0.3049970696447417
0.21735402336344123
0.36822128971107304
0.25368115439778194
0.3183918845606968
0.30776304309256375
0.28370594303123653
0.23747314466163516
0.4041887503117323
0.35276866710046306
0.42256491945590824
0.4002720441785641
0.44376942072995007
0.3375169120845385
0.2764794648392126
0.43236976105254143
0.4898505541495979
0.41003097011707723
0.4017741048592143
0.33862799231428653
0.3552815328584984
0.27318816038314253
0.2977378045907244
0.2764466501539573
0.3770055948989466
0.2631440153927542
0.41203960560960695
0.23563920118613169
0.2557059418177232
0.4289406141615473
0.3071362058399245
0.37362067052163184
0.41291139379609376
0.3175861962954514
0.25434464670252055
0.4903420358314179
0.2492803973145783
0.32629296666709706
0.271385321742855
0.3481968224514276
0.346009868895635
0.2522649253369309
0.20457744621671736
0.29821280343458056
0.2833659492316656
0.4011095977621153
0.4398619896383025
0.21844677085755393
0.2859720716951415
0.31923899485263973
0.35003282863181084
0.29720474971691146
0.28717318997951224
0.26692226564045995
0.25643675308674574
0.3482991111231968
0.32208556903060526
0.3086710377247073
0.31562389340251684
0.37948192906333134
0.1938216125126928
0.34687461314024404
0.33602866710862145
0.18920332723064348
0.3726764582679607
0.23052221618127078
0.35990291397320107
0.21256460866425186
0.24118187377462164
0.42134063941193745
0.2312622893950902
0.33028916810872033
0.37455546006094664
0.3235889368224889
0.32428884744876996
0.2528670322499238
0.36290459852898493
0.26626273966394365
0.29430476191919297
0.2325213513104245
0.30810457543702796
0.24290390667738393
0.2746012423885986
0.38711831672117114
0.2502752427244559
0.24816456041298807
0.33375113003421575
0.19274338416289538
0.3434770993189886
0.27272279921453446
0.30114068096736446
0.43971396738197654
0.3522808325942606
0.3035064385039732
0.2677475849050097
0.22284281183965504
0.30087260337313637
0.2938401997089386
0.28101511986460537
0.27653130830731243
0.542542471550405
0.29878355364780873
0.4008840168826282
0.37137094186618924
0.2794339903630316
0.4198959398781881
0.36830818408634514
0.2991249911719933
0.33429216500371695
0.2607323031988926
0.28928124567028135
0.333796420134604
0.3828644009772688
0.24848671833751723
0.337586329667829
0.3770296829752624
0.29349871212616563
0.3213946506730281
0.25763248780276626
0.18594302365090698
0.37079753121361136
0.2794650836731307
0.36795822833664715
0.2621606725733727
0.3309372073272243
0.3192871429491788
0.3843177994713187
0.38801445451099426
0.1981643510516733
0.39547939895419404
0.32379455771297216
0.2363518150523305
0.2816046182415448
0.3413953493582085
0.25566767662530765
0.27946397580672055
0.38920744362985715
0.34893170854775235
0.3022793050040491
0.1737819888512604
0.440509534382727
0.26328941248357296
0.3046175172785297
0.3323500738479197
0.1924449825892225
0.15246184822171926
0.22820280375890434
0.23614953737705946
0.2397870346903801
0.4249273098539561
0.24604630534304306
0.3021757420501672
0.2940641661407426
0.29672847245819867
0.48650679911952466
0.3689112587017007
0.168712908111047
0.22555924206972122
0.3468317848746665
0.36824268306372687
0.37109251972287893
0.19648526044329628
0.30832057615043595
0.20185839745681733
0.2848232648684643
0.22456478653475642
0.28568787779659033
0.2045756574952975
0.28198856371454895
0.4143830392276868
0.23171072581317276
0.2806150474352762
0.32019466802012175
0.29616335802711546
0.2869580396800302
0.3112839459790848
0.38586691569071263
0.1303985698032193
0.2505518482066691
0.2480438114143908
0.3509677728288807
0.26055376359727234
0.2511437999201007
0.24686890910379589
0.21104775089770555
0.20339799398789182
0.284098117321264
0.3502148220431991
0.24685534334275872
0.27812656213063747
0.2102959121693857
0.3212978420779109
0.17655717680463567
0.2628182672779076
0.3019084386760369
0.44033836759626865
0.2777339647291228
0.2715898100868799
0.2151493329438381
0.20364650036208332
0.3568755225278437
0.23821711156051606
0.21750434947898611
0.27770520333433524
0.2359476995188743
0.2929919913876802
0.22440611361525953
0.2645007991231978
0.34687702113296837
0.22275285655632615
0.303647511464078
0.28782290557865053
0.2582967948401347
0.3587309441063553
0.2085640145232901
0.24918155203340575
0.24776740284869447
0.21848608768777922
0.3227143772528507
0.2656662578228861
0.20163174427580088
0.16982674488099292
0.3005385927390307
0.32842866523424163
0.2002283819601871
0.2514999197446741
0.3336308389552869
0.14070361806079745
0.23690728191286325
0.18647184217115864
0.1858101068646647
0.31533747009234503
0.3969061685493216
0.21167311392491683
0.27134936972288415
0.39328989054774866
0.16646627406589687
0.3258261866867542
0.23806197027442977
0.23683541466016322
0.3698709320742637
0.3098130404832773
0.22936715284595266
0.4212105770711787
0.2405041453312151
0.3419039861182682
0.24083754856837913
0.23170024220598862
0.24554310512030497
0.2865142259397544
0.2181158644380048
0.17636911320732906
0.3483921494334936
0.18460123531986028
0.4075682780239731
0.2064522563596256
0.1875988871906884
0.29196966119343415
0.2081727163749747
0.4452617893111892
0.3604902002844028
0.3870950440177694
0.3417118628276512
0.21606992761371657
0.23565484705613926
0.18960517627419904
0.33505218592472374
0.3638181228307076
0.29754961968865246
0.4102839151164517
0.2382044445257634
0.2170319259748794
0.24230805988190696
0.3021943290368654
0.27432879782281816
0.22250438871560618
0.39123426435980946
0.24189056741306558
0.26697486254852265
0.3356326732900925
0.23286754498258233
0.4485128384549171
0.27918345970101655
0.2786628161557019
0.35881701024482027
0.2581395065644756
0.26823543739737943
0.15417452697874978
0.30275010963669047
0.28737002052366734
0.26079236122313887
0.3864074505981989
0.24776985467178747
0.20379333931487054
0.17226102855056524
0.39818032493349165
0.22919549403013662
0.2922671968699433
0.21498397924005985
0.33183115255087614
0.2722822451614775
0.3095329663483426
0.18364255590131506
0.17952910956228152
0.27600972016807646
0.35140530578792095
0.2949837528867647
0.21375124948099256
0.2483936669304967
0.3025951313902624
0.2407950380584225
0.28602206299547106
0.18559928191825747
0.30483341682702303
0.2135521830059588
0.24560963263502344
0.22539298876654357
0.30912854720372707
0.2223537396057509
0.21245242439908907
0.20286899479106069
0.1696860954980366
0.2469368366873823
0.2936228752369061
0.3264799523749389
0.2618622769950889
0.31041922920849174
0.19591086031869054
0.2763511163648218
0.32392953953240067
0.28925757814431563
0.2786590110627003
0.1778871487476863
0.21214014326687902
0.25617780670290813
0.2533745191176422
0.20343593996949494
0.22901862720027566
0.3584969654912129
0.27216888550901785
0.31696890137391165
0.35575374215841293
0.35919775028014556
0.209452859882731
0.18169542314717546
0.2088132206699811
0.31228778592776507
0.2040347796282731
0.38796703529078513
0.3056049759616144
0.26800940971588716
0.24425474047893658
0.18086975533515215
0.36501138482708484
0.2043120582238771
0.18457792996196076
0.19429410732118413
0.26496210700133815
0.2737698963028379
0.23694419011007994
0.2707424879190512
0.3379611818236299
0.2175844141165726
0.25780859839869663
0.16976575431181118
0.23123714950634167
0.13947465154342353
0.2082184986793436
0.21277081791777164
0.24427344964351505
0.21307471161708236
0.29551209561759606
0.17688143387204036
0.2384580439538695
0.22973101190291345
0.252633074647747
0.1429276149137877
0.2827178880106658
0.31381646607769653
0.35370356764178723
0.18323130550561473
0.35247574880486354
0.2585172702674754
0.16708724229829386
0.23616047610994428
0.33068955142516643
0.25977552391123027
0.21716046635992825
0.2405969633255154
0.2199529861100018
0.200006642320659
0.2761873606941663
0.2213870516861789
0.31173433968797326
0.18186700611840934
0.3274793606251478
0.3211156938341446
0.21095383918145671
0.24380497285164893
0.22363271500216797
0.3256175899878144
0.3779275771230459
0.3105757408775389
0.23616730642970651
0.25724565266864374
0.2163153511355631
0.3896380626829341
0.3730017823399976
0.2447241250774823
0.2682275692350231
0.28338840848300606
0.2865058639436029
0.27352429210441187
0.34563873818842694
0.2574890882242471
0.2275392478914
0.25167002354282886
0.23589626024477184
0.25260628457181156
0.21453355572884902
0.45909134205430746
0.1895587255130522
0.2021221278118901
0.35113080934388563
0.24790313781704754
0.3828807946993038
0.4176042272010818
0.3308926698518917
0.3799100930336863
0.4304646653472446
0.4062833883217536
0.35766425519250333
0.389451393741183
0.29545962577685714
0.2821370753226802
0.31723184074508026
0.3759624594822526
0.3988591526867822
0.27073973178630695
0.4170549444970675
0.27855792216723785
0.2674928644555621
0.2506291490281001
0.2672708403551951
0.435005659237504
0.1760017269407399
0.23091004375601187
0.4201066750101745
0.27212813263759017
0.3309986712411046
0.229631518071983
0.37096146401017904
0.2786622777348384
0.2163484549964778
0.2826919126091525
0.2693885655608028
0.2982160461251624
0.25971717038191855
0.3247560575255193
0.3353754444979131
0.2774607928004116
0.4027912699384615
0.37404237064765766
0.3584245996316895
0.19779345247661695
0.3132188795134425
0.21957432734780014
0.3647259378922172
0.29978247970575467
0.3152485428727232
0.2397943030227907
0.4157229760312475
0.2793519835686311
0.2522770795621909
0.2544313867110759
0.2609240807942115
0.4012103403219953
0.3190537253394723
0.22756904643028975
0.23040256218519062
0.2846421514987014
0.2827179677551612
0.3314330308348872
0.3033297748188488
0.33650007867254317
0.15497742785373703
0.22410109813790768
0.23149356408976018
0.23937043570913374
0.2270487120258622
0.20793055061949417
0.24399441096466035
0.3450555781600997
0.33677757292753085
0.2027972480864264
0.36039797333069146
0.27848898380761966
0.3664220933569595
0.2028565246728249
0.2816019202582538
0.23519181803567335
0.24589534476399422
0.1973976378212683
0.26205162901896983
0.34909484966192394
0.314391840074677
0.27150141214951873
0.3295922538964078
0.20360508374869823
0.2535815722658299
0.24374732351861894
0.15766742639243603
0.22491751486086287
0.3484015440335497
0.1846601584693417
0.4399439734406769
0.2238860570359975
0.2610789496684447
0.18475189409218729
0.20332948432769626
0.15936546598095447
0.17543225130066276
0.2702273813774809
0.3369607122731395
0.16967633849708363
0.18321919249137864
0.2122318870970048
0.1511297804536298
0.2699802322895266
0.35738443199079484
0.21253726299619302
0.2729768009739928
0.23993278131820261
0.4244472060818225
0.18086661963025108
0.27054508175933734
0.18318217596970499
0.26573890243889764
0.27788086637156084
0.19966116483556107
0.1289716852188576
0.18183399172266945
0.23081517271930352
0.24104337085736915
0.19340924944845028
0.19936538737965748
0.188475459581241
0.20131354534532875
0.26146524300565943
0.24747307319194078
0.29567173949908465
0.22425190138164908
0.20308048150036484
0.22040752531029284
0.301666843239218
0.2792651290365029
0.2546039237640798
0.23568903730483726
0.24403182131936774
0.2889061676687561
0.33618906658375636
0.21030935394810513
0.3172592555056326
0.26218550524208695
0.41228412807686254
0.20743429160211235
0.20459871913772076
0.21932559739798307
0.19612541334936395
0.15577528398716822
0.27134487591683865
0.18027150817215443
0.30135001649614424
0.24917840852867812
0.25281557481503114
0.23501358018256724
0.30041058495407924
0.2314883569488302
0.20260293781757355
0.3743283823132515
0.2887570951716043
0.2819793837261386
0.3068689361680299
0.28050639148568735
0.45081021840451285
0.29985471843974665
0.27292898180894554
0.35663781862240285
0.2792466834653169
0.21381029597250745
0.327182054228615
0.21520145412068814
0.30730927450349554
0.29353576665744185
0.2515289316070266
0.34756605874281377
0.43857253820169717
0.2501728919451125
0.3362739744479768
0.21417503932025284
0.2555359006510116
0.2510044844239019
0.23855805082712322
0.25622721924446523
0.37425781320780516
0.30057685513747856
0.3997808787971735
0.264394540397916
0.2823695028782822
0.4842404042137787
0.1512360370834358
0.3047592234215699
0.3016705486224964
0.25407926831394434
0.1682280873064883
0.3172949285944924
0.21545277250697836
0.21928861900232732
0.34978286089608446
0.3205207042628899
0.24692964740097523
0.2830087483744137
0.24345952906878665
0.16651057492708787
0.19486276467796415
0.3153918028110638
0.2620868619414978
0.3365308066131547
0.31751616747351363
0.22347902064211667
0.3978140333201736
0.2710211249650456
0.22354177688248456
0.19615187594899908
0.23780226620147005
0.2721412326209247
0.3073815053794533
0.27608300239080563
0.17982890404528007
0.20203447819221765
0.3648105652537197
0.27717644500080496
0.24186215724330395
0.24809835478663445
0.28848268021829426
0.3690987876034342
0.26244925701757893
0.2511624692706391
0.23776026419363916
0.3245906406082213
0.339891521143727
0.16140574915334582
0.3065676631522365
0.19510737026575953
0.2986015518545173
0.4261927284533158
0.24867611948866397
0.11807510314974934
0.2999680293141864
0.22575427655829117
0.24585611192742363
0.29231318924576044
0.31816178909502923
0.22711827559396625
0.1679450309020467
0.18856520543340594
0.26090806460706517
0.23041221487801522
0.22172140807379037
0.2855386168230325
0.45597249740967527
0.23593214474385604
0.17460138234309852
0.1747624179115519
0.2217238546581939
0.2512426321627572
0.20182707358617336
0.3810027407016605
0.1703419888508506
0.23070521507179365
0.23151230439543724
0.2180507339653559
0.4296546794939786
0.16456457978347316
0.14992388896644115
0.20091430068714544
0.3101902388734743
0.35206136002670974
0.21073049225378782
0.21482544986065477
0.3836806537001394
0.22653626778628677
0.204678459034767
0.271501898241695
0.197677442105487
0.1940769567154348
0.16353543382138014
0.1832933995174244
0.21115298487711698
0.2057607141614426
0.23103643173817545
0.16260543680982664
0.16461700364015996
0.21170913573587313
0.21080377441830933
0.2079180064611137
0.17705718794604763
0.21185992989921942
0.34760236117290333
0.19352821522625163
0.1507827941677533
0.26250803808216006
0.17053279659012333
0.21150360914180055
0.19981833937345073
0.26800753094721586
0.191946875595022
0.22824473265791312
0.2647406132891774
0.26945515495026484
0.2753203962929547
0.2370913682389073
0.3003498680773191
0.3759202549699694
0.23756147566018626
0.26497181528247893
0.2935477475402877
0.13310845679370686
0.2743028098484501
0.15193276689387858
0.36236018128693104
0.21094856812851503
0.3478586312266998
0.31512496614595875
0.23849306654301472
0.36840824695536867
0.3252953907940537
0.23049132688902318
0.20186742796795443
0.2944743878906593
0.23242448695236817
0.21504346054280177
0.26373945112572983
0.2587305929046124
0.225208051095251
0.2084900425397791
0.19018277974100783
0.25511970062507316
0.23338868253631517
0.2301048248191364
0.2567743363324553
0.3386709271580912
0.3031693455995992
0.2892742034746334
0.22308510687435046
0.3300666000577621
0.34177826333325356
0.2832272097002715
0.26335337111959234
0.3064942044438794
0.26672863378189504
0.18602820875821635
0.1924546961672604
0.28622999641811475
0.299589620786719
0.29514715232653543
0.26366334076737985
0.28783541679149494
0.30697118036914617
0.34268649527803063
0.23942486918531358
0.2949691192479804
0.22658745665103197
0.270129103155341
0.25785832497058436
0.24261100572766736
0.31500239187153056
0.30838128010509536
0.2361124093295075
0.247975621256046
0.25416051340289414
0.20525731495581567
0.28234141354914755
0.22326550027355552
0.1830880452762358
0.2669296328094788
0.1815675827092491
0.2807113135349937
0.1765271676122211
0.16620403493288904
0.21764036023523659
0.28324224811512977
0.41494210361270234
0.33351545548066497
0.19765272142831236
0.31416630023159087
0.36660955334082246
0.2786558005027473
0.2471964121214114
0.2876226182561368
0.27084561431547627
0.22942951222648844
0.3566438843263313
0.2041859219316393
0.15374189760768786
0.20606411196058616
0.21178055391646922
0.22226445842534304
0.20780514349462464
0.1978578994749114
0.23251788079505786
0.24509960832074285
0.28183759504463524
0.24698217498371378
0.24907472939230502
0.3875775308115408
0.2251201915787533
0.2577714911894873
0.2354289799113758
0.24189078994095325
0.17901506670750678
0.38814649858977646
0.25044062320375815
0.3615990955149755
0.2667850835714489
0.22152579593239352
0.2199035789235495
0.2841722214361653
0.26016057131346315
0.22590961068635806
0.26716112735448405
0.30018124188063666
0.2897809066926129
0.20349541527684778
0.3396381554193795
0.23013549984898418
0.20356057590106502
0.26013618730939925
0.2987214842578396
0.2359591070562601
0.3798729712725617
0.2642694696551189
0.21624391298973933
0.22509044589241967
0.3327688879217021
0.3345287658739835
0.4090268454165198
0.25268943334231153
0.1908216961310245
0.2932230337173678
0.21186700026737526
0.2829688339843415
0.3637534109293483
0.4352988173486665
0.2530054946546443
0.2148904245113954
0.17136703425785527
0.2720767121645622
0.20995238894829527
0.27085023489780724
0.4230008917511441
0.2099103888613172
0.37021937768440694
0.2022726062568836
0.2962758001522161
0.27946665458148345
0.33208784903399646
0.1901644097524695
0.2536409869790077
0.3207251259009354
0.29277192731387913
0.3076665753615089
0.2898423427250236
0.2595992821152322
0.48380754818208516
0.36358448438113555
0.40502324694534764
0.40473974618362263
0.3792282305075787
0.23836626735283062
0.24225655774353072
0.2861885650199838
0.37482858885778114
0.290862760390155
0.358161834301427
0.4373687501065433
0.27702119044261053
0.20226082589942962
0.2779551861458458
0.27320906397653744
0.21683591639157385
0.23722629761323333
0.25776055263122544
0.44499884481774643
0.35558355535613373
0.27044297248357907
0.28429246647283435
0.291510469163768
0.26344255986623466
0.22566036082571372
0.3645409138989635
0.4047666758997366
0.22910053801024333
0.3010640235734172
0.2711047572083771
0.2785229262080975
0.21216637693578377
0.397060206043534
0.41693747614044696
0.27586255210917443
0.27745374565711245
0.23549551336327568
0.25832897817599587
0.22474746528314427
0.26803389337146655
0.2256185226724483
0.3208622698439285
0.18179353087907657
0.5001385681680404
0.26804213755531237
0.34233868797309697
0.19966238271445036
0.19227103929733858
0.22093423997284845
0.25174896558746696
0.19868317508371547
0.23061404010513797
0.22311192646156996
0.38785683194873855
0.2366084703244269
0.24326153728179634
0.35918266914086416
0.2322562898043543
0.3127901155385189
0.3348538455320522
0.27729313273448497
0.268364749616012
0.2479188221041113
0.3009171186713502
0.32126756478101015
0.2753582789446227
0.27268055750755593
0.31105525634484366
0.18619183386908844
0.22652381169609725
0.1732979741645977
0.32282747991848737
0.21748029871378094
0.2592035232228227
0.2543902253964916
0.19961480164784007
0.20648815261665732
0.2968525407486595
0.242710878723301
0.26782356441253796
0.2184966640197672
0.27653281413950026
0.20920032868161798
0.2223906004219316
0.16034178441623226
0.2955739828757942
0.23702892346773297
0.21373398642754182
0.19111041794531047
0.26202867925167084
0.2997259015101008
0.2546296957298182
0.20733729901257902
0.10905834991717711
0.2450727509567514
0.18383809132501483
0.1952425974595826
0.16908497066469863
0.22940630203811452
0.16009816067526117
0.29399105883203447
0.273363076208625
0.33346311026252806
0.26841428241459653
0.29169140150770545
0.1927735858480446
0.35798859572969377
0.2559714097296819
0.24567933735670522
0.19481124531012028
0.20767894142773002
0.1887795369257219
0.1656093315104954
0.2474418985657394
0.22381353232776746
0.21407771343365312
0.4068062879377976
0.2334812303306535
0.31142990553053096
0.2589718743111007
0.23755444504786283
0.19471800012979656
0.2174426044221036
0.2629911209223792
0.1585460397764109
0.24061898107174784
0.22368492174427956
0.1969753778539598
0.21961208671564236
0.19546731695299968
0.2067794535541907
0.2525329938507639
0.23330575798172504
0.17919020558474585
0.20645464345579967
0.2333178705885075
0.1748473338666372
0.20913842302979901
0.2964929698500782
0.22902433219132945
0.2839563673478551
0.32167461595963687
0.18481037998571992
0.1809241436130833
0.18313940556254238
0.15936771588167176
0.17729943216545507
0.3636387308361009
0.21073522718506865
0.2033122656866908
0.20448233568458818
0.3107100473716855
0.20263541239546612
0.20971358893439174
0.12301869061775506
0.2314843155327253
0.19362053321674466
0.19813199387863278
0.17679790063994005
0.18347573062055744
0.1603676652885042
0.16817128949332982
0.161926225759089
0.25092683493858203
0.14226393608259968
0.17980205913772807
0.15346002919250168
0.1849512096378021
0.16726833052234724
0.1893966273055412
0.20931418938562274
0.22364672139519826
0.22226959624094889
0.1531922519498039
0.18127326341345906
0.21790630783652887
0.21477256558137015
0.16669149446533993
0.2264437056146562
0.17538597201928496
0.1910844139638357
0.20332417672034353
0.198802700615488
0.1765849543735385
0.21753120690118521
0.23592286434723064
0.20548394467914477
0.19614801660645753
0.2726334005710669
0.22284795279847458
0.1982414802769199
0.2434112891787663
0.22823772439733148
0.2651325062615797
0.190004990901798
0.21494414668995887
0.2728598586982116
0.26565129827940837
0.26382515084696934
0.2571323396405205
0.3500780127942562
0.17667417123448104
0.34729857341153547
0.2097953728516586
0.24846064794110134
0.1937693907530047
0.2198463553795591
0.26564141392009333
0.21461069455835968
0.17418523778906092
0.24047233950113878
0.16019960353150964
0.14780989050632343
0.13912192068528384
0.20538377558114007
0.2246123583172448
0.18719166226219386
0.15259033153415658
0.22607688064454123
0.2634382225223817
0.20675568497972563
0.27655482391128317
0.17115247272886336
0.25871125899720937
0.22725226019974798
0.19160330260638148
0.2284468489815481
0.20562778413295746
0.24588075320934877
0.24257682031020522
0.19057713740039617
0.22608140454394743
0.2481796522042714
0.3070082541089505
0.21129587950417772
0.2944389701006003
0.21239748899824917
0.2663070830167271
0.21456226898590103
0.2666060635820031
0.23052745929453522
0.18894196866312996
0.14538557693595067
0.15858295414363965
0.25112917460501194
0.1615621593373362
0.2321688788360916
0.2586670046148356
0.1739386090193875
0.17349833992193453
0.27117438486311585
0.32579499640269205
0.30979757342720404
0.39067441096995026
0.29583136417204514
0.27325566014042124
0.19955385039793327
0.24492699385154992
0.18256241496419534
0.2970021326909773
0.19001970771932974
0.2258555878070183
0.15812554067815654
0.17000252357684076
0.18195340182865039
0.30456412729108706
0.18316717084962875
0.28708919789642096
0.25522362266201526
0.1755857613752596
0.2618580917478539
0.2746842590277083
0.23591533515718766
0.3111643039737828
0.24120223429054022
0.18297783320304006
0.17312173458049074
0.24027589353499934
0.1362138342228718
0.23505626729456708
0.13827951226267032
0.21216883114539087
0.2122317740577273
0.22358716669259593
0.37487892055651173
0.22659656617906876
0.17860332736745477
0.1798627758398652
0.2256076568737626
0.2434864760725759
0.3053875959594734
0.2797700520022772
0.29210888236411847
0.17493919644039124
0.22272093110950664
0.16605440061539412
0.17555770828039385
0.19359199202153832
0.1770938440458849
0.2524029844789766
0.193794005055679
0.1518262448371388
0.16812421567738056
0.1990574924275279
0.3156139755155891
0.22222696372773498
0.2631199052557349
0.2773525498341769
0.19220800226321444
0.18589993857312948
0.1583068158943206
0.19539444334805012
0.27499621792230755
0.19713621423579752
0.28886066513950936
0.1720995242940262
0.1940306753385812
0.22364698315504938
0.1892295231227763
0.21434686024440452
0.19037808396387845
0.16700316785136238
0.1373387937201187
0.19383019692031667
0.18244308012071997
0.1268502387101762
0.1371575774392113
0.19509250068222173
0.18214924063067883
0.19612398781464435
0.20135103905340657
0.21847295670886524
0.21928035476594232
0.23211784590967
0.2894044706772547
0.19853842485463247
0.20551817823434249
0.2062348815088626
0.22544059104984626
0.18910319134010933
0.13983594125602394
0.24151294250623323
0.23252582718851045
0.23469138477230445
0.17003963515162468
0.1768983691581525
0.1937049087136984
0.2092636757879518
0.2134489842574112
0.26978470670292154
0.20365467522060499
0.14000946981832385
0.14871495674015023
0.26311280130175874
0.22519385325722396
0.1699329477851279
0.20639309735270217
0.27420220396015793
0.17415137338684872
0.18293240870116279
0.22270117548760027
0.20540291134966537
0.17182537165354006
0.1692437435267493
0.2646239780005999
0.1361395368585363
0.18525986367603764
0.17805134685477242
0.14951547465170734
0.14658217050600797
0.22771526791621
0.21437932865228504
0.15091545667382888
0.2162106084288098
0.15625658497447148
0.17779853468528017
0.22901054585236125
0.13827877049334347
0.17522974911844358
0.19854104815749452
0.16744341448065825
0.18496712401974946
0.28315493295667693
0.1915709723252803
0.15676636446733028
0.14582156704273075
0.23126561980461702
0.21188203754718415
0.17401941842399538
0.1699091115151532
0.1291533030453138
0.16310063377022743
0.20135774509981275
0.1510965918423608
0.13931919110473245
0.18828783428762108
0.2502045476285275
0.22427513721049763
0.19422294828109443
0.16899452899815515
0.19370263570453972
0.17099366811453365
0.17299258027924225
0.16225738369394094
0.20803079713368788
0.21833461918868124
0.18264812789857388
0.21081257483456284
0.19746930140536278
0.24269169545732439
0.29188866674667224
0.1680308855138719
0.1959227190236561
0.1812311871908605
0.2266274204594083
0.2397917599300854
0.1658751608338207
0.18297981465002522
0.1874541591387242
0.1811478977324441
0.2097784198122099
0.17038872581906617
0.21683924342505634
0.18409778358181939
0.2644507703371346
0.2176893736468628
0.2232508152956143
0.18054008588660508
0.22558202082291245
0.2255811120267026
0.1674285011831671
0.28490981203503907
0.2304670891026035
0.20301567012211308
0.15170928329462186
0.26597328804200515
0.1509980705450289
0.22898609726689756
0.21126172924414277
0.19608111208071932
0.17176971986191347
0.21866805630270392
0.19040411745663732
0.15587889408925548
0.23662633291678503
0.2258995693991892
0.1927081270259805
0.19363396905828267
0.20291094365529716
0.2825258848024532
0.23795922816498205
0.12656569591490552
0.21123180200811476
0.19694000796880573
0.2040148483356461
0.25131458626128733
0.25167779432376847
0.21038666093954816
0.18499666766729206
0.23774415242951363
0.3109752634773031
0.20250063040293753
0.16753347823396325
0.18908103922149166
0.14907944505102932
0.21458361542318016
0.1356958282412961
0.22364257322624326
0.17684311739867553
0.27045462490059435
0.22300255723530427
0.23782955174101517
0.15561849501682445
0.2561792589840479
0.21845433913404122
0.18352600204525515
0.17335544130764902
0.2131114219664596
0.2434552941704169
0.2872829812695272
0.21389312628889456
0.23982602986507118
0.14505402953363955
0.18723418458830565
0.22167223223368637
0.22068995650624856
0.21185647475067526
0.2393383591552265
0.22442947258241475
0.22711354692000896
0.1947866145055741
0.3127987956395373
0.22191929002292454
0.3277552114450373
0.14972088835202157
0.20911435940070078
0.21313096879748628
0.16222020995337516
0.21300100488588214
0.13596429349854589
0.21015615959186107
0.14071195421274751
0.2276838639518246
0.28481514629675075
0.2737022609799169
0.2576737118070014
0.16936560469912365
0.23938582485425286
0.20329377439338714
0.24123470016638748
0.1857192218885757
0.31292481312993914
0.20720203191740438
0.20711016363929957
0.18502944963984191
0.12405839905841276
0.175320869195275
0.21550490544177592
0.18888799409614876
0.17103184602456167
0.17791851627407596
0.1609090581187047
0.23487360443687066
0.17296746995998546
0.35326996573712677
0.20653224445413798
0.21575435681734234
0.16062235919525847
0.17549312283517793
0.14066928648389876
0.1495193665032275
0.2056942424387671
0.3557580783381127
0.20439590979367495
0.25268504925770685
0.21157621208112687
0.25936633645324036
0.2425917675718665
0.20963109919102862
0.17909274360863492
0.2922628299565986
0.27851504884893075
0.23170887085143477
0.15325615409528837
0.22786809829995036
0.2857139536063187
0.21949446672806516
0.2557403127430007
0.20254015014506876
0.33378209051443264
0.17321896355133504
0.2157988731050864
0.2036150203202851
0.2612577746331226
0.14137900958303362
0.2397393019637093
0.18806353880790994
0.19142897223355249
0.17648042947985232
0.2093632182222791
0.20855324433068745
0.2276741461828351
0.2572224020259455
0.17476529051782563
0.24804929661331698
0.23713505145860836
0.3294246076256968
0.20848842247505672
0.2802607651683502
0.2329590077570174
0.17522580898366868
0.2242978170979768
0.17135844135191292
0.16574464159202762
0.22135779785457999
0.19745849259197712
0.26136993226828054
0.23216909705661237
0.19720633202814497
0.20997504924889654
0.3240906926221214
0.2639071626472287
0.147658257978037
0.24177922948729247
0.19029657857026905
0.2717995672719553
0.32624970603501424
0.31828617135761306
0.28872759110527113
0.2530243614455685
0.2539544750470668
0.2329505161033012
0.23665440821787342
0.30593387078261003
0.23029448348097503
0.31005877163261175
0.20938069059047848
0.2513754903920926
0.23639956006081775
0.1789346265140921
0.19954337080707774
0.22764431789983064
0.16880692029371858
0.13453055155696347
0.1957030976191163
0.23486860806588084
0.24054542265366763
0.2097113014315255
0.24930661678081378
0.30331680516246706
0.2415877932216972
0.29003725334769115
0.22789912833832204
0.20231746562058106
0.22233869903720915
0.1765058461460285
0.20444616355234757
0.1470303101814352
0.1934591424651444
0.26193683507153764
0.12994420831091702
0.17332929390249774
0.24909935193136334
0.16973233333555982
0.1496060696663335
0.22120273840846494
0.21300046500982717
0.18572124937782064
0.19756856508320197
0.18117650217027403
0.18027621792862192
0.3304635921958834
0.31155359582044184
0.29434719984419644
0.18616559321526438
0.24904233461711556
0.4043021548422985
0.4246862808940932
0.1743324662093073
0.25828040461055934
0.22928916098317131
0.19471913005691022
0.21137555042514578
0.2284927739528939
0.23228871857281774
0.20360473936307244
0.18210458959219977
0.26232028839876875
0.3192270526778884
0.21215983829461038
0.23958527838112786
0.2170422476483509
0.2630669141653925
0.1817212222958915
0.26156000298215076
0.19259880995377898
0.25004305777838454
0.17309819743968546
0.23468581994529814
0.2187358639203012
0.21646024496294558
0.24828695837641135
0.1591650813643355
0.23644096811767668
0.17830967827467248
0.20448752416996285
0.17854893143521622
0.17243120667990297
0.18449102505110204
0.26127248478587717
0.1663750769221224
0.2049940696451813
0.149690612743143
0.18209869068232365
0.2688991678878665
0.21759340865537524
0.18534535996150225
0.30933607212500647
0.21978995529934764
0.21110737841809168
0.17519532737787813
0.17789274145616218
0.18955414573429152
0.17336101533146575
0.15435344085562974
0.1717225811444223
0.18625191116007045
0.1408844536053948
0.26152487215586007
0.1682197559857741
0.17893034528242424
0.15173552191117778
0.14960468711797148
0.19643924600677565
0.16063673107419163
0.20351009018486366
0.13355330377817154
0.1791467554285191
0.17207653680816293
0.17470552428858355
0.20767751400126144
0.14824811357539147
0.22271200403338298
0.1316597213735804
0.19563261367147788
0.19125592178897932
0.14463836670620367
0.26816969260107726
0.26327409455552697
0.22890685871243477
0.23536280158441514
0.18883020762586966
0.18654482229612768
0.24060270003974438
0.14725621551042423
0.23105645994655788
0.23427510415785946
0.2010729590547271
0.18781470565591007
0.164412509649992
0.1648005856841337
0.16482564772013575
0.22635473043192178
0.16912833525566384
0.24236026062862948
0.1346110378508456
0.17863667465280741
0.2028734074847307
0.14606626279419288
0.28535041853319854
0.16827975091291592
0.11820661154342815
0.1547477450221777
0.15415758365998045
0.14662917383247986
0.19411540892906487
0.17175816395319998
0.19425559078808874
0.19078642153181136
0.19630509353009984
0.215620847127866
0.17198197229299694
0.14382702222792432
0.1488362462259829
0.20325850188964978
0.17432151769753546
0.20413542789174244
0.1608710311120376
0.16436106502078474
0.22305344126652926
0.18819347658427432
0.23215277993585914
0.14845440222416073
0.1703342569526285
0.2349998255376704
0.248168820515275
0.16993218625430018
0.24650622648186982
0.17951924999943003
0.1716741046111565
0.3453109100810252
0.21042270708130673
0.2491126141976565
0.1927773891366087
0.14658470754511654
0.1917272759892512
0.15567075868602842
0.17851296431035735
0.2282283998792991
0.21717607247410342
0.21875128979445435
0.2173139437509235
0.23704317276133224
0.2107447783346288
0.1608403678110335
0.16338517284020782
0.21074123884318396
0.1660052667139098
0.21273205010220408
0.1747487808461301
0.13966834207531065
0.1591388582601212
0.16615437914151698
0.18508260560338385
0.16185974518884905
0.24588120158296078
0.1619701863382943
0.19873828039271757
0.19972623069770634
0.16214462666539475
0.2607209437992424
0.18897885328624398
0.17634578590514138
0.19903764003538527
0.1830356370192021
0.25090755117707886
0.15506841812748462
0.138366054976359
0.26955547282705083
0.23124643258051947
0.17204135592328385
0.27229903277475387
0.18860337932710536
0.1731844825844746
0.17013154170126654
0.2674140510498546
0.2778240811894648
0.2652628801879473
0.19887642553658225
0.20674693520413712
0.3247734266333282
0.16151815411285497
0.1703950216760859
0.15196498719160445
0.16023925616173074
0.14935277338372543
0.2334611132973805
0.18127818670473062
0.14376644894946367
0.17145018314477056
0.22516601844108663
0.17887958546634763
0.1602317084907554
0.17851256561698392
0.22234295413363725
0.13804636654094793
0.21999374573074637
0.23350294608445393
0.189458600703686
0.18601193598338536
0.22741982192983703
0.21263989256251425
0.28695822199658744
0.1620447700695386
0.18686676445224928
0.1869761080200237
0.25734298587554977
0.19345092146642626
0.1748492040981849
