0.0021541501116644213
0.00027650020103919815
0.004419410748056407
0.0007482054089678059
0.00040552461129550466
0.00029897676131440676
0.004708673218573267
0.0020185282762668066
0.0016694036620492625
0.0013546402773840782
0.006074354696011142
0.004897313985111396
0.003770838416130573
0.003041665563728202
0.007725747728272836
0.007818195250365534
0.006465707847837621
0.005560971809700277
0.014250793203473222
0.008645413327485585
0.011798168946825172
0.009433389929654368
0.019943609222991654
0.013144923645995732
0.010908849083534733
0.01546399085145822
0.024471423943850823
0.02057881374275894
0.02541049161027331
0.020121451711929694
0.03356432607097304
0.03438156521769997
0.02531484397695749
0.02601934003723727
0.03982731836367748
0.03738199374492979
0.030112848295175354
0.035572097500335076
0.050321310895014904
0.040209494734881446
0.05730687036339077
0.05473974828055361
0.04495982602384174
0.040452126388117904
0.06928789113953826
0.043963548854662804
0.062193982463213615
0.0551968543586554
0.09083912498317659
0.07142272782584769
0.05639037436412764
0.060236673165491084
0.08370655583712505
0.06594378916634014
0.07388813962461427
0.06386602854763623
0.085253704652132
0.08581024399245507
0.06114780259667896
0.07416243772604503
0.11101985893765232
0.08824955992895411
0.10796685751120094
0.11310371282888809
0.09905215337494155
0.11485042604908813
0.17641869910585228
0.13503655641397927
0.1358803915863973
0.14419843384530395
0.1447283864254132
0.16372939389839303
0.11560169943550136
0.13965229589666706
0.14812729928235058
0.16036578493367415
0.181834006391
0.14598565205233172
0.16009845450753346
0.119517545303097
0.1717396348103648
0.18023231430561282
0.13864402724721003
0.19213033537380397
0.17461308460042346
0.1843816705950303
0.1436691786220763
0.21993594532250427
0.22086012888757978
0.20019927342946175
0.16083619423443452
0.19291877273644786
0.18467325867095497
0.2394586107111536
0.22294402147235814
0.18513262589112855
0.19933105530799367
0.1650294516584836
0.19472667750960682
0.249630954611348
0.2359963905182667
0.22317503285012208
0.27457841610885225
0.20356752615771256
0.2290468693827279
0.23304313162225299
0.2494510958204046
0.2039440820371965
0.21266155684133992
0.1863941339252051
0.18143908164347522
0.1781838487368077
0.1661364534375025
0.23048421941348352
0.19313075994432438
0.18332049823948182
0.20869654636771884
0.21920371254964266
0.2109230461937841
0.18155922048026696
0.18236920089111663
0.18168114143190905
0.18051597091834992
0.2530500243155984
0.2431616623653099
0.2620795276161516
0.3082190436834935
0.20232926003518514
0.2032274784578476
0.2656019138521515
0.31609868313535117
0.24472045293077826
0.1657902057049796
0.2622618978784885
0.25635073223384097
0.2437964856508188
0.1836303006275557
0.19024339341558516
0.2274260973208584
0.24106044847576413
0.18652557730092667
0.28312483153422363
0.27089876029640436
0.26464961349847727
0.27470664551947266
0.3103179849276785
0.23673430251074024
0.2876268517866265
0.44778506632428616
0.312170272693038
0.2832700719300192
0.2624680313456338
0.3219729199190624
0.24363007719512098
0.27968891005730256
0.34415531012928113
0.3169829457765445
0.34126751183066517
0.3114104146370664
0.3647370488906745
0.34546622302150354
0.30936785804806277
0.2733571664430201
0.3240891975001432
0.18983980076154694
0.3008101061859634
0.37710230390075594
0.40554609772516415
0.23925167234847322
0.32698078628163785
0.41050398896913975
0.47231886943336576
0.3698618174530566
0.23306765800225548
0.2962990937230643
0.3033782790589612
0.23553908139001578
0.37117340837721713
0.24369776976527646
0.26861083996482193
0.35773775540292263
0.35035562643315643
0.3204169446253218
0.30760894756531343
0.3906869874917902
0.37490002549020573
0.3130153671372682
0.4983768564998172
0.23012053765705787
0.4438449226436205
0.4519918530713767
0.36521517686196603
0.3744248606963083
0.21660347568104044
0.3686201779928524
0.4250470531405881
0.35901500890031457
0.4224133094539866
0.33683519560145214
0.3514510589011479
0.3615818952093832
0.34132254438009113
0.3274008731241338
0.5654081346874591
0.40107565850485116
0.4302893722197041
0.3991749432461802
0.49098329804837704
0.4997533300775103
0.39608473220141605
0.3729729600599967
0.3238853089278564
0.5058635593159124
0.44951744424179196
0.34201118047349155
0.3630095971748233
0.5519634251832031
0.4377510290360078
0.4600368164246902
0.3270948653225787
0.3829864158760756
0.4662224550265819
0.4013773033511825
0.37388824857771397
0.3988748415140435
0.34805206512100995
0.46253598091425374
0.5162626045639627
0.38090471690520644
0.40729226800613105
0.3497867460246198
0.4022312721936032
0.3906102867331356
0.5150167661486194
0.3703786146361381
0.3728794523340184
0.3598287078202702
0.36082516657188535
0.3987631355121266
0.45558087050449103
0.4649028677958995
0.5131939569837414
0.3867338505224325
0.362252606311813
0.403105596837122
0.38340812880778685
0.5077206476125866
0.39657875755801797
0.357349852041807
0.6098040747456253
0.5449236786807887
0.3864511727588251
0.44536704232450575
0.418423019524198
0.3975626016035676
0.34144740703050047
0.3445767911616713
0.38254847220377997
0.4188586649252102
0.3997055556392297
0.3646969721885398
0.4339548691059463
0.403172290942166
0.36159603885607794
0.41869708156445995
0.4552038690308109
0.474156386742834
0.5247195090632886
0.5324128889478743
0.3659435885492712
0.3318977339658886
0.5394507973105647
0.4194517472060397
0.4137209148029797
0.546329579083249
0.4501698082895018
0.4110226951306686
0.4096017071278766
0.41549009596928954
0.40129934187280014
0.4415737400413491
0.41720521985553205
0.5013107314589433
0.33154057612409815
0.32514663197798654
0.37127933726878837
0.32228258351096883
0.33506044460227713
0.36384627578081563
0.5116724295658059
0.38155768899701714
0.5598093788689515
0.43630782456144573
0.46088401022858505
0.5926560751331134
0.4300069289179299
0.3879684807043376
0.4914707183016567
0.4272645263103988
0.4532680121345783
0.6096953970240796
0.4313856363296509
0.3152676833074863
0.46084877308898087
0.5893530985853803
0.4141250258003633
0.453483484861419
0.361198822344382
0.3244104703932297
0.4557139468122655
0.48597370076367236
0.4097438330256094
0.397420914799679
0.37486658714653
0.5885096239879375
0.5347622151919237
0.48556711988186274
0.44922746319001117
0.5151252481411761
0.41720784772334135
