0.0025902567449662683
0.0002880830154197156
0.006421517966003876
0.0006132566082612811
0.0003766502491089341
0.0003863030172794879
0.005641768662940194
0.0018164209084261529
0.0013606780370309934
0.0009740490143030911
0.008156513566518697
0.002901335243450376
0.003060986626906015
0.0027983715053778724
0.00969945826136609
0.003716804936175322
0.004172931597622664
0.003626075226748071
0.012936436747168045
0.0091785366557815
0.0070906036585256516
0.0064649567093510996
0.02233367445114709
0.01566552585018144
0.009852861864601437
0.010861223798201536
0.021173075080696435
0.019816193624137668
0.015383564546027628
0.01689049277410959
0.0340193940919562
0.02711561632622761
0.018778174389808555
0.021396431183347886
0.03133915518083086
0.031233229615281743
0.02659719387702353
0.035699771236068045
0.03829483065965178
0.03708411910338327
0.040687213508135756
0.0427231117937481
0.041498496633721516
0.055834928374679293
0.04232286662590923
0.040533369670811226
0.05611930857776315
0.04691443889714719
0.04075067734993354
0.0610541471032775
0.06597808918377268
0.06558860317090875
0.07849431988870492
0.07590980327222496
0.0660716992279049
0.07946975895538344
0.08053260692759068
0.09983811537313159
0.09194627147371648
0.09161838587533566
0.09389467289292952
0.08435084073789767
0.13607666891039116
0.0986665928066941
0.10314362619828898
0.14118243194388924
0.09501264931168407
0.12359807827306213
0.0972134121475392
0.13887282555515412
0.11911821019748459
0.14467054151464254
0.1409149528335547
0.11714119756652508
0.15636592649389058
0.11426542920526117
0.12884384991775732
0.1405458079825621
0.10326133538910653
0.08173487011663383
0.20453094961703755
0.13433668327343185
0.1574918846890796
0.19894984748680145
0.18725501488370355
0.1441729219222907
0.17536539743014146
0.20629066048422828
0.20653335718088783
0.16675736638717353
0.17282713821623474
0.22514272917760536
0.13617561710998416
0.22890025525703095
0.24542967206798494
0.17283856822177768
0.2560536595119629
0.17677232691494282
0.17345702137390617
0.2303350103320554
0.22907377973024268
0.18322444983641617
0.2496832351316698
0.2013343672733754
0.22126626477984246
0.174950313885347
0.2438934983802028
0.19607730423740577
0.27862636162899435
0.24559657313511707
0.2006360012164805
0.18628416348656174
0.26520962532958947
0.3406926492752973
0.26820921077160165
0.2836593937390717
0.3058767521142727
0.2087687903404003
0.27804084615490865
0.2750392062589526
0.2700194459175691
0.24163386826694477
0.2355895243526902
0.23004633757227566
0.3425356587249553
0.2532153914507944
0.2975555850134697
0.20255095974425785
0.25167083597625606
0.3685945979086682
0.313802792574279
0.28534074817434885
0.32398665594519116
0.27305190222978126
0.32215858371637296
0.3101970193092711
0.19477535913756583
0.3709536822279915
0.37423120316816494
0.4250684444559738
0.2500251366873272
0.25952503352891654
0.3307580688560847
0.325719987769844
0.2955813408771064
0.38649323518620804
0.30380851530935615
0.3290674395102542
0.32036671045352705
0.2939170058234595
0.37847120183869265
0.3306886811624281
0.3604599589307327
0.21074300838517956
0.33903168424149044
0.327900142990984
0.35927860185620375
0.31092444685054943
0.3752366329135839
0.48523913917597383
0.3333879032288678
0.3899676688306499
0.3145612221560441
0.37447666487423703
0.37751474732067436
0.40526723238872364
0.43954854301409796
0.4017202967661433
0.4695949384185951
0.4609079241345171
0.5375816613086499
0.3286131882632617
0.38684283243492246
0.45622650149744004
0.4850167135882657
0.503631592146121
0.6126495172502473
0.38208787562325597
0.5164539503748529
0.43946604017401114
0.4198982185625937
0.39948347516474314
0.6925730472430587
0.3346547766122967
0.36902544111944735
0.44855302484938875
0.5594365138676949
0.4950824836269021
0.25097127849585377
0.38237428962020203
0.597240713541396
0.46056729945121333
0.4682912658317946
0.42067952739307657
0.3717095432220958
0.4569147580768913
0.5314633824746124
0.4891054542385973
0.29833345449878834
0.3965994362370111
0.6398535850457847
0.4275929548894055
0.5037941367772873
0.4204679735121317
0.5512042837799527
0.5576283316477202
0.42216732766246423
0.5832354254671372
0.5118501173565164
0.4528828363982029
0.5276527085807174
0.4166871925117448
0.5785927244578488
0.37694325408665463
0.48311628328519873
0.4525040290609468
0.3809879159089178
0.41900937582249753
0.47371637960895896
0.48535365820862353
0.4608189185964875
0.3214768315665424
0.6047219659085386
0.3513351235887967
0.47951732395449653
0.38532011542702094
0.4158317203691695
0.525423513201531
0.3714174992637709
0.41403637611074373
0.3201802228577435
0.4276609452208504
0.46772116381907836
0.3998650668654591
0.4795796719263308
0.3737719638738781
0.5082596827414818
0.41613742255140096
0.4031912268255837
0.3524975355830975
0.48331469629192725
0.3136522230342962
0.3727012592717074
0.40731218276778236
0.2943471583421342
0.42393517872551456
0.5083001741440967
0.2963150858413428
0.4390136710135266
0.3868957041413523
0.43838980817236006
0.3834991913754493
0.413590826705331
0.38488205551402643
0.4418426821939647
0.32572528650052845
0.36925597180379555
0.45806212222669274
0.5279933213605545
0.30550196702824906
0.45299253868870437
0.3623779467889108
0.43370942218462005
0.5099071654840373
0.5014861024101265
0.3463597516238224
0.3736396870808676
0.2904372720513493
0.30817216279683635
0.5060105213196948
0.22192995657678694
0.4952054382301867
0.4055809467099607
0.3583515678765252
0.3041908579180017
0.31161784124560654
0.29580048739444464
0.577052159816958
0.490103141637519
0.3268757679616101
0.45276418159483
0.44488461228320375
0.22443147090962157
0.302161575993523
0.4360862855101004
0.45372350089019164
0.25863396388012916
0.43324950442183763
0.3843922794912942
0.3560869880602695
0.4338347516604699
0.22985578724183142
0.40002849328448065
0.35337309350143187
0.4050331949547399
0.43580012500751764
0.3135444374056533
0.3224618387175724
0.4032091037079226
0.5206670132465661
0.4273595634731464
0.34449131874134764
0.30326911888550967
0.48124323424417526
0.5202539777965285
0.4600415048771538
0.47423395386431366
0.5367615427239798
0.35448466008529067
0.5056951903970912
0.5712520267115906
0.35153132578125224
0.5559452872839756
0.449583561567124
0.4654799738782458
0.5871142212417908
0.6506004678452109
0.5257809438456701
0.4357254847766846
0.41418855150384226
0.5481156253321903
0.500510657983502
0.5548267305249305
0.6121709467623178
0.7089700133312405
0.5320620897013372
0.43303483935791676
0.4451705848607491
0.5875506316582988
0.4863154182987889
0.5240292239376879
0.6347374252564325
0.4353190694502958
0.4289967209452719
0.5163002592606807
0.4120350999566983
0.6684391620004271
0.5772636051722398
0.6489209565590686
0.3652397713909938
0.5596332816392418
0.681129404057668
0.5470506118859831
0.5465974432276929
0.4938829901415532
0.7295344000256906
0.6365964932469871
0.5337405335598104
0.4768636940619138
0.5228286209538227
0.7428597767991344
0.5884025648940266
0.4891737328739617
0.5167225879712367
0.5188870664069972
0.6268246351029929
0.4356836283535469
0.5693714020289774
0.6102650139744826
0.45595198740640025
0.5212534082921472
