11.20231293537654
8.65341812837869
6.4611986968666315
3.0563847683370113
3.841244119219482
4.543861269950867
2.9742788076400757
4.567909554578364
4.309462549397722
6.367381267482415
6.179680455941707
4.0077904833015054
3.435549753950909
2.8375668502412736
3.222038899315521
2.959553688997403
2.4951115399599075
2.91895072045736
2.964168823324144
3.858370346017182
3.953038295265287
3.3471190019045025
3.5283899595960975
3.6682564795482904
3.775337412254885
5.244659777963534
5.381858149310574
4.304224595660344
4.807441392214969
6.751499728532508
5.716728935716674
6.806367313256487
7.553766048513353
7.459891373291612
7.49080436816439
7.985820249188691
7.800043176393956
7.324684598017484
6.930349761620164
6.973781171254814
6.455227606697008
8.297041539102793
6.272599690128118
6.775105561129749
6.523796611698344
7.596519645303488
7.018073674524203
8.173680146224797
7.685281528858468
9.048697635065764
9.814426485914737
10.95505242003128
9.937474247533828
10.105079683940858
12.953894817270339
12.447287351358682
11.260515696834773
11.202808149857447
11.13138615200296
10.88883371045813
10.484721070155501
9.614816100336611
8.064909355714917
9.17554288962856
9.029180806595832
9.172139186877757
8.219570759218186
8.111219132319093
8.979507468175143
8.290488325525075
8.257513414602727
8.228378002531826
8.355846806894988
8.980660855770111
8.941966344136745
8.456155362073332
8.090758590493351
9.279708477668464
8.408957776380703
8.90336347091943
7.68694151379168
8.071266577579081
9.196989892516285
8.663701498648152
7.603637137915939
7.650164219085127
8.769964695675299
8.36083527142182
8.525170217268169
7.016968738753349
7.315056001767516
8.105196024291217
7.477359457407147
7.533273532055318
7.816427206620574
6.43832625541836
6.697152602020651
7.888452612329274
6.578008545096964
8.057985608000308
7.760469273664057
6.890639554243535
9.921139956451952
6.750049612484872
7.2458801155444235
5.769840029999614
6.920329281128943
6.648042019456625
7.80285078054294
6.7937595173716545
5.774127405369654
7.535092154284939
6.282399880699813
6.281623967457563
5.665877376683056
7.419359594583511
8.065860129892826
7.732035247609019
6.6379603303503245
6.325466235168278
6.234213616233319
6.245127509813756
7.5459256041795015
7.497436244040728
6.459646977018565
7.638343717670068
6.068169791251421
6.2985704224556684
6.742173106176779
8.079243733314797
6.59983244119212
9.214941320940852
7.296611508354545
7.450601597549394
8.403367705177516
8.634047558996826
9.330792811699212
9.037610219791532
10.109526771120727
8.607857586815953
9.508769591338933
8.071487675886601
8.380358172114938
7.388620421290398
9.280834676232189
7.9452024849597365
9.196665700525045
9.859870589105412
8.632924941834062
7.7559698997065425
6.955335851060227
7.379960072692484
7.15691376151517
8.730474605923519
8.850169213488698
9.597510476596653
9.325578111689538
8.80741967400536
7.376759262755513
8.031592990271747
8.01602226542309
7.587003194261342
7.096637273672968
6.016703192843124
6.269181051757187
7.626429065130651
7.749982344917953
8.854944549500942
7.143644978525117
8.889192991424352
9.760219533462077
9.846316578797996
7.460118343820795
8.781886898446828
8.884548641974106
7.148835383122787
8.229870329145342
9.076358245685697
8.177288883831352
6.9836826915852726
6.840811783680692
5.899403203511611
6.661660781363025
6.8079778528772295
6.8860009629279375
6.939694803208113
7.172802137676626
7.241952016949654
6.983471555635333
9.48752377089113
8.118479644879699
9.289796189172193
9.39210011693649
8.30930499965325
9.16752765653655
8.449580577667803
8.937964890617877
10.041431496851146
9.065723681356758
8.444529322907329
10.27484198473394
10.488137876149267
9.244943533092737
9.246218121610582
7.651807027170435
8.661864256020635
8.876847726292908
7.303893581032753
6.646760199218988
9.299790593329817
9.037956275977194
6.715456580277532
6.365512867458165
9.235785654047504
10.043276607058942
7.99078418686986
9.661747799720615
7.633864564355463
8.077537076547742
10.534354687668383
8.063826523488387
8.179358917055652
8.164582605008036
7.942922513000667
8.36209874949418
9.697312062606215
7.615124358795583
7.560422511771321
8.599948109127581
7.77500821929425
5.866668093483895
9.719083624891937
7.6651340902317315
7.911166734062135
8.976874184329063
7.3425886570475996
8.13486328534782
6.990165936527774
7.393175563775003
8.69243146525696
7.914897589944303
7.955696346703917
6.910739401588216
7.400142315542325
9.476387501461431
8.812875406816602
8.882184949470684
7.86340780230239
9.587057775817811
7.737322673900053
8.005619532661512
8.594553338596597
9.042969973757863
6.929665965028107
7.462773005478084
7.0643169903196394
7.794273394625634
6.546455322299153
6.5613409648649395
7.486989955417812
8.897780335508287
8.42123919352889
9.559005460701883
7.805987086612731
9.0932792769745
7.3318861671723425
7.7166270890738815
6.915748423198238
9.39356042118743
9.06879209773615
8.990855892188847
9.097964965272695
8.45055486401543
8.151260456070304
8.733264081180096
8.606699550524354
8.772959866560996
9.143749916460365
7.403667611069977
7.371446903329343
7.672371449880302
7.9573672716505826
6.466071046423167
7.735633609583601
7.320607824251056
6.790942745748907
5.774948481703177
7.264725933549926
7.933989003766328
6.112565326271579
6.502070285845548
8.124221868580207
7.530032799113542
6.057932528201491
6.507589312503114
7.348167457617819
6.6272379762958735
7.61371271382086
7.156737810233608
9.546220733085647
7.869609199697152
6.988088027806953
8.528605243656784
8.44300025049597
6.200378993991762
7.407045564148575
7.826207881094888
8.255453291581944
7.512476759729907
7.81962714670226
7.869871020317078
7.27357643423602
7.942225727951154
7.328589417273179
7.980181763686386
9.910890886830348
10.35871653884065
