0.17319087586656678
0.10898227122379467
0.1779606903437525
0.22372550709405914
0.2776745851733722
0.2704527694149874
0.2667525326833129
0.30304866121150553
0.286692681373097
0.28706357878400013
0.35766450385563076
0.3447143026278354
0.3418137856060639
0.31727887340821326
0.3262214211281389
0.3051874963566661
0.3503786089713685
0.33780131925595924
0.3242170512676239
0.32413580326829106
0.3429777434794232
0.3296973131946288
0.3602915141964331
0.35977362107951194
0.3899870910681784
0.36970340576954186
0.39357408497016877
0.37539898097747937
0.4026710814796388
0.371192688588053
0.3725990791572258
0.37203776417300105
0.3568717804737389
0.3493858006549999
0.3482540281256661
0.3401400172151625
0.372589155100286
0.3838345769327134
0.3375157214468345
0.35818061442114413
0.35575807688292116
0.36989409767556936
0.3613815458957106
0.363061040523462
0.3939757900079712
0.398646152112633
0.3846726391930133
0.4018901293165982
0.3900006734766066
0.38710577914025635
0.41459545225370675
0.42731356085278094
0.3915720839286223
0.34822776285000145
0.3644452835433185
0.3307664730818942
0.35367910529021174
0.36897912016138434
0.33356122008990496
0.35028695967048407
0.3357709659030661
0.3383903303183615
0.34733112540561706
0.38096221163868904
0.38743361295200884
0.36869148479308933
0.38180086005013436
0.37821179314050823
0.3432181791868061
0.396256581065245
0.368495357921347
0.3709247420774773
0.3476495190989226
0.35837880661711097
0.38937598397023976
0.3626129886833951
0.3482547167222947
0.3326870787423104
0.35247159807477146
0.3818445240613073
0.36740276287309825
0.34191226481925696
0.37504809559322894
0.3560929123777896
0.3582478822208941
0.3521177563816309
0.33633033372461796
0.3315850312355906
0.35603915876708925
0.3606819554697722
0.40468758542556316
0.3481319679412991
0.33180889557115734
0.3734246223466471
0.3331003508064896
0.32996255822945386
0.3197422530502081
0.3097085866611451
0.3536832311656326
0.33914874237962067
0.33363276964519173
0.31071865267585963
0.3069871022598818
0.33203000051435083
0.30931807472370565
0.33569639455527067
0.3160898224450648
0.3150512697175145
0.3216521230060607
0.3212858816841617
0.3008512924425304
0.32240836950950325
0.32334518909920007
0.3133932667551562
0.33658994489815086
0.3223384221782908
0.2755040740594268
0.310902654659003
0.27399424160830677
0.29779337550280616
0.32561746798455715
0.3072742415824905
0.3190502995857969
0.3047411738662049
0.325645973556675
0.295646827085875
0.32925517298281193
0.2897634385153651
0.2833436810760759
0.3171179830096662
0.3188096103258431
0.3062038417556323
0.2999374337377958
0.32518209947738796
0.31346762808971107
0.34327985800337046
0.28621799894608557
0.30667242140043527
0.2718172812019475
0.2861101921880618
0.286967838939745
0.3163098762743175
0.3151266174390912
0.3151449441211298
0.34065793349873275
0.3170332557056099
0.31420110061299056
0.2993664200184867
0.2898047690396197
0.30932371167000383
0.3003828391665593
0.3170892408816144
0.28904373315162957
0.26959995250217617
0.2893618121743202
0.28666187601629645
0.2752898499602452
0.3099485645070672
0.2664849298307672
0.2919452227652073
0.3042753596091643
0.2924234237289056
0.2746255814563483
0.2954543847590685
0.2854096127557568
0.28812846378423274
0.2924407677492127
0.31382371578365564
0.3075187107315287
0.2646829127916135
0.2657951154396869
0.2784735760069452
0.29835391987580806
0.26175828283885494
0.2770358464913443
0.2876631545368582
0.2604629364213906
0.25950630818260834
0.27740997285582125
0.26382120873313397
0.2576307514682412
0.26875309663591906
0.26313787617255
0.26269279478583485
0.2414081667084247
0.2446451467112638
0.22248226613737643
0.2478406488080509
0.2526059802621603
0.2626459806342609
0.2642920703510754
0.2599495796021074
0.24513161089271307
0.2423353415215388
0.24615428800461814
0.26366518362192437
0.24229619227116928
0.23987973493058234
0.24231615039752796
0.24332725803833455
0.24215337733039632
0.23407497146399692
0.24849110090872273
0.2776040681055747
0.24165711516980082
0.23137150378897786
0.23687191400676966
0.25243658892577514
0.2396865314221941
0.23062797309830785
0.2087457543821074
0.2309078181278892
0.23729006404755637
0.23624406818998978
0.27409535634797066
0.22941152338171378
0.25056324672186747
0.2217095100786537
0.24691707058809698
0.2291064620949328
0.24287669657496735
0.20488022320205346
0.24094994249753654
0.23706573428353295
0.2528500488260761
0.2487220026087016
0.22447105194441974
0.218580532760825
0.2281414985191077
0.25299364631064236
0.2153806093847379
0.2441892822389491
0.22557725990191102
0.2352295431192033
0.2325154400896281
0.23358983895741403
0.20954780571628362
0.23325369728263468
0.23010102711850777
0.22773565049283206
0.20927526819286868
0.23580742854392156
0.22466358926612884
0.22368860768619925
0.2295441835303791
0.23605438723461702
0.2216426393133588
0.23347153229406103
0.22558219399070367
0.22980366629781201
0.20914735976839438
0.222127579851076
0.22063164843712002
0.2054788782261312
0.19779456971446052
0.2160695156781003
0.204115814587567
0.22823990118922666
0.20420377037953585
0.23279685922898352
0.21557769991341047
0.22175185731612146
0.2234305651509203
0.21122406050562859
0.20857336651533842
0.24428892083233222
0.21030699065886438
0.22219093644525856
0.20490232342854142
0.2112137798103504
0.21369562909239903
0.19154485291801393
0.2108153209555894
0.20550062163965777
0.20995087933260947
0.2055953606031835
0.22164367901859805
0.23906296404311433
0.19843629861134104
0.23367668874561787
0.22603129071649164
0.2143656387925148
0.21725954953581095
0.20517670700792223
0.21690078265964985
0.21018942800583318
0.19908175274031237
0.2386910286732018
0.20058272924507037
0.20497789443470538
0.19050235889153555
0.19583934935508296
0.20958450419129804
0.20098072616383433
0.2152402856736444
0.20844795479206368
0.20065770333167166
0.2007335142698139
0.20881300268229097
0.22751885815523565
0.21379340637940913
0.22787597560090944
0.21399637777358294
0.19885245093610138
0.18988716532476246
0.19206693093292415
0.1884485934569966
0.1730260102194734
0.19840279768686742
0.21070124773541465
0.21925346791977063
0.20415685686748475
0.20826905776630156
0.2147041775751859
0.21145214670104906
0.2194794183014892
0.22297468152828515
0.21601108013419434
0.2002283014007844
0.21641069889301434
0.19813361013075337
0.21511584497056901
0.19973127875709906
0.2095168013474904
0.2109284252510406
0.22800871991785243
0.21848854364361614
0.20280289731454104
0.2192107766168192
0.22616119135636836
0.20185652925283648
0.20713909523328766
0.19235126726562157
0.20607964554801583
0.22334851886262186
0.21366642753127962
0.22758190252352506
0.20374694955535233
0.2003306590486318
0.21805399854201823
0.2072660841513425
0.20304806780768558
0.20559845797833987
0.21307684801286086
0.19224494366790168
0.21321380912559107
0.19530431152088568
0.19115669015445746
0.18499154457822442
0.19200911122607067
0.20672849530819803
0.19253917792229913
0.2144527920463588
0.1980111736629624
0.20861902798060328
0.20938789512729272
0.20513133832719177
0.18826714580063708
0.21431812242371961
0.22260124748572707
0.19296056125313044
0.19653079006820917
0.19614871914382093
0.1786684383987449
0.20551084223552607
0.19026947993552312
0.1914323027303908
0.21967393497470766
0.2094799478072673
0.21421399401151575
0.22235299536259845
0.20594822615385056
0.23795666953083128
0.21073012764099985
0.21270007506245747
0.22291068051708862
0.21496252418728545
0.18367555251461454
0.2308872786234133
0.23038216689019464
0.19036093732574955
0.24304094701074064
0.21064322942402214
0.2226194353424944
0.19439072429668158
0.20230929137323983
0.2154885504860431
0.2005693890096154
0.2090668480959721
0.2004333162913099
0.22691522850072943
0.2064215664868243
0.24955144029809162
0.227410486782901
0.18830109375994653
0.19950877031078562
0.21773480976116844
0.1844712451857049
0.2275695072603412
0.2321628915378824
0.251740530715324
0.23035791353322566
0.23394828409072943
0.2245195031282492
0.22468377236509696
0.2357546518323943
0.23426696739625186
0.2344188867136836
0.23856145842000842
0.24084084207424894
0.231250096403528
0.25984737498220056
0.2453146448242478
0.24117170998943038
0.25714933811104856
0.23459027940407395
0.23287400201661512
0.2298226355924271
0.22989430924644694
0.24662071935017593
0.24485806957818568
0.23361570184351876
0.24214619913254865
0.2420898163691163
0.2699859554413706
0.23702434229198843
0.2376202946761623
0.25069044495467097
0.24216999963391572
0.25135129477712326
0.29015261557651684
0.2532126036530826
0.25366486675920896
0.2688314660335891
0.24696047583711334
0.2378090069105383
0.22005731193348765
0.24822064783074893
0.2618235385743901
0.24099230370484293
0.2414645550015848
0.2713082481350284
0.23617401684168726
0.2703433263814077
0.21786774648353457
0.23742230469360948
0.21578833082458004
0.2501378860324621
0.26919391049887054
0.22708302683895454
0.26446605334058404
0.22466091779642738
0.21704065808444284
0.24019110907102004
0.2254126801271923
0.22951692837523296
0.24240279864170589
0.22028457387932576
0.2401550294016488
0.2352909763576463
0.2320886482775677
0.24022352808970027
0.2521465324680321
0.23403412848711014
0.24899394577369094
0.23413856510887854
0.23726130212889984
0.24444707654765807
0.24666725759743713
0.23299237599712797
0.24481887504225597
0.24574739797390066
0.2731255619728472
0.22229932231130078
0.23563827684847638
0.26282855853787623
0.2414098338340409
0.25056076364126056
0.24508987175067887
0.22265076919575222
0.24626137883751653
0.23569997030426748
0.22887791087850928
0.24282820045482367
0.2643346627592109
0.22241514365305193
0.23457937786588445
0.2580560347123537
0.23131944661145099
0.2304205276304856
0.24391553850728087
0.230396305792965
0.24421812850050628
0.2324852523743175
0.23784004797926173
0.2266147878835909
0.22943143578595482
0.2393062284681946
0.256154928880278
0.2562581248348579
0.24807797765242867
0.2508344496018253
0.25425111668300815
0.25628586128004827
0.2556936741748359
0.2629280491382815
0.23726760063436814
0.2521765569690615
0.23167456718510948
0.24945684883277863
0.22611608868464828
0.24357052796403877
0.24233876744983718
0.22322158978204243
0.21948047666228376
0.23403566758497618
0.2675350328790955
0.2822945757652633
0.23666636037523858
0.25117524914094247
0.24063470540568233
0.25474868225865066
0.2225169755402021
0.22346966521581635
0.2247391658311244
0.23250997826107778
0.24540695297764614
0.23429147072602063
0.21470982226310298
0.247809757507639
0.2500506035576109
0.22781028068857267
0.2272780144121498
0.2392786176642403
0.21521254084655084
0.24024658743292093
0.22515553695848212
0.2286726675229147
0.23435685300501063
0.20368933814461343
0.22628687453106977
0.22544822460622527
0.24111784537672065
0.2304295051144436
0.23634596660849638
0.26249657600419596
0.2739114154246636
0.25165538422879763
0.244917620846536
0.272614985529799
0.2445371248468291
0.24986017498304136
0.22720865180599503
0.25534944256651215
0.24046826432459056
0.23908379193744622
0.23712358096963726
0.23895298090064898
0.2500707426224835
0.24356700936914422
0.27273452194640413
0.2620525879028719
0.24059095411212184
0.22540658465004526
0.23971525763045065
0.2333364643563982
0.24604525181348436
0.2185927946411539
0.24388525012182072
0.22648741750163026
0.24658182784332894
0.21190336262225173
0.2707286985241808
0.24727686183177866
0.21949104423401877
0.21847440893179737
0.2148749275074806
0.264417928410694
0.24747938851942308
0.2489473591267597
0.21721399994567037
0.245574710163055
0.24263651709770784
0.2536130793741904
0.2369752520462498
0.23206333492998965
0.24766429691226222
0.2283511903078761
0.24712099495809525
0.2450071140192449
0.22747287922538817
0.24408260456402786
0.23927558146533556
0.23415828801807947
0.2311521554365754
0.22768540054676123
0.24206707708071917
0.22939005828811787
0.21552605734905228
0.21282103133853525
0.2526317081646994
0.23408941269735806
0.19666309951571748
0.252470780571457
0.2415532866725698
0.22863953610067256
0.236682417569682
0.2428477358771488
0.23720812081592157
0.2114893204998225
0.2343010523763951
0.24708245749934576
0.2099447178770788
0.2194625700940378
0.25776983180548996
0.21657710726140067
0.24957777763484046
0.25770610888139345
0.24701176313101314
0.21886595510295592
0.23579204166890122
0.2282273076416459
0.23968348739435896
0.2480171741626691
0.21768933400744572
0.23214724083663896
0.2243457683653105
0.25476023490773514
0.23067507467931136
0.23387388457194902
0.23791310412343591
0.23915717835188843
0.24464970553526655
0.22384594067989383
0.23830876746797003
0.22645919560454786
0.20884424049290828
0.22993369531468488
0.2668785816640593
0.25407901767175645
0.2253655907989014
0.22913170160609297
0.23186299088411033
0.24131156722432934
0.25144569532130845
0.2570945062325336
0.24979445958160795
0.25308585484162904
0.23684681704617105
0.23999064808594994
0.23823253688169643
0.23024579012417234
0.24811264956952073
0.23626842204248533
0.24400441272882745
0.25485636477242224
0.2550617807719391
0.24127273389603943
0.24851484686951153
0.23473479773383588
0.23922265050350688
0.23892591061303392
0.25682140165008605
0.2313594505249057
0.24634456186322495
0.21105086983880028
0.23396827501710504
0.24355350484256633
0.24714412941830233
0.23349250556202605
0.22178312690812163
0.2691891150025185
0.2084936412575189
0.23337507862015627
0.22013042849721387
0.23037573182955384
0.23717307014157996
0.23124775709584355
0.22510447091190144
0.23633964869077317
0.2151254237687681
0.20172811369411647
0.23887542195734568
0.24518126505427063
0.21668408863479272
0.22127008679672144
0.24991801287978888
0.21434410344227217
0.22365865550818853
0.2215943681949284
0.23893654689891264
0.19662344685639255
0.2102138282789383
0.2036597031110432
0.24176489055389538
0.2182837493601255
0.2134247577341739
0.2380954923282843
0.20791280272533186
0.2070836733910255
0.2103370722325053
0.21489335602382198
0.2241420442587696
0.21310996086685918
0.2191883249906823
0.2062572268769145
0.2115367718215566
0.22017448308179155
0.20324351236922666
0.18627366589498706
0.21410753828240559
0.22177897015353665
0.2494106013327837
0.20379343669628724
0.22134730964899063
0.2334175278665498
0.21254828842938878
0.21353283341159113
0.21099016640800983
0.1990838942292612
0.21912914660060778
0.23808708728756756
0.22450137595296837
0.2193996659188997
0.200623028940754
0.2230086968629621
0.2031900626316201
0.23193072751746513
0.21063338074600324
0.21772116751526482
0.20491643785499036
0.21378189502866007
0.2299950831802562
0.2238988654280547
0.21936578085296787
0.21233809148543514
0.21799595424090512
0.22458434800500982
0.2248802348622121
0.21312224076245911
0.2374611345003359
0.21892937505617738
0.22110592128592543
0.21493492944864556
0.21715204138308764
0.2116149417415727
0.21780894289258868
0.19619661489559803
0.22324250231031328
0.1953762090706732
0.22395942293223925
0.22642397446907125
0.20794284137082286
0.2095675182645209
0.20459403298445977
0.21423448546556756
0.2213003415381536
0.23291924345539883
0.23866765745333396
0.21386686636833474
0.21740088463411666
0.23897502984618768
0.222294370905729
0.23249563539866358
0.2194417502032593
0.23992834446835332
0.2336383869405836
0.2368719900259748
0.2379623102315236
0.22226168448105454
0.20687452916172333
0.24338027625344694
0.24858657250297256
0.23994940033298917
0.23314037486852612
0.24625439904048108
0.2372884682554286
0.22281964856665581
0.2496932858193759
0.21795813125208952
0.22919716869364493
0.23382467892952263
0.23977234659832902
0.22153470988268964
0.2504229786864016
0.22816825163317844
0.23124151545925997
0.20824741839896888
0.2661881116509903
0.24273557317792438
0.22498841537162662
0.22988055061432533
0.22668790063471533
0.25249892828287557
0.23302315507316962
0.22479031077818945
0.2513539810315706
0.22358307312242687
0.23297313178773038
0.24420593804097734
0.2413033944903873
0.24504856555722654
0.23163730339729227
0.2578484330151696
0.20429653974133544
0.24460660284967162
0.21958441368769854
0.2241680398292374
0.2194323648873251
0.21538884716574103
0.2160604452365078
0.21640952097368427
0.25847519416129217
0.22124275687383488
0.21849553551874124
0.2083415474044159
0.22136144316755235
0.21324736045789905
0.21743912098463625
0.2594910130719654
0.22232599995913915
0.23248280576081015
0.24711124468012713
0.25177598954178393
0.25695954807451926
0.2477322625927627
0.25307005789363757
0.23460946936393157
0.23630443448200822
0.22715309550403617
0.25495660450542346
0.2301803063310217
0.22041485164663754
0.22675492890994065
0.2458759682776872
0.23771660288912244
0.2396654783951817
0.23643173449090682
0.20611981829279102
0.22458229691255838
0.21389267765334807
0.2572715150017757
0.22956410964252427
0.24172049757908098
0.2277216584479902
0.2371656632021768
0.2477930232998915
0.22768412996083498
0.21102756395703182
0.2364179687865544
0.21176021356950514
0.2538529568410013
0.25251130867400207
0.281953492842149
0.2539832931943238
0.23681479797232896
0.20628570159897208
0.2050182028033305
0.24921889780671336
0.26022129339980893
0.2595090588729363
0.21651248974376358
0.22478920055436902
0.2247211986395996
0.24194020559662022
0.24795158463530242
0.23937811395444442
0.2606119722186122
0.23266956969746388
0.23794221979915164
0.2575034685723949
0.2310631138680037
0.2532070657471195
0.20539566784282215
0.25891032375511713
0.251120700413594
0.20457354697282426
0.255057734582806
0.2582860157126561
0.2319997086597141
0.26566282610292546
0.23155276765464805
0.20734110167541075
0.2519178250222467
0.22102132899453864
0.23936102661537006
0.20750313508324325
0.250288060226012
0.240212823235197
0.21870205696905032
0.23667754291091114
0.23084013210609555
0.2017300589068327
0.20800706031150185
0.25900853870552965
0.23203377064783126
0.24993741657817736
0.2298791378561873
0.2606503571441863
0.21827696275431663
0.23204172364785336
0.2390593932068441
0.2433987307677588
0.20927035594432372
0.2475885760889748
0.23556860093408682
0.2303052964642292
0.21462425140766647
0.22970590420712636
0.23100881304914558
0.2418268971790479
0.24934240885254905
0.22638198627730993
0.25183438060907865
0.23205333481740764
0.22325049868718846
0.23368754161624458
0.20930259302258492
0.25103486393849683
0.23842487185020148
0.24254633803067244
0.23516059759270957
0.243214275423936
0.22257237511826314
0.2560670194839399
0.22603923305282442
0.26017608121037483
0.2298852354874761
0.22821769088976027
0.2484892859292312
0.1983672787002691
0.21349489463009233
0.22444432557333172
0.22585083658652982
0.24031951586444547
0.2290575050228224
0.2315792329609394
0.22085105665908086
0.20990319230307744
0.21754505608494826
0.21580405679978723
0.20613464619231037
0.23742056576403106
0.2388489156902775
0.19291786377237538
0.23818218379508793
0.20691584402651297
0.22717144551474278
0.22265146637526084
0.23440088933025757
