0.4518248165259138
1.455257365014404
0.8905487975571305
0.7293759521562606
0.7872538162628189
0.5617836018791422
0.44359503127634525
0.5087696368573233
0.6238282590638846
0.5416427194722928
0.46855953481281176
0.4519092853879556
0.4626520868623629
0.447764020296745
0.4071523214224726
0.42003118235152215
0.4336620708927512
0.45857375441119075
0.5232497151009738
0.46469149726908654
0.47708460490684956
0.5216903680702671
0.6045254828641191
0.5243256145622581
0.594011023058556
0.6126853828318417
0.5255644152639434
0.6398270246572793
0.5760090686380863
0.6612432600231841
0.7710686821956187
0.7114632454467937
0.7579318440984935
0.6886808155104518
0.7427270180778578
0.7721084742806852
0.7568181881215423
0.8523093888070434
0.8442168298643082
0.8072434009518474
0.8272796511882916
0.804107739822939
0.7989942379062995
0.7495309640653431
0.7091201700968668
0.7738859804812819
0.8347136285156012
0.8411475501488894
0.7917964215157554
0.8699248002376407
0.8327968982048333
0.74064108915627
0.7428892496973276
0.8381711167749017
0.756783951073885
0.8216984174214303
0.8314227376831695
0.8260055028367788
0.7485679622041062
0.8827547812834382
0.7986078246030957
0.7483843207592145
0.7760630920529366
0.7670331404078752
0.7629448391962796
0.7333445019321516
0.724986590212211
0.7505106366006657
0.8375853933393955
0.7527983558829874
0.7304634246975183
0.6424751859158278
0.7184557071886957
0.7079740203917027
0.750322702107951
0.6903958012117073
0.6560946109239012
0.7586930054239929
0.6118700638180599
0.6673007933422923
0.6949423488695174
0.5977031810907647
0.6293603808153421
0.6094274001661688
0.6187944117700681
0.670150877092965
0.6027937073959038
0.6344736567698419
0.6365093440981582
0.6211259315023199
0.6396080066915601
0.5991406720131636
0.5780757648171857
0.6212110652122647
0.5294143850915134
0.5912416041828692
0.5435296499636024
0.560361941694282
0.6010045452276245
0.5917194875655696
0.5431177006103098
0.5725324801169336
0.5227865626802668
0.610083062783815
0.5819013860309497
0.5996565964305773
0.4818009017035365
0.5780061167897657
0.5741867476608604
0.5553422244265676
0.562326009850949
0.5584510065382347
0.5184196550399065
0.5987574375467375
0.554460072889924
0.5464586704038084
0.563297048676759
0.5758492448367178
0.5552392596146092
0.560044300626032
0.5741896050749347
0.5765361611265689
0.5755968781304546
0.5604453574633226
0.5769633929012343
0.49514053377788514
0.515138205664698
0.5081492501776665
0.5255908553954214
0.5436011580750346
0.5528454422019422
0.5656831335509196
0.4893871918320656
0.541378051857464
0.5475824106251821
0.5645724153146148
0.5764779123710468
0.5367968986975029
0.5729361246339977
0.4788864671718329
0.5326132940826938
0.5485769078368321
0.5511304591200314
0.5816091042361222
0.49905964703066275
0.514032329665497
0.539180125342682
0.6367346929619089
0.5510433315066621
0.6647045911522582
0.6820852208184078
0.6311137431184761
0.6709483773447573
0.6144471612060443
0.7261802296852693
0.729750678408891
0.7176436730660498
0.7695690997643396
0.7159707768587396
0.7448154525482096
0.7523172344081104
0.7726229357067496
0.7702697061467916
0.7321264846832491
0.7820442729862407
0.7175429465714842
0.8045568268280476
0.8514674003235996
0.9061213446548209
0.8361708424054086
0.8368409245740622
0.8133649566443637
0.8514044799376279
0.850626245723106
0.8321996327722445
0.898826263146475
0.7815480720018968
0.8351402091793716
0.7968070480274037
0.7838505280669779
0.8776978581445292
0.781662295688875
0.7644603978842497
0.8616444495273754
0.775158911710605
0.7597315585007891
0.7458450241247192
0.7882201471365988
0.8848774144425988
0.8419428003253415
0.7637151137460023
0.764703169115819
0.830086121102795
0.6681284755468369
0.7295508391689509
0.7156185988569632
0.7016370827332139
0.7288063368177973
0.7411831548670307
0.7228498281911016
0.6482473892392591
0.6068702322081663
0.5948092025937513
0.6526458996231668
0.5852487273514271
0.5797768700867891
0.5346811489434913
0.5268869479186833
0.4966585935326293
0.483347698347643
0.47512722585815936
0.41371544264256954
0.46007480926346034
0.4024840969359502
0.42155757336877286
0.44689924985868856
0.42132226726971567
0.40211675537284464
0.3880182713037357
0.37609420908847824
0.3835472231148742
0.3749111321521923
0.4015118639799766
0.39349533279892057
0.34790586621966213
0.35466888471273705
0.3880056677153334
0.36695008527021855
0.3490020871395245
0.3409876240766607
0.3874477177159861
0.3786801485111937
0.39281756238779053
0.37860875972546637
0.313631325843744
0.3855037171742879
0.37059940432664007
0.3572330684401095
0.3434665166423656
0.352839776664041
0.35936041874811053
0.340485701453872
0.3749638956505805
0.349570173129905
0.3955328950542025
0.3847808054415509
0.3700907928869128
0.3654999213758856
0.3503118268563412
0.3723878358141519
0.3732699505635537
0.35392923111794516
0.3305672546848655
0.37744827062124386
0.33909920626319945
0.33136745571391657
0.3616316796396859
0.33119155577151105
0.35019373247632757
0.33448555308859795
0.3341687863576226
0.3623948030290194
0.3348704362870194
0.37360448262188584
0.36448693892452866
0.3798419911181554
0.295114632754121
0.35673519159900025
0.35908935050247237
0.3302263684454374
0.36599965568166226
0.3896048216847703
0.3873838913277723
0.3682016726816073
0.3861075479653664
0.36416687723249197
0.3639761324157007
0.3879463055636734
0.34725974878529087
0.39623235882027075
0.39790709607768804
0.3553439255920239
0.36071719671599567
0.3751363906194456
0.36281066155061126
0.32721763517474756
0.3635908985743299
0.3785905768163502
0.4011793074896559
0.4138042609556578
0.3802668562857434
0.3700825838604942
0.3896312990109436
0.3624798530363478
0.3557740029064007
0.3612776274094358
0.36935825931141153
0.33763621374964714
0.3693670160137117
0.3739625934395008
0.3672380712814629
0.37764118204358965
0.37433617579517886
0.38526558910962194
0.348680050985422
0.3460070721921511
0.34743071254342794
0.37053206749260426
0.3624808147433214
0.34880206757225096
0.35521555197192356
0.33936730615096167
0.33821003133198246
0.34090720082167536
0.3369662424665876
0.39368781878147274
0.3416154778096825
0.3664429262280464
0.34942536609014496
0.3267424837104045
0.35832453705370426
0.33073539048200473
0.3545160500216298
0.33011981239542365
0.3276476688333787
0.35695344681153074
0.3616844774223864
0.3582405323977582
0.3237416257034056
0.3469867976382375
0.3625940336496569
0.3763305034954101
0.3644137547817081
0.3555927891866304
0.3571413187892176
0.3669977649115026
0.3297437282744795
0.3262405860587023
0.3563126234803349
0.3529978973674588
0.3392022695043124
0.3548137291218154
0.3456468874355778
0.3620496412040666
0.3901655886438675
0.3682598619488999
0.3671508956467733
0.35713131888769567
0.3796863177558407
0.33904373890254647
0.36703164654318243
0.3506246100878343
0.3044597709667869
0.31195568369003013
0.35415172192733735
0.33366615301929414
0.3460278850980103
0.3037223177962005
0.3309949525864795
0.31493718666024506
0.30963430873816833
0.31468389759538695
0.3269110642140731
0.3270298288553022
0.29468316928250715
0.31642776436638087
0.31343379960162565
0.3353518387884833
0.317816513532307
0.33513278811005875
0.297305223881267
0.28542464156635106
0.28288471937412396
0.29433367686579004
0.2989225454512052
0.3138500219793059
0.27502981142606586
0.28900429332861677
0.29817880666814744
0.28430746123194695
0.3034914671443403
0.28008205466903746
0.29477989487349987
0.2995793422451243
0.3087227893411182
0.2928678070893511
0.2817616136162542
0.2916790362796746
0.29843982943566516
0.28509237384423614
0.31567312381230295
0.2717682234942913
0.3235099419252947
0.30202506738714874
0.30911700963042676
0.28506566188298166
0.3050117007223889
0.28060340986121446
0.27582043927395716
0.28263410209910944
0.28121412225300446
0.29281415010336787
0.2988439273322001
0.29827233380638063
0.283438331913203
0.28953446727246046
0.29831682628719136
0.3052115215687081
0.28437807032605633
0.28684928052825853
0.29377619677688926
0.29123101191362366
0.32049804204143584
0.28281172906281427
0.30574875365709886
0.30056523048551753
0.29466491588391364
0.2806540089077316
0.29885550611652434
0.2904456873657182
0.294355959398672
0.29441802797373384
0.2967972871847451
0.2819996455218643
0.29775884735863656
0.3005904559395276
0.3029282621573657
0.3394139575539157
0.30337439657887444
0.31041712319711223
0.3147140621440485
0.2991244254517369
0.32349952100776136
0.30026987270684913
0.3361095420550555
0.3281075747217983
0.3007842944934964
0.2996175545267761
0.3243488293956034
0.3006932276766747
0.30525405262596905
0.302887681464199
0.32450385921401903
0.2988422953058034
0.3299044804298319
0.30068764579482377
0.34177937515778467
0.3363266533706337
0.3221590729081072
0.3115344241959974
0.2909520118846558
0.31919017992913723
0.33069806220009923
0.3413077118457295
0.36653473653132096
0.32744275860022753
0.3217416926054284
0.34707995160715654
0.3524720179848373
0.2810763383167796
0.3171315304352902
0.29951175453606993
0.3257709390600212
0.3370416026446037
0.34769622882595286
0.3335502410773188
0.3633959240396507
0.3677184594562277
0.34223795658908784
0.3462308970047161
0.31782958994153887
0.319577107205987
0.33871006849221885
0.31820909964153543
0.30292179429670796
0.3219402397517115
0.3509869045810774
0.32658539473777637
0.35457467881496996
0.36493800149764866
0.34392210707301274
0.3723486725357361
0.3487202806281857
0.31980874011060223
0.3279889361001551
0.3365807902882807
0.3174289818271063
0.37173979659564793
0.32873008569004014
0.34975267708068714
0.3427993645891547
0.3284241468645632
0.35411965392995626
0.33246722869807854
0.31562377989757806
0.29738706030184403
0.31240186374634504
0.32570205349475145
0.37126442533917725
0.35957196267554536
0.33171014970866963
0.3126749095390551
0.31252236367436126
0.34533234778791666
0.35005752177676186
0.3308703063521534
0.34394960873760283
0.3252523416886106
0.3335102727287449
0.3785817018360831
0.34071233618305996
0.31961988139664754
0.34969442908186466
0.34293211047770455
0.3142514228820801
0.2753511745831929
0.33885841839946806
0.3015389372012578
0.2759940519463271
0.30114575917832553
0.31481081567471847
0.32325251470319927
0.285225136380177
0.2982537651550956
0.27583486266667023
0.26313148107146844
0.27766157255973667
0.2615192900993861
0.2703125622938387
0.3035289386170916
0.3024439120781608
0.28273694770177826
0.278622163226828
0.2939171831239946
0.2858860476408154
0.2607175993034616
0.2808546478045173
0.29273023968562484
0.2746291342773475
0.29109967208933085
0.3098876944859512
0.32115491217700765
0.30014607595512643
0.278921622550115
0.2924047237611376
0.2809408110915683
0.2482661979738623
0.27754438057309017
0.27365831105271354
0.2604500617599115
0.2855799115495756
0.25286394997965544
0.2960659838281572
0.25895329407649115
0.25507140293484554
0.27679492766037583
0.2837267190916464
0.27703322138404474
0.2671507563209161
0.2645610978361219
0.2657287539332174
0.2632561329519376
0.26425002835458145
0.2724014829727821
0.2554533457150683
0.2790328787523322
0.2638417599373497
0.26968103705439717
0.2768541640252806
0.2769137769937515
0.2748393079964444
0.2621533193741925
0.2689811859745532
0.2677120842272416
0.2758680373081006
0.26107822556514293
0.2743356643477455
0.2878506713313982
0.2771685745101422
0.26462494261795655
0.2865099250921048
0.25109052419429645
0.2946830917499028
0.2568742150324397
0.2583516405429691
0.2642203598158566
0.2877342039205897
0.2437938094491095
0.24222537869308877
0.2949327158294325
0.2586636587860077
0.23987040128998868
0.26477971315149246
0.27115063486606117
0.2693455436919618
0.2678632851191393
0.2661399044624464
0.2826649835846555
0.23860791853563054
0.2778708110526791
0.24775377860454123
0.25919386861831184
0.26598034623101
0.2818161687982364
0.24788829971720852
0.24918786348320368
0.285962584391823
0.26610874408108043
0.27995507741772285
0.24454964327765263
0.23584687615942768
0.2828351287977902
0.2465054893235522
0.24707957145970638
0.2627864952279827
0.259450598964541
0.27066709728926186
0.277940889923122
0.2667632327657046
0.27147317120409387
0.2479191265237613
0.27430135469267686
0.2586981359663911
0.2593880491697882
0.2657740200011749
0.23781455777526841
0.2534169715455198
0.2502500041145978
0.28649185492297796
0.27123820781707764
0.26842455706727786
0.25195281577157225
0.259979221705846
0.2682935960414841
0.2537495282691295
0.2581680246342824
0.26412651875591653
0.2533819434328342
0.27931136948855845
0.26078642042368416
0.23576760550183573
0.28305069679819694
0.28053425551634137
0.2849877135842804
0.3125983325867202
0.27457126922260117
0.27925117049864895
0.29276464363252086
0.3124182264166554
0.2913306196491549
0.29806326986767173
0.2863680122522857
0.2990937458835249
0.2661152974827083
0.3126339305221565
0.30207966086198024
0.2884418778414801
0.2788647690157252
0.2849467786278312
0.3030382961504103
0.2856171824566023
0.2951384414955387
0.29181853975132693
0.30481338700440924
0.29496775585131385
0.3093654523918948
0.33702441351854895
0.28832297138576435
0.34598151072273103
0.3413402199979842
0.3411776755503782
0.34072214611402646
0.34760220278435805
