0.00675431905744972
0.001263486728873886
0.009616804374616095
0.010741755281429732
0.00918579424481436
0.02200141402919087
0.027460155042717815
0.043514318846291644
0.03916064508848649
0.05447142173375141
0.062321143995291095
0.08436407604767737
0.08783042758705051
0.10237544663232256
0.11124056647486213
0.13419370450026236
0.1158284834227743
0.15306769337985315
0.20053251328317856
0.20421021570382436
0.22435115377402326
0.2274572831572641
0.2482386284787026
0.2636345336013619
0.30800815324755604
0.28176190233466514
0.3008073473602053
0.34674104897385405
0.28461890660173594
0.3685385894968931
0.4086898227465099
0.3587831844893117
0.42986016388567805
0.49007693900239246
0.4545980823058926
0.5207954721081478
0.5661721784890688
0.49861678910838236
0.533546530699823
0.6955907960509649
0.5516834901754919
0.5970264715087978
0.7280709535407368
0.5662371586786321
0.7457880116053275
0.6290434998390992
0.7812581337257143
0.9000578779014177
0.773668234643992
0.8524804367079923
0.7335655984934419
0.8724873708197265
0.870211756307981
0.7643605621851748
0.8933560465120536
0.740765895734512
0.8597834463980689
1.1780576063065382
0.9187804903740471
0.7874776793905767
1.0715838158430415
0.9916759483894566
0.8726502039717161
1.031727146008052
0.9771185984027397
0.9540680749123567
0.9692656944607734
1.0007498407867388
1.0997010936043807
1.1124570952706563
0.8903023158636643
1.0217405355397204
0.9277847046541865
0.9916585714381654
0.9853934774073423
1.0423668328730855
0.7862336016769405
1.4270665502845077
1.1047348716383567
1.1576629441406112
0.945260952328681
1.0212322228435369
1.2047179827204673
0.9876842915909947
1.3844343721866608
1.238509733484534
1.1912098818720551
1.2361599980649771
1.1622770898138697
1.1476846866571577
1.138987909129355
1.1595695321448147
1.198679086897755
1.3303138119954383
1.3522525946464157
1.1877610315204947
1.4516506712097907
1.4489997689524898
1.1151654144050553
1.3700555719260592
1.274668152705999
1.6000903343956452
1.3922464343922911
1.0905172875063727
1.3870443708947278
1.583482204907341
1.203570840836619
1.1186899471940706
1.3156861881434452
1.6302914926345693
1.2945461168856127
1.350897510361392
1.3087359693017788
1.461432399781188
1.4672708151920233
0.9932157475559507
1.3597709502646467
1.306668507764698
1.1896977380965836
1.4214542255795095
1.3173901915870374
1.3003226064174669
2.1768904823984485
1.9599998757767025
1.8898209876788314
1.5118064265552675
1.9732590691710357
1.817097941384418
1.7054788202804048
2.0162620125338435
1.7262894588639028
1.9603720893210266
2.171784734877292
1.7699611397401895
1.8150350378709845
2.0345934027573094
2.1471601689991076
1.6300548860745039
1.3795991057122592
2.0845296537154354
2.037870975676924
1.825849159649806
1.708690878964262
1.520690591802122
1.6250935599964578
2.2678296172525734
1.8029966675094329
1.2530605676583946
1.7262134517077357
1.5258330783399288
1.5845900033018552
1.6291717670246726
1.8210982775490265
1.899853943643393
1.2875596311641857
1.3539813386450987
2.076182529272046
2.1188361733802594
1.767888684553327
1.559694573894376
1.3619516093749553
1.4167087537207408
2.1477466800570255
2.0614390647388063
1.6089147036254872
1.23325709317578
1.7877568108087871
1.9173652625322575
1.7314516823680606
1.7071773348143324
1.5937444683513604
1.9169658231840003
2.0033724517561495
1.654002550189034
1.9270420699904207
1.6546252253465354
1.831284329353366
1.8226961409091018
1.492268807705841
1.985875632497482
1.898897737963125
1.5545214572339319
1.703390579437837
1.2285253322625067
1.1180635102791712
1.4598045902093872
1.8234263029880822
1.4422566808352713
1.259375937457662
1.7417623047949746
1.1949574842931718
1.5846953373255692
1.3126461925058384
1.2745016710612718
1.1501100706303213
1.2930558080102985
1.2037642453833828
1.5749504147317466
1.1250497724010249
1.2346160035492397
1.2760050515020926
1.229114521969491
1.103218333927665
1.1398711189568982
1.110253929563864
0.9599862920604353
0.9439201596097684
0.9744603988809848
0.9555805994007062
1.0085103716261274
0.9994885015088742
0.8731445888365348
1.0312874491113846
1.0494235168233161
0.9261353552693458
1.106314936872777
0.6849537617050288
0.9470240946301794
1.0026136269778247
0.9146158584048898
0.7329833692482371
0.9047922618745818
0.7772022218216122
0.8621696950061115
0.6655806192438903
0.8180042708835263
0.8664293589261104
0.8122709875149051
1.0412565256197621
1.1878666633989399
0.5749728439713088
0.5877963134094956
0.7895754812739966
0.7393219571003294
0.776955225893597
0.6312545733306352
0.9346508440070265
0.5512612728387352
0.8289943201628727
0.9030409201275645
0.6819832175676748
0.5555866361251027
