13.078464665915817
9.636897825170308
10.084620235022157
10.86434553959407
9.597047021845356
12.584638426080346
20.250147448386997
21.213943088427186
19.987303720787168
15.411595328710973
18.287488740868866
14.565985605120659
12.984873135574162
9.278959461953491
12.65258752508089
10.202675462234765
9.824900315143168
9.987034677062184
9.834069797303528
10.72462862636894
9.361425632610917
7.432508761063218
7.663439248222858
6.7302774512209
8.221139127388597
8.806695046834648
9.208178856875747
8.509283250197768
8.689210118725896
8.55629712715745
8.617518420796841
7.658918344415724
8.879508041311055
10.205761536490172
10.015119680669159
10.295866874046624
11.192076373379678
13.34912344487384
14.722081516869366
15.606579149141908
21.953457387629896
20.834330449812114
16.17917133308947
16.759924344252795
14.72968043666333
13.313026478979737
11.340431975200772
10.494685760699213
12.056241200305521
8.268622297327965
11.427508328575641
8.748704802710563
8.8658066901844
8.403960580937564
7.554402507841587
7.349985301727429
8.998320465208963
8.089213964994997
7.235018820501864
7.077822459163144
7.656202520709485
7.661427300889045
7.6174906429369
6.719022760167718
7.188069847645238
6.748501573922113
7.855512199457735
8.08324082288891
7.596146879252046
7.580310849938542
7.874247477389872
7.449437015224248
8.581833274569362
7.846913322806358
9.334036186803132
7.7510645422153175
8.357541441684589
9.211665529292077
7.137536644469947
9.106627369299531
9.347894599894062
8.583167863078415
6.829553740797564
6.791740503162146
6.493091045180336
6.987734341993928
6.441914566094056
6.555122382473201
6.139161197235808
7.722347411327064
6.656087342649698
7.643988250289112
8.626526487525553
9.646199616836384
9.619375963695347
7.084060190245509
6.77307523181662
7.7401507762260735
7.306568009546027
7.192696851678193
6.47724967636168
6.128975871484727
7.615437253378332
6.551731048151851
7.637434169650078
6.878549566492438
6.825277705211192
7.8094767143484205
5.640629891073331
6.191486532334238
5.998137959744781
6.799504938069731
6.681334333494306
6.044239949667826
7.653831139206886
5.558487952221185
7.594763270812109
6.203701006481424
6.827972536440939
6.366328465053812
5.676900565391406
6.6104803322814405
6.7984619836788625
6.4559039797168225
6.163785565178841
5.226928997552022
5.785292919259518
6.146745963022113
6.245666502043605
5.832086974289268
6.116077872226015
6.57409658911638
5.968716965988278
5.679530036170036
5.419911122880876
4.836039768764749
5.577316548908129
5.845362711232156
4.518050937447697
4.976310497848317
5.538796940585598
5.639502598438412
5.066247997106984
6.2163666354026645
5.522126480238512
6.986056494526565
5.386375071015209
5.42045930842869
6.264374501537532
5.242197305429727
4.582266292767599
5.721096548018977
6.083220320055261
5.249486181186512
5.991104987915605
4.806088266894221
4.6696166775655
4.086996405385435
5.453595891594887
4.120427819900215
6.062902206322178
4.820415491005406
5.216825200477615
4.6336027041543275
5.091764687560499
4.179177461890504
5.553197090514004
4.2213011684361845
3.6406067050993443
5.034108009189367
3.7430725244339556
5.516215254087001
4.180748563841917
5.239110733848065
6.379962783772498
5.358159570256248
3.7826146511361003
5.304587278747931
4.476526173762977
4.535838307347149
4.727855548262596
4.722487184684724
4.74047703971155
4.951544443843886
4.4177177348174155
4.6237033805809915
5.30843366519548
4.484061036724597
4.140516690211371
3.5405396597925574
4.606876834761351
4.072084950981662
4.842131263692863
5.865050008986145
5.589952587150037
4.618809723993763
4.991504866164178
6.2625648223329335
5.670568182365969
7.041792365722358
4.753781182225794
4.432966472581029
6.724214860703796
4.362475449685007
5.436489129206166
3.6078726707492024
5.309784460929222
4.36583951045759
4.403227880247869
4.8667049263603985
4.703598335618153
4.706748341908678
4.365701312199235
3.769659338751808
4.810442857444286
4.30430648685433
5.438688170397654
4.717875246657059
4.561641379026696
3.455150917172432
4.764289547223598
3.104863622924313
4.333719167509116
5.568449830170721
4.36988556641154
4.292974715703167
4.363933530636132
4.065272707724944
5.699012121418491
5.0065047952812165
4.422257071593776
3.508147697430104
4.2650116654112935
3.7562970723956823
5.781128829810768
3.8429810053203255
5.412477681180462
3.7989711849950254
5.523294986807741
4.476699742837809
4.190338570741005
3.215500599704683
3.4089425961719826
5.407475424348377
7.966473541455343
5.708089690189809
4.649743013782427
4.714415069669485
4.575459748040885
5.529559150105342
4.455062634311616
3.2727747957687825
3.2644280425738543
3.0730271842330694
7.081254733260721
4.955848931800574
2.761733684455976
6.3225914186332375
3.5570338959805667
5.66109206888359
3.399264457751997
5.211109277792275
3.599451615009457
3.778139997506514
5.54083874844946
6.278345469152555
3.9621044491650537
5.3528800185304135
3.825819611083716
3.7578531550243497
3.6303660590201616
4.962436147034168
5.016587188467383
5.704140614951029
5.985056503675878
5.661046534311026
5.840309681603685
3.681446655537002
5.551298210397363
3.412459639599547
7.164609506726265
5.250593233620748
3.5225850036367774
6.535449069109745
4.3242339552380145
3.960963408695534
3.6805913732387125
4.908367911586538
7.250372623093426
4.234364383388311
3.179424568079412
5.3125638995552436
3.034136305679567
3.557963679311797
6.611505790613592
6.82513854210265
6.504186415113509
3.2970463261008263
3.9822193700820208
3.9116389360278845
7.019505774835125
3.179247153457254
5.518368927761912
5.3865591721842065
5.256344857392833
4.052018318325281
3.9233225844800472
3.327268176479265
5.475402431562543
3.029565961100161
3.126785779139027
4.382261171238497
3.782709458610043
4.4294354524463415
3.225661820266396
5.421306409640238
3.9856867138296366
4.029656321275979
3.8897354160435498
4.1063895877450705
3.136360743548721
4.080398406134918
5.1579430100973696
3.3695141044445336
3.9389433660544455
3.2810932903084904
3.971781551837921
5.4903469127602875
4.415747098624706
3.550464304862544
3.720923646586016
3.919685197644867
4.033447770867497
4.323307248996571
4.364110737573355
4.469531730050221
3.6816671702545136
3.4584330756915733
4.225972097134218
4.236168077797629
3.4698298138100654
4.94668359705247
3.3999229789478704
4.226836449466646
3.90410436806269
4.766963486559689
3.6140207580756396
4.027915336890146
4.094138859305531
2.852693265187554
3.6207262135576457
3.7044889491517097
4.0389853328233585
3.856462338124402
4.3570354647235945
3.8959112600423396
4.746648445376195
3.782741158735007
4.231355199823156
3.285921947332099
4.092862733639777
4.250884560868144
4.121573990909383
3.584266807883978
3.535391577752307
4.132239358383231
3.7147079058922827
5.4961774265393615
3.907650530571118
4.974672163370997
3.911703432793729
4.74306293844711
5.197458821348846
5.025003521936014
4.307006535935216
3.76615711604245
4.450278746546246
4.540668721776456
4.140735023654997
5.0011281098704785
4.165856938343495
4.693747544661164
4.5457988805137575
2.9081206186674535
4.765204697148874
3.3005487743066624
5.245307229692116
5.431782334111631
3.2217995900427923
4.361139013664797
3.8771753697656095
5.027220029151067
5.176291243056767
5.395382086979225
3.7938113890122622
4.186034597107209
3.638530430616811
2.852127969264984
3.820553955854848
6.641267247963697
5.599356411490589
4.21741113148164
3.7779687847942114
3.7942647165618837
5.670066762482747
3.9559098400641233
4.3146357240621
4.171466587227769
5.996965259429999
3.9029824069002643
5.073690835386515
4.504650534829125
5.400270076817833
5.844308378756978
3.160615025088191
3.9406927101081237
3.2755686265882105
2.910392780089751
4.404681587824598
4.552308068261482
4.385239159455523
3.935159179731272
4.905616672243923
3.8360343638341874
4.685503156390041
6.451979152858257
4.18394903850276
3.9470241663511842
5.685912259854376
4.010545775759965
3.8604652723297477
5.439586445107125
4.598636043141596
5.0607156900223345
4.34005928132683
3.374510289519094
3.9744232738157734
3.5907124429941177
3.3589736986905336
3.3161208300152794
4.104182844050229
3.5218373010866344
3.7304730894975364
4.034418393508531
4.9583528361981735
4.738651059800759
3.8940740312682465
3.8389673734782264
4.916366751655005
3.5626655062660575
3.7896427088417113
4.096821638639085
3.1547758153174073
3.9603446017717943
2.903534028446302
4.711208794033155
3.811239437898621
3.1527470625005662
3.3911718684248626
3.580710694892332
3.750782416667789
3.7600611614761874
4.371369931614026
3.0066004507243633
2.8097730447771028
3.587024401058443
4.465957671054639
3.5584151045186445
3.756971202092245
3.97738581628073
3.440876051550731
3.197997878305614
3.814580514910631
3.6466423752717674
3.456866016960703
3.655783286318183
4.200643426855095
3.550349574186839
4.358876434736885
3.6556563266785815
3.43964270374272
3.479924752144143
3.938801443320699
3.106621223152615
2.998559730942361
2.5221025485079736
3.8255974978674203
3.204684295458719
3.1283677075989544
3.6951348080765456
3.4326098532183096
3.489208200480789
3.397326810285449
3.214696431881748
3.0437743774382398
3.087672572932206
3.8177246826235205
3.653381308540702
3.4597717110300437
3.635234020301141
3.4584419461898506
3.991477292147465
3.234836362185888
3.789593249442987
3.5896077025681734
3.813881508191116
2.757775532430969
3.8044401246588677
3.3677204875275493
3.4952454942977056
3.1464124587364495
3.6246660434408113
2.8925675379578024
3.7784174545668066
3.4095641101012006
3.011062432313338
3.1312020015902817
3.0820615629199892
4.035978982108645
3.115379364346154
2.3957596365362406
2.8849358910229057
2.9360104702645913
3.839998758165166
2.998559112660587
3.913944818545133
2.6998956027673557
3.7880497173173353
3.046438892488368
3.6205840039765462
3.410841705510393
3.1212030072929338
3.1979940958553925
3.130314127076417
3.532462003408
4.033188117085956
4.583259424660355
3.6956573232309893
3.3935835036681965
3.1447893530130386
4.332750048022717
3.5344960356596857
3.4473594090668485
3.305721007869579
3.1008939024759457
2.851504608639516
3.378400982473977
2.849048977252096
5.329444405040704
2.6897956148022786
3.3694350550649688
4.248866006615572
2.899994832696393
2.968764767050743
3.2301567231770605
2.9541285719024017
3.6171646940056235
2.7556471643038094
3.343867260031402
3.310418553301133
3.4064854030730203
4.395436063176021
3.390550326439552
3.352973257191479
4.298553550965153
2.7994777298299596
3.181355502223596
3.2090481370687485
3.471239010221325
4.05023343465291
4.364074618322775
2.879562916350551
3.8428661867510527
3.3710225359536707
2.8344723090995103
5.110457264701836
4.074050029041246
3.7023810625541955
3.2596988590667024
3.5992605610517785
2.5438405866734684
3.601001773145981
3.8614211089443415
3.9424631881993264
2.8658043823670596
3.648775870911777
3.3152727321721613
3.5202548761153594
3.7297986377961934
3.193788966280408
3.4439972003456205
3.0758341420441866
3.0498006648849696
3.3061596743064
3.8344278424046934
3.195542735280469
3.1083197036059573
3.1504737407667562
3.0040693564806134
3.5210356295574456
4.47194807138294
3.250745152705349
2.896480028401129
2.896436913171783
3.327070799889043
2.7766829506726936
3.4989410045091063
4.2617398200090975
3.4470410756766796
3.2091512780170888
3.3624505803454667
3.093975319992751
3.0519840308697894
3.8578915966209024
3.776862434577197
4.130678101209924
2.8743404062697664
3.174933446221985
3.788968820590526
3.6482829890446737
2.9830128479516134
3.9715741702821106
3.12968351051677
3.1336082611232996
2.9544877981534228
3.5194968407740816
2.61486626858823
2.7614829435478896
2.9627393253613263
2.385796278133057
3.937860873877071
2.837013245676644
2.9943780452013016
3.9302221732214093
3.380062661250122
3.2997891140403226
2.9992621992714703
3.8824330932693556
3.4413203736767173
2.7489869956625625
4.163680445519276
2.603993278578855
3.6169117386452854
2.3963131920900196
2.927725894842297
3.03540258819703
2.359606779529713
2.8408319695154205
3.2197326003806666
4.066600232385099
2.8020755312172696
2.852681909687817
2.9124088941607624
3.67460286419373
3.122070638346486
2.9353059455752373
3.278837096178904
2.8635504114208743
3.391657289932482
4.322026963694952
4.104535969323479
3.475511674536392
3.064413098152727
3.93374994082842
3.0218463613418862
4.610374733572826
3.3146783653646708
2.498229834367521
3.4242912062909454
2.810266218963079
2.6769464154494926
2.3335208032513037
3.6755807214649394
3.361785114277154
2.508586509851739
3.460870075621642
2.7764001132454723
2.3407353746006265
3.353198991040699
3.063723037019372
4.579157863277942
2.882543930900283
2.897022313787602
2.471665470977314
3.681785846943967
2.6482804007828236
3.368894928251393
3.582934161182493
2.8096120153786615
3.141053084167652
3.193482694681734
3.390145211480558
3.008860758622177
2.765529317315668
3.2534919570898637
2.7612966302549466
3.6771026547066867
2.65453372488264
3.42351001733914
2.700565529987216
3.1998910929542035
3.3943358494434506
3.4229245942551643
2.4106074336450547
3.25752687768545
3.188900853972882
2.6178204548778012
3.54327548306901
3.8219956456450745
2.527888247394003
3.6168908866820857
3.2594225771026686
2.944796856492758
2.474540984374471
2.7009114135289565
3.150934931705706
3.6334480616496876
2.6011309006717056
4.831687969970517
4.338059951318428
3.309225420700386
2.862954831449315
2.5475145919481292
2.9293253656942397
4.2425597860710695
4.059109393740073
3.418087299913168
3.7932081698672846
3.0491122266976163
3.1457605129107833
2.9911340053658932
2.955553531530313
2.5853510551387444
2.417396910255775
3.02043333358597
2.615336289862171
2.3740575921256095
3.0459206075174734
2.2886552575509995
3.249658898683265
2.9225293493364006
1.9478160897269845
2.367959053022787
2.366118971607648
2.827976608881727
2.5630663714837283
2.524841654812917
2.573826038162224
1.8926578133832663
2.603638425585814
2.4493005252443254
2.5091581859160215
1.987877357401885
3.2414446310140193
2.222012705053203
2.2554238385055214
2.5122046129545197
2.5344636768568307
2.3865028521977365
2.9275011367863044
2.758361380198039
2.8055466167861596
2.2885619098087773
2.1069456934928894
3.323896494344808
3.5399368398357183
2.2228510411223397
2.2220922138076276
2.6896800559479743
2.6616358258761466
1.9846241407794878
2.7217946752207354
1.8768016524845734
2.04641549102962
3.2699881566222757
2.6564162134891376
2.6287236132193357
2.42243669857271
2.704810544499196
2.740616267430596
2.2909785793162882
2.313123282743618
2.16845699865371
2.519653508090414
2.4551490952726454
2.4575264889281243
2.964028546004556
2.8694852523040026
2.6186168340500444
2.663507493212819
2.865996600361541
2.4470164912054315
2.3652449989458546
2.7652496892260388
2.5176304298220202
2.2160218448843807
2.4178816756466404
2.5991649533389136
2.589418180868961
2.2335445097414777
3.1099431798793375
2.9713015110464767
2.6515413344604895
2.6608067306224257
2.1313370588468388
2.549436326837167
2.1773395020281896
3.00639923568815
2.862702810787596
2.8696515924530104
3.2074627198744565
2.881742416881025
2.7487580225570127
2.197564793867059
2.7230525510385633
2.0739942566724494
2.9629181924974546
2.0892915885197
2.9255093288375065
2.400266506592743
2.5865953024476767
2.5321707162074745
2.284697755705565
2.838291899068281
2.0664616386638954
2.3545894779381342
2.62905277532991
2.07134069618769
2.6763817035825923
3.0474409017479047
3.0749349782709032
2.5854319920763373
2.2374888089252636
2.5638141873059794
2.84079056896735
2.653555475990288
2.180112211848609
2.96577520808205
2.038222085335292
2.451282222289592
2.596406315686181
2.5329444523667917
2.742927224840969
2.8733186279423535
2.518655419931747
2.56982058880385
2.289459740393795
3.1761284064268693
2.8341900007799268
2.336519046104513
2.9704961196985096
2.4618094358593225
2.7248254597652704
2.6871524690650403
3.0978101486107334
3.429816511576064
2.5174387225415558
2.428054420510307
2.900099409627728
2.588524573831819
2.79516509314999
2.635764187318273
2.8498476351378486
2.775311362929642
2.8596402686089277
2.981787257245742
2.1251181478146464
2.75729389290791
2.91286941699218
2.7800842014839873
2.841205201577395
3.4633902164641768
2.5627524624578655
3.1819586666533723
2.249748374335468
2.4183872665744275
3.147291044704616
3.080127426306717
2.64981162478216
2.4127376914257184
2.2169743442209437
2.792134327464737
1.8667377209058031
2.943463041796349
2.2584810104453936
2.9934166570892558
2.1496767512289807
2.774025087011978
2.971724877366796
2.593146002618596
3.0859201287385076
2.092681258684024
2.247782610123977
2.747740542050451
2.3473198625724763
3.1013803792884573
2.8093379612546414
1.9792897187871858
2.6096650742692873
3.3773102302802727
2.51286830753088
2.6088288362370804
3.025795947178267
2.4205217368435115
3.051491525839083
2.6211025117663667
2.6942128211958334
2.274189170100726
2.2325785064604133
2.5995400183601305
3.499975201440975
2.517691447515972
2.256403658189811
2.847772165783681
2.5947654279880226
2.2409232263453305
2.5356761418515816
2.401623259531334
2.496337542310357
3.1910655754618347
2.810312798130326
2.3328195033827797
2.931133527075872
3.201891849283129
3.113677556742914
2.1347922808490694
2.6045977659523487
2.6854499641340226
3.0761434795567766
2.649771728552878
2.5358245498500764
2.7815102400491014
3.397856560186483
2.1670036955038086
2.7133955827448517
2.3665280432906
3.0236581430071965
3.3687278028810397
3.5965733521152288
2.8316709171049297
2.9794272161088884
3.215975205763243
2.6869057257426903
3.142313275835477
2.852389639127068
3.2462375455070287
2.835319383535534
2.4979881710605696
2.6584841224830598
3.2297041792189702
2.969221477629617
2.532036850345321
3.3425103983609006
2.8062364308862016
2.8951281988993287
3.362863160786219
2.773309134528972
3.5359116825275123
2.614664380787872
2.286409398773685
2.9590800562873483
2.745675629703328
2.9931512078037485
2.9925757561577484
3.095220263232477
2.9711263785138726
2.7390324122970924
3.3957155882380903
2.1770612138789147
3.105712177581154
3.0442489181878045
1.9822748127626255
3.194782594451681
2.35399528068956
2.263932322966866
2.6909485511714593
2.3205507611855865
3.2455628965981305
2.4640229971846566
2.1680636402452365
2.3217466647038236
2.0635951673612
2.8739496858324856
2.8493965866509825
3.2748211509315297
2.9943990712054074
3.0587779151974246
3.1525242711650208
2.0420284149004146
2.3967519147554412
2.3221823289059103
3.0352418184047565
2.029943943955004
2.9463720279745758
3.3628343928139657
2.0294645206304267
3.4030364674981683
2.7030332480790094
3.4062178084859625
2.4093424478778616
2.7723811418982223
2.413855411228724
2.8273093081079423
3.491289804223925
3.3877309447852895
2.3465461891610175
3.1896644230000675
2.536412376211956
2.791845118277706
3.584824743680656
2.11817487643566
2.439971155137755
3.559988976921886
2.7457127062371
2.795532474061474
2.820376124465838
3.1815585050499067
2.9145718046929687
2.405651006149128
2.7521198716713116
2.7283024665666744
2.2554229240631685
2.6626289599807933
3.0104575401637703
2.9700731600169092
2.682822232018225
2.8105687097413465
2.5787504251347855
3.090256617986597
2.5624821862438694
2.1813223717035726
2.6242228212067857
2.974428102024831
2.975621418794617
2.3495422368869185
2.8987305151531473
2.65505725517869
2.0958728849655017
3.2302374412538484
2.7268311316147447
3.1657533273100853
3.195968469022773
2.699103070073761
2.6260194061324
2.6143808820052072
3.02442061889451
2.7173575912602246
3.0136184975272045
3.1508477865718305
2.9543658278416842
3.2823323607444763
3.203617115970701
2.3489669918781146
3.2533180793980137
3.2446532051544636
2.6353314206935465
2.7651699954876676
2.7417215482564643
2.720165966427885
2.5761054767062888
3.0374622198287398
2.451808094861917
2.4608077285811305
3.114387297304347
