0.12426393222995102
0.09234017026028596
0.15845399448880926
0.17374774138443172
0.1750820670858957
0.17283611063612625
0.1605123018962331
0.16098733054241166
0.14806358329951763
0.14454399404348806
0.13687466719420627
0.14128834306029603
0.14402335847262293
0.12893086922122166
0.1086474327603355
0.10084436042234302
0.09729217964923009
0.10137645518989302
0.10633831826271489
0.1045170302677434
0.11386759433662519
0.11128245884901844
0.09489126715925522
0.0922326530853752
0.09649246267508715
0.08033927791984752
0.0930624142929446
0.08712752879364416
0.09401953555061482
0.08368841529591009
0.07810748337942641
0.09076083099353127
0.09644916446995921
0.08802172055584379
0.09690535528352484
0.08865369006525725
0.08664559219323564
0.07770243374397978
0.08570661356498022
0.1007108354679076
0.07332374977704603
0.075517069111811
0.0743744933133712
0.0921394391625654
0.08122938869928475
0.07174221113382373
0.0673771108922665
0.06815485535480548
0.05525905665854225
0.059580425011517946
0.06021907897229539
0.05569772127637407
0.06798875117237912
0.0681102450034814
0.04743299477559049
0.062478591506078374
0.07271419548123959
0.07361084264994133
0.07674197833694052
0.08208117623871658
0.07374323980184272
0.06879103470419068
0.06888685203739442
0.07085141947754892
0.0630305509766913
0.06599123120759032
0.06717310019303113
0.062039856682531536
0.06549747160170227
0.05782421813637484
0.0757450806304405
0.08885735204239609
0.052147614924251684
0.056123253005353035
0.06806226828120998
0.06797380625903315
0.06047313420640421
0.06941880145132018
0.05126695512626611
0.06204765577240323
0.0765090919285285
0.061810389795937226
0.061903502926725196
0.06185872291462147
0.06756748348107067
0.05692273874410603
0.06012165289212135
0.05684344815745135
0.05298066188879602
0.06072533097903943
0.06459412621825322
0.07419904422204127
0.06180480712191638
0.05157381944354711
0.08307708411302883
0.06785931985996285
0.05921047997344431
0.08071034628392226
0.08187619472846563
0.0659148847803408
0.0665996571415235
0.06021368511073888
0.0588669236003625
0.07068393964982533
0.069295656147915
0.06996002410232904
0.07393212083843537
0.06071360015721439
0.07191350265657093
0.05421540583574824
0.05736094975918604
0.05521672573831893
0.06824376712211233
0.07288232938390138
0.07950528617902819
0.06677213089551515
0.051291849380049825
0.06351094266756263
0.07132861212903663
0.06888204579581725
0.05290739508200204
0.07369731076505559
0.0862435106337216
0.06487719539518366
0.05888103632923958
0.07157389586700447
0.07695902262867094
0.07057750059038881
0.08316143109186669
0.0783067277588998
0.06911628706711781
0.0842388733522057
0.06958106371348549
0.07269373023063963
0.08183326418293291
0.04294569584044439
0.05784554767433292
0.09260208157957095
0.09019532530146535
0.06985926645029394
0.06685634220048087
0.09379273403555999
0.11268543962796684
0.04899729926364671
0.1018576205278805
0.083432126122716
0.08031047526856128
0.06514949412030546
0.07459478529926855
0.08617564148516976
0.07329589244909585
0.06855516343057388
0.0966617860030965
0.10276198067731457
0.09204383201358723
0.0732842736542807
0.10269488753692713
0.09278783154150005
0.08575428812036989
0.09463189227244584
0.090978684653237
0.10340954240382416
0.09259693728381535
0.09288700617616996
0.09387875466200057
0.084205057915824
0.10063855531916488
0.10274543063133024
0.09327725014009047
0.11835216690087691
0.08523786336445482
0.07359694597107591
0.08451222549774684
0.10505104878393468
0.08151679325965233
0.0814198513435258
0.09634783589353901
0.08276204839421553
0.08747268924344098
0.09719692005455727
0.09841879090345174
0.1057582165740314
0.07941709714395984
0.08883570511716243
0.10827114412131777
0.10852716409499408
0.08399772986558673
0.09988572254405881
0.10595815772830974
0.12341309542716772
0.06947006146765489
0.06280789519405516
0.08679394797673012
0.10612681180373329
0.09586199226305325
0.08529830251609383
0.08491634385609359
0.11708243484781633
0.07268579794435936
0.09198744961850025
0.09341349347687355
0.08297637223950005
0.13406839156778005
0.11600454806648486
0.12822184428841865
0.10677128519819234
0.10479159151327622
0.10892542849251186
0.08690361358276277
0.10473431517857534
0.1085843962528088
0.110780817189152
0.09297146590142802
0.11272480955176434
0.10627906095214712
0.11376132470286393
0.09670344201549597
0.1144026000310987
0.13209595929220086
0.1053149942017626
0.12700759469589684
0.10130510184535524
0.1130625836976833
0.13248599753933377
0.13364534346328583
0.1247396581893554
0.10396664598374628
0.08600486274372088
0.11021626182628097
0.1322880187726696
0.14800058679975336
0.11344354842003668
0.10124783223727718
0.11593576976156328
0.12289554624294396
0.11701642520347377
0.11953287888900377
0.1056817091157427
0.13408743715262972
0.14107529513421468
0.13490475340222474
0.15111335630354006
0.14419989920861553
0.1290931635448942
0.11007552010414656
0.12056533378199674
0.12695443646953208
0.1176244585076347
0.10606952687521698
0.10665306141891051
0.11671268323698314
0.1063334943173686
0.11293071796171716
0.10059185748104937
0.09711235201029922
0.11452154059224995
0.12615092537453165
0.10223722715454642
0.12623329164489405
0.09960831149874139
0.10492443492330494
0.1383256066510512
0.11279012005616096
0.10942546419028076
0.1171370178781217
0.1291551522881491
0.10979509279786726
0.11783701931926771
0.13427278948802268
0.1336378865998995
0.1288059681573941
0.12233964577171719
0.12769550303710275
0.14744242765300442
0.11597253445506794
0.14229878534024465
0.1339466342542437
0.11447530828445451
0.12493847939185798
0.13718940693797776
0.15854569630755577
0.12254117256088648
0.13129408895838424
0.10733850333781447
0.13209959768937551
0.11129986964442651
0.11103657315470628
0.14776429915218614
0.15124905278571532
0.1391405250554479
0.13245543737815121
0.12038118524960881
0.1881247733602315
0.15567488570176946
0.16214940762587302
0.12113688834099554
0.10235678157622478
0.17298039750335373
0.13376860372267488
0.1433027598559563
0.12376281421807572
0.14692619623337674
0.10583108577393288
0.13870088824283655
0.12546091020935926
0.11912623795820033
0.12546796035424873
0.1194428457038873
0.1265046797806441
0.14122916298999091
0.1335976810788545
0.13729107194198809
0.11079268772008381
0.13756150417176521
0.15409521037331364
0.13591803015598397
0.14770952894858372
0.18499837732529195
0.14601308356706552
0.13696932185837252
0.14504098091421164
0.14211500886695708
0.15524527652731795
0.150028650901889
0.17120136802385408
0.14472059310435897
0.15751211380578695
0.136697260402583
0.14459354725600346
0.145852543853634
0.15304809243704273
0.16994116342017854
0.15303843882389542
0.15638570157136386
0.1711221219583114
0.16247897765298527
0.16825650810579382
0.12802954183847415
0.17761575743394692
0.1361839549989975
0.1535034214978759
0.18012999568691873
0.178475027683917
0.16669516151726949
0.1417759809859361
0.1634673015544499
0.16519588550486727
0.16704628845552114
0.16278705899566998
0.1809286003140366
0.16905905935165333
0.16345632241628183
0.18049488806598415
0.1731464823865603
0.13432166944661245
0.15046397398233297
0.19787812683232656
0.16138076708527413
0.1733929401329594
0.1371856673224646
0.1418593915685366
0.17801305209469842
0.14275984859688018
0.1450408765602505
0.1639205372862987
0.1650785427800871
0.13265514565360417
0.17215414227015802
0.1602534076701263
0.15738924079589311
