7.085552806034684
6.819421090185642
7.504505900200456
10.244682786986232
28.351692801341414
24.39159655570984
31.358179116621614
29.59745344147086
22.60817970149219
18.260673290118575
13.965180343016982
15.392093943431973
17.69144561700523
15.301442166790366
22.960663421079516
17.565176345407963
25.72377929650247
31.222615711390972
22.68190191872418
17.973073218017817
15.597023766487837
14.95740901120007
15.692519266158342
19.013161843642592
13.04588984977454
11.48044996894896
14.707426263019443
11.170898266136646
8.91115948650986
10.068918087519705
11.445339370518923
12.65859370213002
13.367684761062264
10.687738742679358
10.985645447857678
11.327205803245306
9.014281488955021
9.17879510577768
8.725258681923151
8.370428876020014
9.56699625775218
7.947286162525415
9.377184335142374
7.841113390401006
8.339983123354614
9.195790915749967
7.7233186503872275
8.35566551424563
7.974395933561027
8.872608721256256
8.722576036117971
6.981435252353549
7.020350546576083
8.383769985288382
6.254108788445592
6.47505590133369
6.387327793054283
8.057220945134759
5.855557701550424
7.973220822401345
6.78997347690165
7.337506892159581
7.849456793628633
6.391305849887431
9.070898295380175
6.743282571434975
7.900163225829601
7.9055646331980824
7.998254290781915
6.697852966375649
8.022109218873084
6.488083233125508
6.3814459051936865
7.316744659096003
6.9504839684814215
9.22321273572743
8.963897788897157
7.981640866026282
14.454969546757638
6.407006280962378
8.101307573728263
6.560404231771827
8.287187973037362
8.95876725949347
14.449438866227865
12.373906658031046
9.092145966365933
11.0831205425784
8.092440405860543
8.125074914190918
5.8284947238862514
6.102526881732047
9.052607359364629
6.869464438408613
7.088784918189049
8.209972976706922
9.031236334703863
6.558549215551466
5.90257977694273
5.737310294061899
5.666326268576086
5.861711213365197
5.153150777798146
5.360671487171203
7.538500422146171
4.355612350162119
4.142096670810133
5.6981578869745135
5.249126804992557
4.454627466853708
6.066090268082917
6.448254674207419
3.6209398270584643
4.120235855225474
4.345229474827647
4.873497847933322
3.8684546493459493
5.0180865582078695
4.219770310912281
3.6613069912418723
4.699991062283516
4.137948478106409
4.835339467506856
2.7087497785687447
3.5255713094957173
4.178960434161127
4.56368553172797
4.443498881533742
8.050810580141842
3.7698071263730526
4.322609860915691
3.8564301929436624
6.773949763271958
6.945969465188682
4.516514853108674
4.920873664319515
6.713355676271021
6.9955673343501985
5.599508656654507
5.318851339630783
4.682571182958782
5.579369978047907
5.461412177886814
7.5176090388558805
5.918045400176197
3.9492484156508
6.60908918781206
5.325997399166226
5.174931476823986
4.582621714100242
5.336487554013729
5.915748913772404
5.181796544697136
5.098006717860699
7.408602009527385
4.327862758655101
6.480638287495822
4.030256774742156
4.582395745906979
5.189294727984816
6.167301145847887
4.823353857267648
4.429372210986912
3.274681112729013
3.583868040703237
4.638487143907696
8.131495920475572
6.593082800973207
6.576071954797953
4.594618703238666
4.8418942843563855
4.8683575871400535
4.4300936362706125
6.66113247256726
3.971459107939154
3.7552311182953417
4.139457333367318
4.460985681973398
8.517819059081376
5.315308333840221
5.791031749919057
4.085237993393093
4.252556951250881
4.359367578290403
4.258155655581504
4.662390890996903
3.904056951869279
5.642200639471412
5.666861888021231
3.9495822922326624
4.068589311093092
3.7672354159876704
3.6902108318172395
4.552937471307814
3.3716591270640492
4.420236671809107
5.160182677209377
4.938566762488335
3.6849747837986797
6.276031497400254
4.246104390127584
4.539596336428076
7.404993230011314
5.232149101793766
4.091010676231235
4.583976859692484
4.468550146790221
3.494344695005566
4.945014036260545
5.220732533372939
5.800093563273549
4.742365762591362
5.585860467515886
4.407851130468771
4.469037660397589
5.748243990819901
4.659473721403629
5.068452934268862
5.545587105676532
4.753212122712284
4.009234104305506
4.969958540983498
4.009820135310292
5.453293904196471
4.329437335487455
7.69998062774539
4.6263941884972155
6.842496972065419
6.971011525485665
6.748777742963284
5.747059330809861
4.465533164795488
4.410586313344538
6.383388820104301
6.927938283421099
6.2058594385162
7.274110975675285
5.840263200458139
6.99804993160069
5.9049360398203135
7.007081299088895
5.917182646691799
5.545023207552731
6.576001334004104
5.4814630397595465
6.392121362499893
5.7920656013302505
6.247596837114543
8.271690667141229
7.540554126724601
6.602620968595147
7.841241750866175
9.490296786185354
10.508150178939104
7.2229932537302375
5.125110531691462
7.895232426933944
7.725484976079315
9.330618558917195
4.751284795347601
8.90793540282175
8.157079186756164
9.59693273762241
5.670345508027822
8.099726305808872
6.984187138266861
6.618219640571624
8.61341476161033
8.93968411302194
11.32549836114049
7.884527226444334
5.808406990021467
6.733770606573671
7.399527911562473
6.92482874263078
6.642304080538452
7.309188244864345
9.958187491632998
9.387801901437342
8.640161219984293
9.325362504925579
6.982208237051964
7.249591684434563
8.547372202388942
7.3756531295366585
10.824223882518709
9.842973066028208
6.837335203774273
6.607132446486503
8.157694526482373
7.8929953766055405
6.870422645006329
8.73340292321518
8.29975730413571
7.1447663782164454
7.399263440165669
8.076958463527262
6.983632005751133
8.068430470768362
11.509458138607442
6.050151824019849
4.669073942117393
6.685167871881276
5.660007376689464
7.021354858763516
8.296833515632898
5.661441097501665
5.019002091139555
8.910492871887982
6.860650171991438
6.330740121658891
7.699299519881606
5.791323844110593
6.19842356396839
8.637751300819218
5.21527216443792
6.623603180516511
7.33438473334536
6.541280761361122
7.655237140133977
7.1845277664251626
5.906121970620006
6.687073239590973
5.906749709043652
5.8436747379601
4.536596872378141
5.500938651617616
7.047932156827301
6.391162225045264
6.32661043247208
6.960258184466511
7.576883160043508
6.688931025099009
6.7298513650894165
8.573461071122438
6.009582558646798
4.231064593885094
6.695733269210905
8.757160120643675
6.832066871225834
6.190208566840738
6.183087300043553
6.626058231107891
7.046142622362822
8.04416934773326
8.228792193811387
5.906536992639303
5.113670237828046
5.278088352642953
8.502542638219893
6.580340259242803
5.419731738045812
4.348357275361195
7.108617344871163
11.840529170818627
4.875752064399421
5.7453046455048025
5.318466471508145
6.4453254588879645
7.262464601546526
5.985772787127644
6.305339369922876
6.340730631258339
4.648086282424629
5.012178726494312
5.77095385780558
7.935675855726004
5.601005189586431
6.5182258896529675
5.6581754316575825
5.93415150558576
3.7037034179084003
4.107946015428752
5.8164200014434755
5.692314397543669
5.214164990931749
5.731948048342019
4.782716686371714
5.268384815426543
5.099255767185241
4.8017770843580365
8.411718512885273
4.479670002590865
8.917441145516932
5.32537238439545
5.908415334299207
7.5582433682866395
4.078527976758778
5.67133585549891
5.379705925937742
5.387509310152382
5.3946433728560805
7.719038972631097
9.027466121129692
4.76390798157081
5.346958058420569
5.903309549205005
5.595101385843009
5.3034088825806975
6.624339009169489
6.248652386944741
4.513718767091632
6.441920603625476
4.579871205147356
5.396017904393375
5.507310856133699
4.239616267383099
5.6542219668626785
5.21701299212873
7.6255189990624785
4.83939575124532
4.13658969476819
6.477080178447068
3.5154112186282873
5.641271682456136
4.80813422659412
6.495310672558844
4.195776895387098
4.766451670322567
4.976486177183688
6.434105659835041
5.948255548719317
6.302505907602608
4.725156889297068
5.139991630800068
5.344648086000234
4.524912009947002
4.016183368396014
5.869127339683473
6.243703367188573
6.042436251882464
5.809683013707399
5.921345899812877
5.934806531760842
5.665590212680399
8.782624289393425
6.215591996442527
4.9681611973792315
6.198849533684552
4.4875284298323095
5.592080524656922
4.580737245734781
5.677233952563256
6.468570989090949
5.880525749176741
4.184361868537962
4.26947232009843
6.629953368101269
4.791930383071303
4.201312565710396
3.4664691218640655
3.577665082644671
6.268415275029838
5.658460779115558
5.947864042129368
5.609020227566361
4.96568507887423
4.5812286720611155
5.976618689019233
5.974648375064135
4.656111907679588
5.860247279051691
7.153482159599662
3.8942189246881753
4.908077351283282
5.010148328728974
3.384280144702643
4.222389532253146
4.554332751780748
4.164918584749103
4.945133696775883
5.8544181836768985
3.85144710727036
5.743738969322294
5.314424545969814
4.370852776337415
5.540500884409994
4.757373448461294
4.39209954906255
5.130937783047557
4.62629756052047
5.073555898852646
4.561513095162809
6.014619359746575
5.208377660717815
6.6954275816679
4.643069769721478
4.086088658776134
4.640210494864732
4.380361999385059
5.904145470820367
4.2682344685308635
5.381451456807554
3.358675732742995
5.240098307840526
4.2119169998914
5.289804991334677
5.138086162507534
5.71430380595848
5.29682889720425
3.69438141817227
5.491793680470437
3.6128453821875155
3.5197424865327775
6.400066563393921
4.311841135844588
5.484778414480388
3.3493048269301653
5.373593308962882
4.743842869531363
5.077559665776789
5.678303653839976
4.847551139537245
5.00789998518303
6.3222754574380815
3.6052264496684074
3.9942095037549734
3.3032395327463746
4.91910792235285
5.140773929655552
5.903436792083085
3.8107151321601123
4.23990544071421
3.4300676663406193
6.856234646402299
4.462464114418253
3.84279848029837
5.209140058606863
4.877521782182157
3.2920013875700533
5.958208549069241
3.7081788168288767
4.142884137108922
4.80130372568965
3.3182038525119424
5.124132993165404
3.944630312267691
5.189868533052504
4.673148952424526
3.7761670323088765
3.8776796995662153
5.843077587895095
4.766406591050327
4.39951751427725
3.9302648685406893
3.6048613116145134
4.373519733548164
4.356698218733072
5.070517078973353
5.253410859033465
4.23943021800369
3.9693867845926434
5.294625096023083
4.705269835656509
5.485659681260586
4.634069502353668
3.9509763182140887
6.442217182833701
3.642516810912639
4.63724608020857
6.131050224415958
4.208420701790601
4.3785176309756935
3.4373256154358387
4.432552200742066
5.149988490622491
4.952751704491675
4.271327618975192
3.693944581784308
3.4558434896171093
5.934472599066794
5.391516810748726
6.794026602525264
3.7083860291168094
4.6269869999960065
7.034615473356098
5.374529275810346
3.646261168178171
3.250530306249857
5.414374077692628
4.260178139898926
4.258839479647577
3.5278865105938166
4.449762185104191
4.699001518078148
3.990279807243496
3.9688396733254194
4.535348088014871
3.9347761580720544
4.720818670000881
4.216567269526422
5.592768208589405
5.067462277598679
5.485943500418216
4.180485111661255
5.642882221145555
3.6698082922957838
3.683078963076696
3.782613145885989
4.792358009144664
4.306006083032116
5.012210418470204
3.7615544009022415
5.433922940865159
9.907138669397682
15.707966254092753
20.647252358030528
6.244361192453653
6.290618648286909
5.215220012702048
14.789808202069253
7.8030076287686825
9.35661655664444
7.751244775718078
5.902575014159083
4.723713951185346
5.495732080657035
6.303683578968048
3.730593332555145
4.567068948410451
4.910035657230765
10.682741078082472
5.356318808160722
3.6825443780981004
3.4691796922124922
4.533676734892651
4.786593683063984
5.770869994070381
7.985992296598852
4.567105964291841
5.667717181611806
6.401766257826239
5.425051499158144
3.165652013849467
7.540364316198975
7.256534985732287
5.1966664714273065
4.564589940942824
4.403222444932908
3.939884306397289
5.477981497533619
4.622603922151029
3.7404344100505114
3.6936616271268576
4.491105856839567
4.7170281442813575
7.753211186034605
5.504359319806099
5.323776169680059
4.899671136867255
5.505814055446535
4.394782586488873
5.136588413733989
5.425748257897794
4.78117883997038
3.6407132912427187
3.7396707888692617
9.935402085538954
5.905694244429469
4.1404806999489665
5.6950752902776
7.063975212164223
4.205220608506352
4.747532064560801
4.1446333159692585
4.191797552164644
5.296505498699844
5.161079207668081
7.633749379310757
5.143630847800523
3.875423106830567
6.242984337732196
7.3981221481226385
6.049339546589181
4.6884867425542325
3.4401166713796556
3.959654579171911
6.371621598955244
5.392987458966672
3.9715721625834703
4.543405186850578
10.8392323134467
4.173118175007403
3.3610299217980355
3.9152980351354927
4.816522918175906
5.690676931790479
4.600695731602316
6.735666939123409
6.939408186383135
6.121661085782089
7.789054967287019
5.743461533794253
5.010804024268323
7.558643586992279
3.645862108609808
4.4271856025447995
6.505779057037174
3.4474923390103136
5.524219692692044
5.269193375204492
4.1498336106773435
4.681803782624523
3.7197119147758784
3.3031604672510793
8.020371058794456
3.835405522678781
3.9440895295518588
3.40979387417553
3.784873546108486
4.63274774542005
6.141511583422113
5.044480962546792
5.522497078095834
4.169110219309649
3.7678598278150783
5.306063622001588
5.2121075107826025
6.338451003465127
6.197992503643036
11.307274031357503
6.5378336258760585
12.60081082723272
18.431662220654527
5.509986300168075
3.391327732660639
3.8105507530565337
4.714452903101764
8.318355227549246
6.023031588145129
6.580612724221598
5.495434823467976
3.5532972183753184
7.414102224853095
6.507720276596039
6.820542455188871
3.9388869888200535
7.0011486246829895
4.774449002085708
5.424836604613957
3.451010131460475
5.806521509341367
8.287153147337005
5.102058047384728
4.027414047342586
5.2882337879946855
5.049910406662724
5.117572985530838
4.911390692230285
5.087602116930203
5.789404434012615
4.734407544605375
6.018206341060128
5.1856965511802615
7.868085746220716
5.325943030240968
5.155763495156146
11.858778158980092
5.8773551686542245
4.214847897920083
4.34820903966746
6.547860847214076
5.081893894146747
3.481114907527533
4.35113932157126
5.502015884701661
3.7531924419046385
