0.18719204346416518
0.6943521358189173
0.9298262305092067
0.8967342528048903
0.86550083453767
0.9759984884876758
1.3787887105718255
1.1192891320679337
0.7248742212541401
1.1392547290306538
0.9254505345597863
0.8188469470478594
1.1047745125833899
1.1177562344819307
1.1799080863129348
1.397650073398836
1.2734374271240085
1.3219791888259351
1.1989620039239526
0.8146794374333695
0.8041421665111557
1.01150296558626
0.7953820049297065
0.8724719419842586
1.0761491141747683
0.9650799974333495
0.6436229179380462
0.9386244784109294
0.9430593866854906
1.0246153722982854
0.9115381457377225
0.9002630687318742
0.6554040360497311
1.1488583127502352
1.0338601697003469
0.7968280223431066
0.9991393848322332
1.0405053560389206
1.1100144364172593
0.9388985780533403
1.40374104375951
1.4371898141689599
1.0830811741761863
1.4268710940377787
1.1992344437167048
1.1567008948186412
1.1387965134344995
0.8588427386712283
1.114638544502668
1.0886247145244852
1.080873244907707
1.0568913465831429
1.4605675789061934
1.1800810766872019
1.085164725780487
1.2287194444797933
1.0225118363741785
1.1021673238137737
1.0231285095214844
1.2646833155304193
0.970387953100726
1.6229097715113312
1.0911340618040413
1.3890468492172658
1.113265747204423
1.5827365557197481
1.4748529065400362
1.3681019900832325
0.9478246361250058
1.0374700732063502
1.3924306316766888
1.457480524899438
1.2831319326069206
0.9818814438767731
1.335151408216916
0.9731304438319057
1.2533587946090847
0.9550181201193482
0.8557837522821501
1.0052740399260074
0.8385592687409371
1.0458658505231142
1.2882861361140385
1.0014498606324196
0.8873734303051606
0.9045808969531208
0.9423169256187975
1.0829746050294489
1.2523156416136771
1.3069539943244308
1.2345156129449606
1.3590074067469686
1.333808105206117
1.1444490421563387
1.1006420839112252
1.4870057224761695
0.9140734175452963
0.9775190718937665
1.1373867390211672
1.1102439165115356
0.7515159550821409
0.8157078515505418
0.7788221430964768
1.0057998936390504
0.8336726250126958
0.7115160777466372
1.103180356672965
1.3325763589236885
1.204618408344686
0.7372765078907833
0.8557053203694522
1.2539031428750604
1.0608260022709146
0.8038730402477086
1.0491156507050619
1.0253402127418667
1.2086575396824628
1.2703143984545022
1.029778863536194
1.3326773992739618
1.0377008852083236
0.9186413548886776
1.0723333694040775
0.8708218672545627
0.8510633468395099
0.8281827794853598
0.8723576705669984
0.8937402999727055
0.8515566454734653
1.257162747438997
1.5436886087991297
1.1891154570039362
0.919596096733585
0.9076073585310951
0.794894656050019
0.6907651509391144
0.7395555113907903
0.7990973386913538
0.8757656654343009
1.060391448205337
1.1675379683729261
1.2676376749295741
0.8880574479699135
0.9940005613025278
0.8335522988345474
0.7692655341234058
0.7842929834732786
0.859335831948556
1.088473695795983
1.3749417248181999
1.0999137936159968
0.9853420683648437
1.0055442478042096
0.8180740688694641
0.7837547971867025
0.9438561010174453
0.8902846709825099
0.9034684826619923
0.670112076564692
0.8505745343863964
0.9440060881897807
0.9688144430983812
1.0714238120708615
0.7225452505517751
0.7883512934204191
0.9363593244925141
0.7465989525662735
0.9078503947239369
1.110935133881867
1.1675337115302682
1.1555504514835775
1.3228510990738869
1.3069950232747942
1.054389682598412
0.9162921374663711
0.8286035617347807
0.8432285187300295
0.9191969747189432
0.7371798695530742
0.922726227901876
0.7730618461500853
0.8432793547399342
0.9221683791838586
0.7392246740637347
0.9698738930746913
0.79513910994865
0.7999247321859002
0.9446142285596579
1.0575884424615651
0.9644254064187407
0.7182498727925122
0.7376796554308385
0.8920342430938035
0.879338602302596
0.7732915849192068
0.6638426522258669
0.5997236777329817
0.8474474502727389
0.7041799621656537
0.68357148533687
0.7620197292417288
0.8938284385949373
1.0692026412580162
0.8855197937227786
0.7012891545891762
0.7377555051352829
0.8896909863688052
0.8086476055905223
0.6277323322137818
0.8938463977538049
0.5526634295238182
0.5446530651533976
0.5835202827583998
0.7137107779271901
0.6796140663791448
0.635745724895969
0.6267170410137624
0.6615608010906726
0.7058734048623592
0.884810041054152
0.6139086503535509
0.7792821659240872
0.6655710249906406
0.7701577050611377
0.744392602937296
0.7905955242458731
0.5655805538408458
0.631537722889334
0.6610981556586921
0.8899748388212174
0.6827224988956004
0.7354273186065257
0.7153392633190379
0.5990598872303963
0.7063009847188368
0.7880257964134216
0.8594765202142298
0.795163274044171
0.6550021625589579
0.48302011482883245
0.49212136946152896
0.6570229773642495
0.5740814646705985
0.7302685943432152
0.5820735143497586
0.6570695932023227
0.8189484160393476
0.6521497945068404
0.5516869104467332
0.4682759389979765
0.5601334660314023
0.6320428228937089
0.4828660705825314
0.579888365115039
0.6784492809092626
0.6355527364648879
0.9630070349667221
0.8419043503236026
0.6836460508638993
0.7435892148641869
0.6485605521593243
0.7670280355960131
0.6279928226722404
0.6441259534331039
0.8643175966572016
0.6964117711177096
0.6276958218077198
0.6973214306635782
0.7013046068605036
0.5620980706298724
0.6522684403462335
0.5264977990882471
0.6253861471777782
0.6146073407726362
0.6450802334584296
0.6327746348688379
0.4640716549474746
0.8234627251513302
0.5986414202488959
0.5068966988474131
0.6079832492396235
0.6036302093416452
0.534411454689689
0.5607650454621762
0.6102110838983208
0.555717212962918
0.5390836669830605
0.5993013480911031
0.7488697336521
0.7004678394878283
0.6654244208475575
0.704712294624187
0.5657589116599411
0.5689378348179162
0.4811033655423671
0.4938753448659554
0.5972184016136453
0.6250425148755312
0.6415756210917607
0.6379640053492039
0.5202745859278366
0.7839195390697569
0.6991020953282714
0.5018013414228335
0.5593649527290836
0.6113702125148848
0.6783282752148807
0.577302856137976
0.5092020791489631
0.47889353334903717
0.5420845365151763
0.5927975535159931
0.45564031379763037
0.586597491055727
0.5700857086339965
0.5539076625136659
0.5166009669192135
0.6449343411950395
0.5698957369895652
0.5712672007502988
0.5827048619976267
0.5128185942303389
0.7028862566221505
0.6584438984282315
0.49058636790141463
0.6100738776149228
0.6457780401688069
0.5046142258215696
0.5238764294254499
0.6938422856133754
0.5420992817935042
0.6300420361006354
0.5979489120911425
0.6820824268296009
0.7272380301802177
0.6250244741599391
0.5187526962419194
0.5607437523096566
0.5228835933321104
0.6071728708471839
0.618472859732748
0.47754338371941424
0.42441644666232464
0.4856286649628887
0.5886468907275538
0.5930973652779586
