0.08995559133472852
0.14457833155756816
0.7530236663296819
0.499894488370046
0.4262367789633572
0.1717958637746051
0.23058976864558645
0.4140520468354225
0.4084058594307862
0.27839153935201466
0.2788935896824114
0.4614514227141626
0.600609488086775
0.4446704571018927
0.5479219529079273
0.4231920948950574
0.3858043136424385
0.31014508605585434
0.26701678772224113
0.3481217541266233
0.3517773603089154
0.5721089133294299
0.8248326944885775
0.6372881253482774
0.38752743805525824
0.4368179133743979
0.4522861841833219
0.41655390651430935
0.6305658958153799
0.4074506523902528
0.7166663757525384
0.48192037327680737
0.5534161644754931
0.5435642247903161
0.7432575648417696
0.47054072230821475
0.5671648271963932
0.5512054798309691
0.7389442798448727
0.5855023504700512
0.5405504435766488
0.6233530354802497
0.43682009709300473
0.4029655965860002
0.46775178919779137
0.467465253197588
0.4762011408456601
0.3253549271612428
0.3968401813181117
0.47976709954673424
0.6582325229537673
0.5683256505872123
0.5203647665912285
0.4261116787674837
0.4441029119770974
0.3500652527436614
0.45385553798405454
0.4706663533579558
0.5905681033036672
0.514573935593944
0.5546062830835581
0.5325483059277758
0.6648319917730987
0.5809527768287808
0.5270557889016345
0.5596274869167246
0.49746381310978904
0.6325210306094959
0.5153304527630098
0.5695958922151476
0.5242896266281605
0.6258597120759077
0.5049960998585448
0.5757677545771003
0.5005102922441438
0.4806037006783299
0.9073522358667105
0.8291685840813443
1.0814076804090291
1.65228226268664
2.4210045468062162
3.7652617348358035
8.737535029649734
47.262538231909275
52.540647730231285
93.84640327095985
67.56825998425484
45.26755045354366
51.6540504693985
52.390527188777924
77.00325360894203
75.01178425550461
89.95042830705643
89.67752180993557
52.11732938885689
32.63538933172822
29.957977056503296
38.169961754232645
60.21925128996372
66.20747578144073
84.47606334090233
84.83686025440693
58.6915033236146
54.25799008458853
66.31085820496082
88.45047117769718
116.0491392314434
102.38825716078281
172.97112467885017
168.02848973870277
203.53179889917374
218.5604122877121
501.3322361111641
567.7531579136848
396.1244029402733
405.9536274969578
329.6993654668331
328.9949831068516
181.7573962211609
194.90756487846375
142.712429150939
107.1327888071537
86.57395319640636
72.42765939235687
50.735553815960884
39.471652671694756
37.62189706414938
28.809813410043716
17.330244533717632
27.666904784739017
21.62312914431095
34.64365593716502
16.312617048621178
32.86283640190959
21.762546878308058
23.897284235805273
26.24478806182742
20.84924589470029
29.05596613138914
28.92962021753192
20.36730796098709
22.152643769979477
36.80141247063875
117.48957639932632
62.126458793878555
62.20518246293068
93.13255971670151
55.433559745550156
41.166195921599865
41.756457924842834
36.32384332641959
22.52522987872362
41.406419955193996
41.25247602164745
32.59366578608751
23.20089230686426
29.379495464265347
27.4302713945508
33.58037347346544
37.18564639240503
31.47484017908573
27.32159188389778
22.791497077792883
18.414983168244362
17.72245191782713
17.581416565924883
11.776516899466515
10.38782425224781
8.241996617987752
8.418607098981738
19.502690233290195
14.623135482892394
11.153371252119541
7.114686826243997
6.290335988625884
8.446669194847345
4.823520103469491
4.0311366049572825
4.253493424504995
2.718902870081365
2.8705114126205444
5.526048667728901
5.077800687402487
2.8490698747336864
2.4089633570984006
2.808587328530848
1.8135775849223137
1.9644942982122302
1.901891952380538
1.7160586398094893
1.6582800350151956
1.686167226638645
2.181870891712606
1.5468770125880837
1.7015776131302118
1.5901262424886227
1.6343526202253997
1.2221840708516538
1.2532960111275315
1.3919442393817008
1.3529993132688105
1.1099291816353798
1.5980580458417535
1.7326499677728862
1.5663727442733943
0.8677541981451213
0.8606243799440563
1.4060821286402643
1.0279951668344438
1.2089071129448712
1.19820054480806
1.28085525194183
1.0454324141610414
1.0250684153288603
1.118923630565405
1.044173792237416
1.173221917822957
1.0159014926757663
0.9365569476503879
0.8607137629296631
0.9479414571542293
1.3671909156255424
1.1040339274331927
0.7473626148421317
0.8560007612686604
0.9399272936861962
0.904702897882089
0.8417727195192128
0.781802301062271
0.7359528695233166
1.0203947925474495
0.7819133251905441
0.8052354255924001
0.7883706691209227
0.7409695498645306
0.8692618580535054
0.8324244555551559
0.9191404762677848
0.9071990898810327
0.7240833065006882
0.684016891522333
0.9291101219132543
0.9610374828334898
0.8768469279166311
0.5914296513656154
0.5515438594156876
0.7072434321744367
0.6651957229478285
0.844951149309054
0.5707214087015018
0.6272364978212863
0.6562232857104391
0.548967428971082
1.0300356247462332
0.6832372534554452
0.969150060787797
0.6621473901905119
0.6842825412750244
0.5845774350455031
0.7363475344609469
0.5786554818041623
0.7299870916176587
0.7906883251853287
0.8280639973236248
0.5889006305951625
0.5765681024640799
0.6393824639962986
0.7641862590098754
0.5259378618793562
0.6543930596671999
0.775470455060713
0.5087045755935833
0.7573809052119032
0.5162365726428106
0.6796078678453341
0.6597496598260477
0.7509798728860915
0.6248344661435112
0.5091051358613186
0.9521340283099562
0.5731070279143751
0.5785227863816544
0.6043900178046897
0.5501215411350131
0.7422040839446709
0.5981740420684218
0.46987334871664643
0.6341488377656788
0.6618192705791444
0.8269391327630728
0.5996334069641307
0.6677697394043207
0.5584468429442495
0.47428963938727975
0.6558292326517403
0.8380413523409516
0.46475428831763566
0.5056931074941531
0.5389195610769093
0.5962458160938695
0.6242860837373883
0.7398046655580401
0.7094538189703599
0.6004853836493567
0.4957220853539184
0.5469322074204683
0.5935257510282099
0.6005024565383792
0.5254340613028035
0.6642184667289257
0.5578616004204378
0.6002934477292001
0.5206722464645281
0.5712596833473071
0.4002297078259289
0.5213312803534791
0.5859294118126854
0.5841129817596571
0.5476829109229441
0.5313151140851299
0.49216264744443217
0.5997926579333666
0.4652938475524347
0.6179781838899522
0.5723428541985084
0.49979037468827614
0.5844584128518743
0.5519717491752519
0.6196957048703366
0.5780487055853596
0.7027470928242826
0.7114642738826632
0.42557409393975115
0.5605698073004174
0.5346222210118151
0.5850109027361307
0.5865370217036074
0.5791737655485709
0.45026147529834837
0.5713026447324302
0.48912594684465666
0.5172516026600139
0.4712003382641499
0.5672089037463421
0.5426117649932546
0.6133306975674442
0.6826526210533352
0.5266914243303885
0.540905205283578
0.3551356651064918
0.5266426626856872
0.3646005089358082
