0.27734266078914516
0.2876102275622543
0.336778060242068
0.3540827309479937
0.3012487655505538
0.29969277227064595
0.3110790469800122
0.34420535067329183
0.42450760304927826
0.35112195811234415
0.3895772089599632
0.40346525667700917
0.36550810950575396
0.3994958816911094
0.422809028881602
0.370861028379295
0.3926718982402235
0.39757135516265407
0.396782053867355
0.38889395678415895
0.42449138895608485
0.40543813578551635
0.3650095431949012
0.3933613385888748
0.4306530728354119
0.41215445660054684
0.3808202817454003
0.3907830349635333
0.38928291748743504
0.3982485725427978
0.40526270237751305
0.39660322054987773
0.3986222646199167
0.38907493418082595
0.3823778929654509
0.42481262725777924
0.39633895899169147
0.41262434411328286
0.45152983732987195
0.42839871591422707
0.40706682461313903
0.3961826117010787
0.3819692372344434
0.3507177116116509
0.35591206746175885
0.3714760050061159
0.41226732113864273
0.4472313633887097
0.3862762759672478
0.422261314408388
0.40402903355425224
0.4044673155876808
0.39368151302915066
0.3789226997178048
0.38287554890848696
0.3890923637081869
0.39862045261543244
0.3677749891066924
0.3525871615856886
0.35470783384516835
0.3715456473873928
0.37302955996710807
0.392072846298106
0.41259017074480653
0.418055581045337
0.3580976630328223
0.3786959929857403
0.43245440314058214
0.4060195682104677
0.37657162395771593
0.39928461879026145
0.3594653462059796
0.3812813655240461
0.4285997684346512
0.43281513603869826
0.4084548418177292
0.41265143267810345
0.3821446809452027
0.3821327071636915
0.38003141072113067
0.35489452444016933
0.36145519302226603
0.36254507559351623
0.38425370410550386
0.35944906168151647
0.38185186113696545
0.3873394450638443
0.3230038998881355
0.38938649580813944
0.314116625348106
0.3883231324143708
0.34137038385961205
0.3390412548324093
0.3806348532671109
0.36060427757911384
0.3699679211131297
0.36073503748048097
0.36144919181242585
0.3645496800309047
0.38939810753799975
0.3851476231357083
0.36579173372592777
0.411210271413438
0.3836921158945188
0.36252364551182836
0.3847032708581537
0.3799485946074128
0.3510322794318199
0.3229768518358469
0.3728405172005296
0.3576430801767856
0.360026465554256
0.32309467415325344
0.39744171232450753
0.3883353881537914
0.39442781335674226
0.37813374819234014
0.35049471666570753
0.35812753962818533
0.3822648972272873
0.4135778011986986
0.36926815868355334
0.3998694096226245
0.39326563104987144
0.39911095763091
0.397360970498994
0.3678703170735389
0.36637203476857394
0.40078308316878974
0.38281545299105346
0.3677473831921816
0.40241576405242085
0.3739905902184546
0.3601287738420069
0.35640989267267287
0.3752668530214578
0.36642929492518306
0.38538972078822553
0.39478616579435766
0.3489499505376443
0.36837030458264053
0.3948262052144855
0.41522086365148425
0.39651521667838097
0.3661552220582962
0.3955334578640759
0.40738110372330993
0.3747908566147089
0.376650583348237
0.38007271342212334
0.3523035515099764
0.3702896247850731
0.3864234678912908
0.3778178630163893
0.36075308558065444
0.3892664173617959
0.38282899535261095
0.39392447425052524
0.38731504534371197
0.4088150692405179
0.38631102454382926
0.3824867665534839
0.3815537759801373
0.41725291672628373
0.3972746339859441
0.4057314007077366
0.39191779820248485
0.3793174884049222
0.39768644887953997
0.3551375244278461
0.3854159623151645
0.3911747243255377
0.37057599308900535
0.4142134871799499
0.41439445735886693
0.41306653362698853
0.3904457743046805
0.38873023458290845
0.37391578895039856
0.36172600102145225
0.3976989052025601
0.3600743554998189
0.3918179856846109
0.39404887438286096
0.3458660553442314
0.3865333942230791
0.3780306348926388
0.38258560455869883
0.3901810699608177
0.3842998507898301
0.3955510644009337
0.3845232540043071
0.3724548137979582
0.3858215509681031
0.3962273846846074
0.3742157290689647
0.3578019324922934
0.3832804185221903
0.38481796998530626
0.35575723194051534
0.3798424870474264
0.37377006985479966
0.3734364566626027
0.353335338877514
0.3625185547862202
0.3455872612539679
0.36883855459745973
0.35745162598323077
0.36484331428073347
0.3331906159874052
0.33706901129335165
0.3491583247669041
0.35934477613773197
0.3499885981436819
0.32251654216088355
0.336483447230421
0.3431540504680015
0.3383552293526009
0.3545466709183529
0.3635940293315798
0.3746387987630442
0.35577680240385234
0.34947480366099626
0.3330049351789057
0.32600143109448254
0.3434042609296739
0.37143573188222945
0.35307407286018133
0.36710893583949655
0.3293171465629712
0.3619063924998045
0.3290579517488368
0.3269128045067191
0.3685038040857762
0.36732285423204303
0.363439685665071
0.3356919608777389
0.3669360220665112
0.3336606412194669
0.35377997788600624
0.3240051385364495
0.3529567779041827
0.35678604716667905
0.323562471778132
0.35319218318909407
0.36502539506182075
0.33392204565461725
0.351069783908315
0.3407520441105589
0.32341774669475853
0.35989926412003115
0.355328316683881
0.3148258461151272
0.33243476087227464
0.34192990174051374
0.33820132352411747
0.34459468885324895
0.3241501045995392
0.3237128433538601
0.31874330464052036
0.32392358395736665
0.3405730363447219
0.34463123278692365
0.32955964421853423
0.31468672561459243
0.3096168815973215
0.31743370520416647
0.3179074879735708
0.31353832851164043
0.31969479378312826
0.33421680168248713
0.30518917413428426
0.3046705290907994
0.3196501275524497
0.2897064462886192
0.3171724652638659
0.30150318262167275
0.3329286949010566
0.3139810388092883
0.3241546744829975
0.30065872496925294
0.29687530151568353
0.2955738010350615
0.28667695249896497
0.29686986515298486
0.27486658591078594
0.27871658257208765
0.30098704661941156
0.29574229661375284
0.2982012442080304
0.29273738333722576
0.3046972919255495
0.2829494205652736
0.29528054338879883
0.2867123809410259
0.30003873200621456
0.2830590432859026
0.26925833435961977
0.298707754642237
0.2785493015544489
0.27865656913490966
0.3068917492637411
0.2823943195398897
0.26383048680145293
0.2698247630032711
0.2900368894916028
0.2784427077276632
0.26195410935906693
0.27779038093285635
0.27908277628012
0.30145612417254597
0.2750047582667321
0.28050090931355953
0.2784838183433749
0.26252333517186344
0.2701212009997107
0.30047908145934343
0.31150672683725134
0.27563574130181223
0.2875876685138792
0.2757028686464764
0.28597198467468843
0.27107403572881594
0.2617578796343878
0.26673623552778736
0.2869740709429607
0.2839857657090761
0.28996773972176015
0.28767773881554604
0.28320868517039344
0.29035937099251896
0.2858446250902489
0.2673270590021275
0.28135570010636
0.27349255519220605
0.26377789431717247
0.25658930029021576
0.2726969253853895
0.2571255537914112
0.2793758257175796
0.2659523587790318
0.2500361906713806
0.269336060679052
0.2727076627779752
0.28511837328551337
0.2691466684336774
0.2670057016075589
0.26685887767234817
0.26124125078786165
0.27286902762716636
0.24074276845203713
0.26315607031574473
0.2717774144257419
0.29213251505279914
0.2960211669560522
0.27170831453986466
0.2707809492130764
0.26530496415216476
0.2742521775653586
0.2668709690333344
0.25688302575144917
0.2548021401744336
0.26029233884764835
0.25380671228049323
0.27088727051159367
0.2591088150511496
0.2448970441473648
0.25275618891464546
0.2667386802495457
0.2564695487380959
0.25023902021348476
0.2599405876826495
0.24940245627658442
0.2707094010547735
0.2477207852061838
0.2490937255206518
0.26778328721411526
0.25988602003781125
0.2570027663023211
0.2540168945561163
0.253087667922955
0.26095566182630137
0.26745351793942973
0.27145238796947524
0.23900007037445903
0.26220529538113624
0.2454289814340882
0.26090664754156023
0.2428126159356907
0.25216062972322106
0.2487269388511777
0.26059034059289843
0.259642836288549
0.24827334331348538
0.23426567279966548
0.2389862519921735
0.2322711101733148
0.24552743294043466
0.23206924000987783
0.23981962125981227
0.2296448781271465
0.21775239880662411
0.2496629316592589
0.23374910571146756
0.2587283256580122
0.2447915282100439
0.23255330155370757
0.22257796063786373
0.26438030845019966
0.23908822459634393
0.23941888543777168
0.25335174083011225
0.23834615817759186
0.24270429922034964
0.24436849291669205
0.23830906266812235
0.2499174043769017
0.251051610452123
0.25454122334485874
0.24150185321923345
0.23685639037285
0.23711906390963122
0.2292602605302818
0.23547123040771112
0.2433143378002569
0.24243788997409865
0.2670670012012124
0.22404929215554148
0.24041669524740428
0.2273395853699185
0.2482585139805451
0.23132803366752341
0.23005106579512358
0.2274913699948229
0.231270051561296
0.23273095494369045
0.26103566569508985
0.2234878054005094
0.23048120480962098
0.24194876797264442
0.22237665072316304
0.23360012128250673
0.2108454405097291
0.23505868355277926
0.24770683364477009
0.22885823313845322
0.24293615197530016
0.2683169895899482
0.25353052490390837
0.25382336165057495
0.2574807805940509
0.2476942656794563
0.2558051532250829
0.25431046640733257
0.2353701222455129
0.25834635156206787
0.26056317292386666
0.22995163255836815
0.24370159255340695
0.23145798040786758
0.2628132824902423
0.24252227047691122
0.23683263512793928
0.2316849179333076
0.23008556064451113
0.23733527649892494
0.2350819925777614
0.22072729712817818
0.22124143550172448
0.2319465721375309
0.22280595387564972
0.23962494463194162
0.23410511104157194
0.2412246406893246
0.24391364207258448
0.23928176995832473
0.25837911310372874
0.22439393331296742
0.23896057100500911
0.22249631164595485
0.2243011082173325
0.248518408567179
0.2326279689441435
0.2254470859770663
0.23641310032689944
0.2510541888186708
0.24234805797459558
0.2414583758218214
0.23912872473010793
0.22215711971512064
0.23687426530523226
0.23218117252690718
0.23486564733320847
0.2330188572523184
0.24820450850529596
0.24083286576205865
0.24890895863063633
0.22070143331075087
0.2193778216606006
0.22614651930052787
0.24106986861443147
0.23227302567102015
0.2279736481141299
0.24324517726199701
0.24420489597832784
0.2467438870226033
0.24400817399146035
0.23569680959917605
0.23897427530027926
0.23232300515519455
0.2442061273031868
0.2148583639645949
0.2451832728111185
0.22846635902533308
0.25265305233187973
0.2375788901699707
0.248843080480583
0.2530862427665852
0.24775857327040285
0.2547952752211131
0.23125769721809775
0.2299248783965595
0.24458891374524683
0.23637375503312796
0.22895004868041724
0.28834513714537024
0.22544220852432773
0.2244084220728837
0.24491081602172926
0.21360448078485206
0.23899250815156847
0.24317202536622062
0.24371510790660977
0.22347821027506143
0.2354773220140487
0.23179510462796316
0.2237226864672266
0.2682249454082921
0.23680290236370638
0.2438781636301428
0.2512126916553825
0.23248637380311266
0.22070293774595484
0.229049549321644
0.25096991477767006
0.2559868354583159
0.2285838319803588
0.23154140502447262
0.2441134059918113
0.23593360563972965
0.2207946975249797
0.23682756285415962
0.2322694782342296
0.25124681857414544
0.27357299078721553
0.2241037662315648
0.26866646006237715
0.26023387303575873
0.2419474963680841
0.2642896244651638
0.23172480514040217
0.249360753048677
0.2651180866523646
0.24053593090502545
0.2381872077821754
0.2378580838558264
0.21871243184432387
0.24974033795297146
0.2446464179083705
0.231807173055131
0.24076033028541133
0.22647983784554526
0.22814666613703594
0.2235674649127759
0.2179364410112612
0.22870820888783783
0.23940875567495823
0.23094460228458047
0.23583785950904712
0.21425214206101373
0.22584978252416477
0.23004213167587295
0.22722353169228882
0.2292361847939901
0.23998193274019286
0.2268319784780033
0.24946094944607466
0.24574742274126038
0.20926678794785403
0.21451662125764415
0.23223025031620637
0.21728478401200846
0.20595605339622125
0.23063465690938756
0.21654714865144342
0.20646931900409982
0.23977241310058162
0.222602533234749
0.2296793491113931
0.2211406486458145
0.2488085594959557
0.2390602994710207
0.21687311626737937
0.2514961087726988
0.23388964793412015
0.23522031161701307
0.22810377174755558
0.21396990644279867
0.20631032629171386
0.2108287560986355
0.21771601584623568
0.21902512904489413
0.23108769732061774
0.19827953970525414
0.2209598264307715
0.2266677701845765
0.22744035604409873
0.20417572278529406
0.22359671938465908
0.2272547964239493
0.22538326238282025
0.19907118508126587
0.23116949503310025
0.22545993950916454
0.21730700985062867
0.2126256571500562
0.2058497299440205
0.20798080204986036
0.2178211744176224
0.21816045918967575
0.21896882157307118
0.22637655487051234
0.2173041763016954
0.2267342763952911
0.22528038907330483
0.2147283481899649
0.21786012244410813
0.22507501835934818
0.21431273431517184
0.21664413082180545
0.217782580293715
0.21794042107649148
0.23440081503940746
0.22764243668643758
0.23090661905007437
0.2201014581369236
0.2315909065073356
0.20884467751602642
0.2142566802795045
0.210225501912646
0.22008886962430552
0.20794118274352513
0.2323206247529015
0.21145551293739118
0.22231475927401334
0.2222775745904073
0.202394183317665
0.20109236263670027
0.20846195798367262
0.23203586251474917
0.20085263991495594
0.20977870421484113
0.21395549282897264
0.2103555676585529
0.2064750496065244
0.2181419120170176
0.20911745389457792
0.21802032727282494
0.2112575048522558
0.18264715530676767
0.21093087020562962
0.22774024546379223
0.21497881712275557
0.2229248538496904
0.21511366573395208
0.21275421016616747
0.1983512046863325
0.19935582249308936
0.22961930593010038
0.21380637149559334
0.20513008709531277
0.22418339498108253
0.21060815008240752
0.21943020285107195
0.20463657361688092
0.20865337806753814
0.20562935119960457
0.21519162214826792
0.2249027104699053
0.20887020992813632
0.19862614065641537
0.2014864527154714
0.21270146549795754
0.20101734428317286
0.20664989814395085
0.17864137853030115
0.182209132501157
0.21375653371796943
0.19822681570076384
0.20527094788849354
0.19917628527036868
0.20559206657344475
0.20623742623138241
0.19728481277707033
0.1985051445371937
0.21146358968690038
0.2017993539921008
0.19490226998459548
0.20394565886817873
0.19232083539827727
0.21343845734372735
0.20840319083072245
0.190918562351726
0.19386243869666941
0.1956430456484668
0.19883907336043194
0.1998838376312051
0.19933903648052365
0.21945067620254122
0.17216664098668844
0.20414556510513648
0.21341869738535024
0.20914095308398828
0.2151644920813851
0.2056926877121441
0.21943823131732643
0.18841418754891492
0.1941266724606976
0.20257386652519926
0.19099186413222924
0.19291123235598207
0.19821002407115884
0.21062615822302178
0.1810784666449763
0.19990723859518766
0.21561129853944294
0.1832261218514759
0.1728824847668875
0.18964005867019296
0.20663501802482642
0.19952360689057969
0.20879715535556898
0.22107303788652644
0.21278839284786955
0.19818501573172398
0.175733362470055
0.18762039218563586
0.20534857542952523
0.17955661317682825
0.19432179490104318
0.18470279561006464
0.18513819357031025
0.19983626023167744
0.20254059723811224
0.1979854622622952
0.20301944951643236
0.19438601974979974
0.19476221324293874
0.2001044144271873
0.2168525472516194
0.1783955738064833
0.1912520519690588
0.1996303963533137
0.19225270880269818
0.1764893177023623
0.18300800054566935
0.20103331381687894
0.17997512329020537
0.18741622343077324
0.19280682937824167
0.20455531997140497
0.2007573073497042
0.18842894991394132
0.18689264400745742
0.18323518405668437
0.20020020156516694
0.1907131120096892
0.21204294773633592
0.18102368418476544
0.20539294261834584
0.19605297906673513
0.18413660724763758
0.17864838085370138
0.19855773748713546
0.19434380423626862
0.1896816190565005
0.18412248051026836
0.2145545596431475
0.17711737388162874
0.18953256285749376
0.175733032025164
0.18891287464066409
0.17809370302711613
0.1967676297936123
0.2060319363081362
0.2148950810660608
0.18255176668753847
0.19131344876950607
0.20859127133735456
0.18472402016050182
0.18120821166667156
0.2015287367394194
0.18892166193109006
0.18221191741758958
0.17643297603353858
0.18279804903431796
0.1704634638153948
0.17377812351332977
0.1931497628102079
0.18459042903850786
0.17483396103489213
0.18649758194806054
0.18782308188383467
0.1880207490758039
0.187354405032238
0.18417598959058523
0.17945742726442404
0.19638374936766922
0.17818439911934547
0.1883576477121096
0.18936103794840164
0.19152449621469714
0.18648234015563503
0.19858507395838387
0.18738393241073936
0.1923617232532706
0.21337152805062942
0.19362781956442632
0.1740224511595443
0.20163546886760741
0.16415316498023458
0.18666845178813674
0.18425115288118832
0.17180382274091244
0.167128415487241
0.17020789210801013
0.20240110627491958
0.18664178656763397
0.17288881781860255
0.1751369808043819
0.2026869178225752
0.21208769441000186
0.18939770132419653
0.19004199845949188
0.17517060413956642
0.16964721973636188
0.21541013364912942
0.17704315314767882
0.1995849056984298
0.18587087848572992
0.1829333044879604
0.17980341362999752
0.17476132526644506
0.19041137117892504
0.19678474837564863
0.1806283766636625
0.1816176996799186
0.20266587432706729
0.17136206178111024
0.1756082666106522
0.2066907822736539
0.17985422094352543
0.17797630920540541
0.1953526538272854
0.21591408719541505
0.18448929479927756
0.1795425260788761
0.20806276856455952
0.18895110813900828
0.17935751687036827
0.18190908018732443
0.18856303463689983
0.19931372546125203
0.20252297044498846
0.18513732228893787
0.1843455361085944
0.1638728591206018
0.172868691268377
0.18464706305530854
0.18785381541238166
0.17922122005256824
0.1759726203745231
0.1866793030349072
0.17431697656866163
0.19028611553949304
0.19030772970290855
0.18448973514023237
0.18872381700202823
0.1870113774202764
0.19821383061935194
0.17774419317720458
0.18823749292641878
0.1767015403311234
0.1808645375422202
0.18572534300619736
0.17474422737723216
0.18575415064697154
0.17972484952770174
0.16811552055878565
0.1697686863481067
0.1962552949844394
0.1813844324206002
0.17999016924295574
0.1811675580975134
0.1667824456235394
0.19723340193741024
0.16343349899398163
0.18998441635631025
0.18264937022468075
0.18803990373271517
0.18816916568903252
0.18753089889651164
0.18338772808783688
0.17003117338754237
0.193145620462019
0.18053782268543728
0.17968780742376111
0.20446920741233043
0.18429955499595962
0.1974048607808072
0.18468551704427227
0.15633424039697275
0.17686728519038297
0.18526541531900875
0.19007698059431277
0.15360127767780796
0.1707806012709625
0.18686860482557677
0.19354369660140947
0.18843010687851347
0.1776273727300577
0.15934582112822682
0.16678959492128342
0.1789493895485066
0.18196507828542963
0.1909164214739576
0.1765006445639301
0.18351416918449104
0.1747179733356461
0.1919333734549582
0.20646368557936512
0.17738733161240816
0.1891877387824934
0.17820167023455724
0.18285134789766744
0.17349214482237585
0.1704920606862288
0.18725031617213972
0.1866565365344286
0.18476154582458548
0.17242099388386123
0.17821461556013674
0.1899821402039379
0.179194144817302
0.19309539149980992
0.16913483914686367
0.18193906440865248
0.17359770415350795
0.1894522332586348
0.16921378541155718
0.1580959994753357
0.18219534834497608
0.1707565096730832
0.16964170275605284
0.16720329571398906
0.17256863540387712
0.1780372766079381
0.16995598954963498
0.18618911952944472
0.17898959445301443
0.18887678161263466
0.1556304324476514
0.14867839682847261
0.1786639257625211
0.1690899992827326
0.18074920878279954
0.18144946175743826
0.1709428959293291
0.16255142868612893
0.1565879414556548
0.15855388742056675
0.19745653524296358
0.16702052898472175
0.17257376757333986
0.17636134970234707
0.16623337191413157
0.170692987536313
0.1748762069910299
0.19160404245485552
0.17585802401299588
0.1615912308334373
0.16980769677320495
0.16552394258906133
0.16016832416062243
0.18260178287164308
0.18451727862702683
0.16502681639394723
0.17865523378713988
0.15235644733184017
0.1674736610148102
0.18409984168829396
0.16675630904501304
0.1773187238140963
0.15165418881224468
0.16771389974746853
0.15794252333580516
0.17713301847106777
0.17779055784922093
0.16400865174364299
0.17791055497946218
0.17026667983736843
0.17628688993863761
0.1752255811006762
0.1908199540921487
0.16471590477158315
0.17167223477736115
0.16206290185800754
0.16451353899901733
0.16315031968406402
0.1778607675805688
0.15678567931172438
0.17677774812909774
0.1522714344318956
0.16501393503858708
0.15800756763201207
0.16747040714835748
0.16754711739486083
0.17380257169133984
0.1698103167291265
0.16601533436914906
0.1597898558829911
0.18680625790148042
0.16834138685953803
0.16722035032580607
0.16851512700668536
0.15926492563448846
0.1728528527310118
0.15587195102125406
0.17284416226902977
0.1551738374400884
0.16483745045843534
0.1649162526591681
0.1764487256295979
0.16194133952376433
0.16412370937177911
0.17804551296285354
0.16281497909221798
0.17131094657815993
0.17986465324065648
0.16177997778868303
0.165811345417751
0.19220052383025177
0.1516157516016392
0.16772758058505133
0.1688329502940178
0.15492371143773198
0.15477885832660832
0.16516736813355237
0.16497895171050914
0.17735134737449698
0.15582905447809026
0.1622949903830886
0.15559553159982897
0.1665932294272352
0.17720980924787
0.15907159863854758
0.1511208409210667
0.1749371670302935
0.1601270324899815
0.15941794801619835
0.16910526147694327
0.1965223561564926
0.1747460369078908
0.16619075278867967
0.16953833278967068
0.14012326765805483
0.1574987138446886
0.16544589810655452
0.17141364843701012
0.1566021729959175
0.1671983571141027
0.1580335626786109
0.16481104472768493
0.17544643726432696
0.15788724174490198
0.15889148268615827
0.1726649939082563
0.171387969981879
0.16302179294871166
0.1592239940946456
0.16373145527904853
0.14375419283169322
0.1751373130537104
0.15600871323840693
0.16252623638138175
0.1553530973906163
0.16065248174709268
0.15845475235255435
0.17026148058357649
0.17602219269610941
0.16281716970843263
0.14885399915510789
0.16667003734619357
0.15860552905360237
0.15241159903234802
0.1568986137281172
0.1652828352234792
0.1690224656194914
0.16158162473584525
0.17075445092632435
0.16409001435386017
0.15311087685404345
0.1687436193751637
0.1671873470186256
0.162302178068785
0.1677402539353352
0.15169939401675947
0.16071722927154042
0.17548953261575662
0.1607570585620124
0.16556031876825728
0.14874237711774185
0.16957512256340124
0.17131802468793467
0.15884975355584174
0.15329699800349772
0.1749458287958987
0.17905160911323037
0.16843808261910453
0.14435904688434675
0.14629453438101336
0.1670518878090661
0.1682971141708549
0.15803215201594867
0.17555962849291973
0.18245517631294206
0.17931330009014346
0.16911367015563883
0.16507564234780148
0.15948311559623107
0.16203952857176773
0.17932560757617466
0.14740944450022653
0.16483219154179096
0.17609791058930568
0.1738459229527507
0.14732661156449467
0.15736389128142036
0.1595920838881284
0.15744402274140157
0.19889022799907252
0.162283160520019
0.18939358199713752
0.15804203457082622
0.16305760818067938
0.1707551580911968
0.16038341994863003
0.1343347225629259
0.15321432857308537
0.172229478135705
0.16243017758824863
0.16466479853261262
0.15263662420329638
0.16272723581641912
0.16083541346597485
0.15271120186662301
0.16201970557449386
0.1724395772034768
0.15679610037477687
0.17646426672581583
0.17407575955439825
0.16931089691934176
0.1547986178775318
0.15474788076244295
0.16370418915175833
0.15080930170370266
0.16396604932378978
0.15170591796049848
0.15815217109047808
0.16722828580532223
0.16508537097251974
0.15769187957630493
0.17352953652152792
0.1574309780553449
0.16915994012379088
0.16817415473633446
0.16168573347385973
0.17529352291603573
0.15479568715090863
0.15888224117225036
0.16718225917429663
0.14745314928586595
0.15765230343095027
0.15371527601382695
0.16433180586318485
0.16080620596767403
0.17261541192419827
0.1579707437485922
0.14567625659401529
0.18479805430979468
0.15219438285566866
0.17615329596446827
0.16840266925282776
0.17091587925096974
0.1653050241584424
0.1484069194411859
0.1676533180871047
0.163712534296792
0.15843005059286952
0.16871407628059387
0.17632905949722044
0.17030762985814363
0.15947179289651103
0.16487637994578108
0.16676310831098817
0.17600227342336439
0.16390695323934779
0.16019736169255339
0.16435582615667954
0.15897005089209415
0.15948665898758918
0.16562397679081187
0.16796327097108588
0.1651885669270996
0.18798701144987717
0.15308933160849847
0.16634230039198883
0.1670728161407169
0.16721225887886249
0.15321768485591747
0.1815422378713265
0.1565349662269
0.16769444997771643
0.16027988243149593
0.17213560003438033
0.1769478203204926
0.15757903270423412
0.1594470699201338
0.1662615676468704
0.17417596632731147
0.16098360609612428
0.16606679471442476
0.1551282774307765
0.157384517689934
0.1577091766812373
0.15801964051206596
0.16632963868323714
0.1654529245570302
0.15863745665410534
0.16798001718416344
0.17997420995379798
0.15684259834233671
0.15551428543770407
0.15802756456408915
0.15705565644765462
0.18309391266483022
0.14075498051178736
0.1519501208965703
0.15579200453880265
0.16078470565202668
0.14618249569000222
0.169838760106817
0.17915198450365405
0.16074870614789602
0.15793642234497182
0.15578715479749394
0.16216965195700878
0.1516279160800412
0.15420812007597112
0.17660988752884188
0.1853346050841602
0.16299021851242057
0.16964067589110277
0.16617178145473396
0.14953915119229808
0.16568422484702952
0.15820757003398392
0.14478974070722664
0.15102543112799877
0.179021513690864
0.15855827678258963
0.1702409692284629
0.17109942890879676
0.16423873990539492
0.1640155345905484
0.1555090521088266
0.17487195480292236
0.17275279264633112
0.16604622133721517
0.17815023431862434
0.1688252818866039
0.16792342814756192
0.174774345274516
0.175181439131733
0.16193264162563903
0.16968129422720962
0.17596971988677979
0.15775987197916339
0.17343993394041624
0.16163688167694987
0.1750847547073064
0.17346974738000884
0.15828901209582494
0.15932964935429453
0.17470103147344326
0.16469691374053166
0.1683801362129647
0.15921753724142323
0.17957529258422963
0.1746155184026309
0.1736151561375678
0.16742932840477764
0.1679422744791808
0.16159243620638772
0.17552844817772156
0.16154974631554497
0.152151080948396
0.16199978757796324
0.1484270951761974
0.17892698606285523
0.16373215222687232
0.17197250739091963
0.15906395510895047
0.16794067591898085
0.16206373951918496
0.16041422336120306
0.16169241325944428
0.1670546851700216
0.16729264691706716
0.16335559821152312
0.17473621021105548
0.15797892450464993
0.1547868922646121
0.16675577761502716
0.167027606298839
0.18256824724669532
0.15884776621704966
0.1675544814096661
0.16259960651280372
0.14698621067475146
0.1769632669532393
0.16951816109573747
0.16278801870158338
0.16100335112354885
0.1644918734398414
0.17734197204507243
0.16236992582209467
0.1591044487211648
0.1704408714151758
0.16617817179424557
0.1697036883845104
0.1674621507642776
0.17564328000184118
0.1615393538116001
0.16651805296657593
0.15124487624628338
0.1803682714583367
0.17096973841232577
0.16100025740195448
