0.31991610836121254
0.25845248269615695
0.32105342973954976
0.36950273026013747
0.32525815413100645
0.3414231102797203
0.3065908584976569
0.3074164041900076
0.3147175887133926
0.2921684478642419
0.28667926538037136
0.29044674179749563
0.29463346558623016
0.32164766651112586
0.31188097689300776
0.3363258219906129
0.3715589856146835
0.3543933726614341
0.3458473635255359
0.32548393722390756
0.3856287907692604
0.32323781546438113
0.3309988141991198
0.31220348773058504
0.32912755449069664
0.2938990780385211
0.3263197691994719
0.33198140241438523
0.30292340501910076
0.29955655051162466
0.300948362913914
0.34915051527787
0.3214636602788232
0.337399122887291
0.3384546135785058
0.3485943785053678
0.32085654011461884
0.30532642296748236
0.36479828937444836
0.36894784471951425
0.3631361227016896
0.3781833677785471
0.3415396431228146
0.38317258935421705
0.378090348909609
0.35939836618490517
0.33610454644076526
0.4100765303010121
0.3856081699486822
0.3750753707718104
0.3694019071990624
0.42799666756764054
0.41233309323433787
0.38460602692794055
0.42500617529731244
0.4202783154323697
0.4136487948708236
0.4117174572311342
0.41510997025761753
0.3928532463032752
0.41493530257139355
0.4315751666435972
0.4199762059142813
0.4582176936091855
0.41799348953645676
0.3998022648738697
0.4042474143207073
0.43261461867950857
0.426095500937663
0.4336354364641011
0.44004768144804984
0.4426504337461665
0.4212580668972805
0.4323864409234375
0.4646611411590129
0.44664265494793653
0.43731977383140475
0.4258962613530457
0.46540783112868667
0.44051250081975013
0.4458586716791615
0.4434807994402945
0.44874763838015497
0.4566069666761905
0.4551595257362351
0.459561123047024
0.48841739050112665
0.447797842673026
0.4794349414296448
0.5023032252211124
0.5158517711097375
0.4693002188578248
0.47911322535946965
0.4649202923756093
0.4536513357888907
0.471540515543893
0.47211343969684094
0.4666304466081783
0.46094527398236096
0.422045364510268
0.4576306027593091
0.46987517119850963
0.44306678185239434
0.44926529994700104
0.49184168549254537
0.4699605240020901
0.46643907204270363
0.4544081686763093
0.4655726164346561
0.42335090215783566
0.4251731106778607
0.47788842930458486
0.5018226463580504
0.497796114301309
0.4767724061384797
0.47465881088282913
0.43612864846363664
0.4497744560940191
0.4573850443121046
0.46070763329043984
0.45948954415507615
0.46378393447957933
0.4605652942555025
0.5011671602260321
0.46727271226700395
0.48242201190441847
0.42538077919743955
0.44287262321449816
0.45324259356129915
0.44185854925308377
0.42018503905273974
0.4518427833681926
0.4473215964389965
0.4608505996875465
0.4723322291392833
0.46006260614376515
0.4808181788539514
0.46550350240431726
0.46475412196014076
0.4546392522752285
0.47928701620548964
0.49291471380274743
0.4678282632958144
0.4621344587067142
0.4502196320099756
0.43396459985524416
0.4985209050355479
0.48067997535690665
0.43037378147710115
0.4687587176449597
0.4151727141579613
0.4417022932320833
0.4524940348928794
0.4517022392246872
0.463645622250624
0.435832362389192
0.41625032387673855
0.4621778669534251
0.44707011454738677
0.49120885494630784
0.43822248838841915
0.43136719265021384
0.4448062052251771
0.46585728880017996
0.41997775132767856
0.42332333885133266
0.4598720734938979
0.43719901551958174
0.4582155398093164
0.44146772695239633
0.4644487116020173
0.47387128695845604
0.4231109041720629
0.44799959810916334
0.4337440080707893
0.4453981537371874
0.3768174796132371
0.43548792821820825
0.41360896709375083
0.38344918069196865
0.4143989651929587
0.42766885575838387
0.41090404556598514
0.4076864873059094
0.40364442474674433
0.3916164531838149
0.4051341391168535
0.4136152749415487
0.38958191144047305
0.38846705248579383
0.3678559510735795
0.4158755277749151
0.4123273902805522
0.41324158560018986
0.3956099635688588
0.4088767693610862
0.3966739649185911
0.4236363605596125
0.38306536013260484
0.3995516535360366
0.38383222569245845
0.3823068701312877
0.4187601088779047
0.37756848987191916
0.40819796663708985
0.43555188248865306
0.3951096888631582
0.38951508118771017
0.3790056880679913
0.40444562025368214
0.3907536711776629
0.37834569753613323
0.38996735448017716
0.362769820028916
0.364146011415869
0.37831391114741564
0.37609105015872046
0.3311236092704348
0.4075283883139491
0.3795675919391215
0.37700195412617177
0.3905213645193726
0.3959191411267966
0.3612366960151121
0.3761753330472857
0.3631269974866882
0.3825016056653112
0.3672115528024733
0.34147118445253
0.3533839175943285
0.35439908265834674
0.37345592165365815
0.34662774414755404
0.37066765420604497
0.3327406801399775
0.3479262408800423
0.32540460827294737
0.33111869799904525
0.34972815844230354
0.34978767536813393
0.3452810731250793
0.36340861505595967
0.34586866991594434
0.35706966277211905
0.3592174492077902
0.3623314107535407
0.36110575136262923
0.3589546624571085
0.3540767108788714
0.32174608862260357
0.3361503554042429
0.3117457530461252
0.3370562365744263
0.30985730566317216
0.2987271925667301
0.31799891346599907
0.31604295049328357
0.32509697711793706
0.3206438014167361
0.29506923392182216
0.28090698120649904
0.2978074621059932
0.3039198729675263
0.32481627305969596
0.3173970454954542
0.31451093492796645
0.27277409727685153
0.30327146855415776
0.27696255658520386
0.31370781583245844
0.29179205978289247
0.29547582648228854
0.3172977394424379
0.28929110075114295
0.3204588106018491
0.30232602916657925
0.2814127181773074
0.2993581964983605
0.2913637259043753
0.3071700347936712
0.2735687561798841
0.28861529316054657
0.2824428176973015
0.2893477028119378
0.3017801856040023
0.2942819842719473
0.29739271284779534
0.29179260338423774
0.2914172884193249
0.31154171336675063
0.3085075162816793
0.2917521280469373
0.29662738303886726
0.2807749445200898
0.2936662184074521
0.30177233670838177
0.28089489560807124
0.2789381236070767
0.26019102468853816
0.289906355261337
0.27122481435071677
0.2754713002941571
0.265873157302849
0.26354076410643756
0.2777488104766235
0.28955228929407895
0.2598581693600863
0.2702329761814326
0.24518917431123555
0.26591079047648236
0.26745501923142
0.25703749200329185
0.27861998073058203
0.2784849507152103
0.2768130804761313
0.2751855436945334
0.23720247083110735
0.2671901751309633
0.2426237788167782
0.2553334320546128
0.2646860664826818
0.262315965956077
0.2612007209681906
0.23226964159402996
0.2614088992122561
0.2723458504769951
0.25173252588137984
0.24490060459356755
0.25213966466253623
0.2576868673786521
0.27281855198089033
0.26772174175130203
0.25683601829223335
0.28440029761986807
0.2579212604323402
0.25259598856791854
0.2653398305992596
0.23999587330035865
0.25671093410346657
0.2543851237860508
0.251483368803747
0.26309253548970446
0.2472241090144962
0.2738236382137984
0.2640487770549953
0.25826972268987447
0.23866388469468802
0.24502814112929627
0.2487803745898418
0.22975064965430647
0.24792675982462242
0.27545415598433465
0.2620556195033714
0.24355623126029968
0.2615784755325876
0.2562946828547865
0.2446078690700233
0.2296902144444175
0.2496522877481766
0.262618686305359
0.24326167907565832
0.2511811826261692
0.24134290899382904
0.259116334549617
0.22575290349777788
0.23653571226168424
0.23664724582340568
0.2683051867643371
0.2365468408097513
0.24073720822343603
0.25715520285302773
0.23970517981797457
0.2300372786121443
0.2392585858469829
0.25006321573164314
0.22700605291174725
0.23330672818701714
0.2623166594421491
0.22380695713218302
0.23775178275536746
0.2408371343044564
0.24150173511588946
0.23696265637408942
0.24861128185875714
0.2420415467931889
0.22725673310924321
0.23694062849972397
0.24487500166287646
0.24725970620056614
0.2429315663757734
0.25022088579135016
0.25497198809171095
0.21696859749499708
0.2320510441204533
0.2489553553168662
0.23042555269785225
0.23384388606064022
0.20953413745155558
0.2408350381301716
0.23458939453121275
0.24744065466802567
0.2194675286009442
0.243106635985896
0.2568663280690089
0.2407039800309576
0.2428379128105007
0.23032217484433204
0.2547101181698963
0.22328687630943023
0.24306117402738892
0.2416793096344918
0.2383320300723426
0.23579421441536397
0.23534172918880358
0.2062717184307985
0.24039374780841172
0.21901083673583344
0.22800050891237333
0.20610635710181668
0.23314944742014632
0.22697978233918548
0.2121553629403934
0.22049209789838642
0.21235189304570667
0.22122737020254135
0.23536714998772368
0.22296001546783373
0.23841179045848548
0.2256199019611813
0.2427950561977923
0.21796943893423304
0.2240887161460705
0.23042870574863628
0.21755885501625016
0.20945066725835204
0.22418410034151748
0.2351283068419434
0.20213195378892124
0.259408725250978
0.2045718253357336
0.21922429255209863
0.2329957191250287
0.20923193148337305
0.22341877198778093
0.23041755828307942
0.23531865869881585
0.2159368188586086
0.22149191342759877
0.22085034963674843
0.24296913979924284
0.20266052454826422
0.203226171026472
0.2327676642453298
0.24034143838798627
0.20606288165436126
0.24040162656456232
0.21039608237333596
0.21981369316927157
0.21536938846111298
0.23119637882336974
0.21307887171860784
0.2185126391123049
0.22803418833063915
0.2199780395021662
0.22017331136157736
0.24344788485905156
0.25021837040549144
0.2087492732098326
0.21461298724170774
0.21841093472903594
0.24431645809090696
0.21889817871851847
0.23243228456703946
0.22718844172777608
0.22617603448452428
0.22153950884239748
0.26278098713373765
0.22758531698491424
0.19544813560787588
0.21787433756981045
0.2247700360021554
0.2269878094084561
0.2195634447853081
0.22050953801954165
0.21865794245968573
0.22619824606226757
0.23171612509759143
0.22691627315361984
0.21867121680406854
0.20891502173617482
0.21078682917868719
0.20161483247647993
0.19881089986301959
0.2150287042313721
0.22008780550095253
0.21586465858854353
0.23258457763586193
0.2358774802123662
0.21316194863175042
0.2380293500609696
0.2124453881115187
0.23169525584671646
0.21669352345634252
0.21400484582409263
0.2149150745535735
0.21053348036366515
0.20291509194066748
0.2143398181651719
0.22771338350139558
0.2110354030446615
0.23344486992573366
0.23172077102935873
0.22173570565064438
0.2456437268119771
0.23316415181034245
0.22723246342502534
0.23269567859824747
0.2514089171017986
0.2370888497971464
0.25474690861301497
0.2509550370159559
0.2143214248062577
0.24890421744203195
0.23033069382654503
0.21652695900411345
0.22776860580779612
0.22839272223063745
0.24308146236580797
0.24388047264073975
0.23413609026465565
0.24262415728298947
0.21803572578937747
0.23366159814759158
0.24457757628988475
0.21531155522097833
0.250661365367705
0.22027904682909139
0.24170044908532873
0.23620034972555004
0.24512292625149712
0.2145246071740985
0.2510781781747937
0.2372849558305461
0.25315694184973836
0.22992849780712277
0.2167203594581224
0.23630889982450753
0.2228374954429455
0.21617185793002136
0.20772921122261323
0.2286185230477713
0.23320786163094454
0.23120030370773748
0.20893940888345242
0.23519366641994566
0.22048375546000898
0.2188422370236367
0.22649171249940991
0.22923694559722207
0.22869557153899223
0.2116520047711674
0.24923579854657874
0.24354954194859602
0.2123662076483015
0.2321268983941991
0.2102507669478655
0.22509036801056936
0.22642449056729674
0.2244226458715275
0.23086879268521443
0.2505391561135184
0.2230957654537633
0.2410542955622077
0.20694856872432865
0.2090021290932782
0.21886636424460448
0.22358633595285937
0.21192697022343054
0.21854359924327582
0.2156517609837465
0.21754514196072705
0.21567660386790521
0.20634973936830647
0.21232415834674612
0.2304519632307347
0.21415109594818205
0.20898923859931529
0.21286501229042187
0.19555786208366044
0.21622113324701786
0.21616665605688468
0.2105400789878331
0.23391609906684607
0.21146239520749077
0.19953388144494966
0.21320082916645333
0.22970109659945592
0.21645288966828957
0.21882945226388983
0.22463894868269563
0.2154732199269347
0.2059223706019111
0.22420307440916076
0.20734983854345046
0.19765309657668695
0.21535601816140115
0.20594978393637575
0.22625852731289342
0.21933105774223804
0.19979746133321896
0.20099809172097594
0.2090073361468967
0.22653097039437853
0.21799992443993688
0.2343622089829296
0.21344392537139356
0.22024404193507507
0.21617333416361362
0.22328003085567616
0.21487600254477002
0.20713667967356741
0.21087920654099435
0.2017224676674232
0.21985631322604604
0.21299984329380095
0.22067943410365842
0.220127319538733
0.20839567389339209
0.22612498645321466
0.2125480828108266
0.2218176410824526
0.21760164966690354
0.21574518491979688
0.22411364607978612
0.22897585239843465
0.23832408894668333
0.23212940624216571
0.21071963568101637
0.20832094259094447
0.21989120126818307
0.22754908056231216
0.22684272285550833
0.22259000191115774
0.25112946197623387
0.23281472007511184
0.22293495063786395
0.24569315163535066
0.19528378863469698
0.21703488621278666
0.21687917489907704
0.2233638034085743
0.22046511061489582
0.21991113005788065
0.21078231863793917
0.24393180949846283
0.20968677231576294
0.23146567615913227
0.21544995991280302
0.21036743905278854
0.23317912346101366
0.21920675996807404
0.2114161039935425
0.22359511427930556
0.18841659638565034
0.23887898231623694
0.25096352747641504
0.23052341819857247
0.2317101848893799
0.21811779343988746
0.2298937282175757
0.2206064660276752
0.21399611319066025
0.23280222338507883
0.2533102835295722
0.22819760773563758
0.20765524671878666
0.22529305002535693
0.24270675159641542
0.23224686124012806
0.23562995792599395
0.22408617459586821
0.2488215384655632
0.21719780354760587
0.2333400053321384
0.2412479007616639
0.22188077366445214
0.2297720733040478
0.23736549660679884
0.22444614488631487
0.25445558832143433
0.2259512260206975
0.2468092169438023
0.22811690933303908
0.23051025994936936
0.20224270271137357
0.21661704752477817
0.23156377108534798
0.25342263968195766
0.22690350987249985
0.23978301661554724
0.23221349532832392
0.2532031320442911
0.23800038275658153
0.25084949142183177
0.2359618698246777
0.23454797721933573
0.2589257564977743
0.246069385408191
0.2117517869337462
0.26032900635618716
0.22520271126995794
0.2534564869420137
0.23786635225405917
0.21235124266240746
0.2216238051187247
0.23847193983965553
0.22471397661138326
0.23159364762250334
0.2240724805451464
0.26085931781562977
0.2407219065062236
0.23690500608063303
0.22157823111047037
0.26488346635596827
0.22943124567973427
0.24757068222970702
0.23508955046418123
0.2568492499704007
0.233959323290037
0.2339026869740337
0.24921174164046533
0.23795697005698457
0.24062769243028015
0.22807255128282122
0.23478714117663912
0.24481769066187553
0.2592999460466672
0.23514944780617952
0.2309255572326947
0.24410236612311564
0.2543830171634909
0.24103575077606365
0.2837670199223794
0.2516888758109417
0.25468540235306136
0.24141000662348233
0.23999413463752717
0.24860022947541438
0.2653725260752253
0.2591489769110922
0.24934310614480637
0.23561480065109208
0.2500112517736852
0.24586032770457678
0.254110490786843
0.28396534005878493
0.2578384548833128
0.20298339775763452
0.2424057541647926
0.27529395135934465
0.24779358200612478
0.252428238542052
0.2647702423273586
0.25172944576479495
0.2665432176727336
0.2485091111739166
0.27549393562367186
0.2391203165461775
0.2560344685916789
0.23246383055811748
0.24682182326796465
0.24673768936190754
0.2828770883206744
0.25144033023389056
0.2677340301743243
0.2694603454147
0.27796812361339107
0.2965640560723841
0.23023006616858765
0.230868678947445
0.24781422497471794
0.23178885868401267
0.2575769996037707
0.26293935807188973
0.2309955884120427
0.2570591053518001
0.2650623959780205
0.26346626054146327
0.24083056571544148
0.24888031286536716
0.26018957179621793
0.24928848168929107
0.25243502532248385
0.27775172831024975
0.26460464802221395
0.2710374671733007
0.2411766795848962
0.2574099913035752
0.2606505375006236
0.25378965894924477
0.2650711219175719
0.25609707250259817
0.24916573404334486
0.23892426906968467
0.2600436675711535
0.26141309808008373
0.25110343081178144
0.23884325646213256
0.24715603879303671
0.27474319958128035
0.2468544825387653
0.26482559012947604
0.2518626046658028
0.2540640758234076
0.23733996209921315
0.26003082710667513
0.25316045925137587
0.24420379690127447
0.25828179239761084
0.24733095252304338
0.24420089047634974
0.25347789737861603
0.2467960198118817
0.26457461615791544
0.24190645120688714
0.25869932398200035
0.24040994202368893
0.2452084936085157
0.24732272679102607
0.24657268868759274
0.28870797203853726
0.24608074960997328
0.2627158213581424
0.23986481013707817
0.26917450997279957
0.2809582610207144
0.2664354173175525
0.24200532131362706
0.2483205595635809
0.24759515601908788
0.2499157736019697
0.2358241393812932
0.266593490698142
0.2363581561949104
0.2498167454614304
0.2559067099355161
0.2614888912648894
0.24177473958116025
0.2609729105315637
0.26155829141498543
0.2540939656610135
0.2587701224547345
0.24272730297525413
0.22686131202499382
0.21157068901811726
0.2824760935327504
0.26485475289518945
0.27349639660678804
0.2661416945338715
0.25001343933399767
0.24707712561939843
0.25310402948525734
0.2402338938554749
0.2535735711862799
0.2251766959670931
0.26648664390086196
0.24792269087629393
0.25372071855235845
0.24379293981473893
0.27228845047648065
0.24962696473812684
0.24964273665682413
0.26488973762025125
0.22844447911484167
0.26395420424523763
0.2542480322881602
0.2507140845118556
0.24956902404665016
0.26772485487163067
0.24996439422830008
0.240240214538062
0.2615379636408761
0.2671847498859279
0.22772494395030662
0.2567276006739121
0.23747094700229354
0.2651534989126958
0.2653957105940208
0.23603392142103985
0.2617407734214794
0.26479042795835994
0.25900003127753735
0.23315119615290314
0.25514772298629396
0.2541856722382363
0.25621167683857493
0.2465781882056035
0.25456600851612166
0.24338822302524932
0.24035230913432315
0.2514456931967288
0.22772098425775766
0.2536819648812525
0.2526171619829256
0.27595705131534487
0.2874123314395547
0.27049504686146975
0.24948043041513301
0.2609836986521259
0.2577006137871649
0.24669158121105283
0.2800263356475625
0.22606754666776396
0.2430272609635722
0.23632113481289707
0.25985390815185383
0.2605087456176989
0.27043903211597353
0.27498029492562637
0.26351038794382475
0.27842957896064036
0.24393116365536116
0.26872078998712823
0.2619393552013207
0.27016329564503394
0.28099938525701873
0.25635962962405756
0.24747423775261268
0.24737183446995914
0.2357227583997883
0.27157291091862135
0.2867656279995572
0.26080761331832036
0.2534355415846221
0.2567761965910904
0.2421327861084137
0.28826415800722316
0.26664309191983193
0.2535612367646536
0.26300579047529027
0.27169324486749247
0.2586095968144946
0.26794563364819624
0.2545008317101747
0.2565474490984343
0.2583676746871788
0.24284578747756314
0.2732125539332628
0.24795695208013058
0.25851343470276333
0.26514969585696235
0.2540977696189657
0.25382972657098435
0.27428938684170134
0.2741643469198607
0.260530712956097
0.2637319865170866
0.23877914107288234
0.2590867570252158
0.2677226461819373
0.2520161283609923
0.2433317401446402
0.2575815703603439
0.2503156153834425
0.2622495008108672
0.2420693477615714
0.2647204701497685
0.24927272941567935
0.24566193402279168
0.2622730614093598
0.2529618399858009
0.24065591249382123
0.25681897928006947
0.25587682012701407
0.271052358293673
0.2515356960648205
0.2523530444887001
0.26266567094717175
0.23623656641575508
0.24158613046165556
0.2672077933966648
0.2631910713389516
0.2618202632002067
0.23353779851458967
0.22913777592475526
0.2630462920933496
0.2307808305195067
0.23700785016990267
0.26128467671514954
0.2547377422743011
0.24617570560076274
0.25628552865237
0.25648360507329926
0.2722677517012926
0.2645966450218111
0.2328034272941295
0.25195864847046323
0.23751483962405473
0.2360086764965672
0.24048819762538187
0.2429525139159523
0.23779766520601697
0.23977595794713125
0.23920127790188417
0.2638629450229928
0.24457760210498236
0.26518431563454214
0.26900354004465044
0.25566642318153754
0.24945773484068923
0.2372813276888337
0.24667079278151505
0.28238391916966066
0.2568003777996637
0.2436562662187498
0.26533117127837613
0.23753335812943988
0.24269334325799718
0.2460145837685559
0.21742727945093066
0.2340516679250868
0.24695565152796917
0.24630858292221092
0.2414648975536693
0.2545481463894248
0.24068911270296667
0.24271076018339954
0.2480357760505285
0.24465337200672366
0.22864290920551866
0.261807731265435
0.23956876434385777
0.2646963986044284
0.25390117525239475
0.23440950413350947
0.24581432322156616
0.2490410395548679
0.23995041431044228
0.25423388212220743
0.23858600345556624
0.24817107210401446
0.2601948279479984
0.2271410557150375
0.2296849490085151
0.2633650683274027
0.24520396141451783
0.26253090679529123
0.2459575517277699
0.2322452511289157
0.23339690754073672
0.2746749605576042
0.24142405961174518
0.24586349487071857
0.2535087974538328
0.24366141212522052
0.2579000717087183
0.22153137854184024
0.2608127966232132
0.22618199075805023
0.23746699986804742
0.24038733696215786
0.2408220761863049
0.25195552152581513
0.24942371450015344
0.2502861395769287
0.23329929719329812
0.25214538199361414
0.2401588603388518
0.2607999887841288
0.2442463009210769
0.2395149327494437
0.22998335308511741
0.2302621889684815
0.23929235700052232
0.2321431501477491
0.2277266407618299
0.2277868367091287
0.24025212755077519
0.23616052212310024
0.22992765705566853
0.27291003850405104
0.2270827922184253
0.2332051447010599
0.2579519334540237
0.22557984846935142
0.24011060100747272
0.24958385661011562
0.23486158171726856
0.25444204139057547
0.2529787020175718
0.25732282586977817
0.26630563335493207
0.23442871071165428
0.24665070802439004
0.22452283359598368
0.23095566034317017
0.2224967204092536
0.23623385682003573
0.2224042664456647
0.23654495185473934
0.22374147528898902
0.2578186515602283
0.24157293693860993
0.2270106868527364
0.24142397116520442
0.22387158556375653
0.24833262190804817
0.2417107844084967
0.2485950661066454
0.23122427362250164
0.2376083892886527
0.2500153428700287
0.2551117410766892
0.251666959724389
0.23732739832485095
0.2433582468656823
0.2282109748921357
0.24457850796170533
0.24372441309969872
0.25592283022706397
0.23029553728702012
0.2210920705110766
0.24834664462832734
0.23111357842572033
0.2454184741661774
0.23034068833537927
0.26162726138755094
0.2353649605798909
0.2504899313776042
0.25258499351660096
0.24077043171942702
0.25423513819265553
0.23004934086105017
0.22970496490597725
0.2518505388650838
0.23222996925157824
0.25717196986079216
0.25382253023113793
0.23402949252466518
0.23353670876267857
0.24827239404278478
0.24975272930982545
0.22109399287132767
0.22536509706983415
0.22690132298455465
0.24764500218113578
0.24069006171986812
0.24446372136356323
0.24457704267046582
0.23591482545447162
0.25407742700121533
0.2475360164668147
0.23506749427224707
0.2578515478182496
0.22668083449165652
0.21719020910150422
0.22652047775744452
0.24785337993127154
0.21437114392091908
0.2306347174320634
0.223629748522062
